%time,field.dynamixel_state0.name,field.dynamixel_state0.id,field.dynamixel_state0.present_position,field.dynamixel_state0.present_velocity,field.dynamixel_state0.present_current
1599990664522380654,one,1,-10015,0,-1
1599990664554205340,one,1,-10015,0,-1
1599990664618198280,one,1,-10017,0,-1
1599990664650054762,one,1,-10017,0,-1
1599990664714067686,one,1,-10015,0,-1
1599990664745949711,one,1,-10015,0,-1
1599990664810056766,one,1,-10017,0,-1
1599990664874049171,one,1,-10015,0,-1
1599990664906063562,one,1,-10017,0,-1
1599990664969976932,one,1,-10017,0,-1
1599990665001932050,one,1,-10015,0,-1
1599990665066210392,one,1,-10015,0,-1
1599990665098001944,one,1,-10017,0,-1
1599990665161982098,one,1,-10015,0,-1
1599990665193924708,one,1,-10015,0,-1
1599990665257967865,one,1,-10017,0,-1
1599990665322023983,one,1,-10015,0,-1
1599990665353552171,one,1,-10015,0,-1
1599990665417955656,one,1,-10017,0,-1
1599990665449987207,one,1,-10015,0,-1
1599990665514001681,one,1,-10015,0,-1
1599990665546059721,one,1,-10015,0,-1
1599990665610043504,one,1,-10017,0,-1
1599990665674021951,one,1,-10017,0,-1
1599990665705952582,one,1,-10017,0,-1
1599990665769843743,one,1,-10015,0,-1
1599990665801936092,one,1,-10017,0,-1
1599990665866026896,one,1,-10017,0,-1
1599990665897995441,one,1,-10017,0,-1
1599990665962019709,one,1,-10017,0,-1
1599990665993977668,one,1,-10017,0,-1
1599990666058002133,one,1,-10017,0,-1
1599990666121896689,one,1,-10015,0,-1
1599990666154005048,one,1,-10017,0,-1
1599990666217896867,one,1,-10017,0,-1
1599990666249753145,one,1,-10015,0,-1
1599990666313655857,one,1,-10017,0,-1
1599990666345569665,one,1,-10015,0,-1
1599990666410230797,one,1,-10017,0,-1
1599990666473932012,one,1,-10017,0,-1
1599990666505871614,one,1,-10017,0,-1
1599990666569988470,one,1,-10017,0,-1
1599990666601779571,one,1,-10015,0,-1
1599990666666059627,one,1,-10015,0,-1
1599990666697810358,one,1,-10017,0,-1
1599990666761881215,one,1,-10017,0,-1
1599990666793925012,one,1,-10015,0,-1
1599990666858010147,one,1,-10015,0,-1
1599990666921952265,one,1,-10015,0,-1
1599990666953850209,one,1,-10015,0,-1
1599990667017923872,one,1,-10015,0,-1
1599990667050014043,one,1,-10015,0,-1
1599990667113922444,one,1,-10015,0,-1
1599990667145802245,one,1,-10015,0,-1
1599990667209931323,one,1,-10015,0,-1
1599990667273434581,one,1,-10017,0,-1
1599990667305469802,one,1,-10015,0,-1
1599990667370014164,one,1,-10017,0,-1
1599990667401559043,one,1,-10015,0,-1
1599990667465517605,one,1,-10017,0,-1
1599990667497762318,one,1,-10015,0,5
1599990667564089409,one,1,-10003,6,4
1599990667593641049,one,1,-9991,14,2
1599990667657710657,one,1,-9962,25,0
1599990667721892644,one,1,-9930,29,0
1599990667753729856,one,1,-9914,30,0
1599990667817834548,one,1,-9879,32,0
1599990667849753228,one,1,-9862,32,0
1599990667913802182,one,1,-9828,32,0
1599990667945842628,one,1,-9809,32,0
1599990668009758407,one,1,-9774,32,0
1599990668073805828,one,1,-9740,33,0
1599990668105691308,one,1,-9723,33,0
1599990668169685640,one,1,-9688,33,0
1599990668201750994,one,1,-9671,33,0
1599990668266014316,one,1,-9638,33,0
1599990668297689898,one,1,-9619,33,0
1599990668361777330,one,1,-9585,33,0
1599990668393897044,one,1,-9568,33,0
1599990668457679503,one,1,-9532,33,0
1599990668521845722,one,1,-9498,33,0
1599990668553897836,one,1,-9481,33,0
1599990668617761363,one,1,-9447,33,0
1599990668649661758,one,1,-9431,33,0
1599990668713835949,one,1,-9397,33,0
1599990668745746239,one,1,-9380,33,0
1599990668809676547,one,1,-9348,33,0
1599990668873598032,one,1,-9313,33,0
1599990668905731091,one,1,-9297,33,0
1599990668971430093,one,1,-9263,33,0
1599990669001319409,one,1,-9246,33,0
1599990669065665344,one,1,-9212,33,0
1599990669097670117,one,1,-9195,33,0
1599990669162017926,one,1,-9162,33,0
1599990669193781082,one,1,-9144,33,0
1599990669257681750,one,1,-9110,33,0
1599990669321703921,one,1,-9076,33,0
1599990669353708496,one,1,-9059,33,0
1599990669417639018,one,1,-9027,33,0
1599990669449667628,one,1,-9009,33,0
1599990669513712356,one,1,-8976,33,0
1599990669545645657,one,1,-8960,33,0
1599990669609705941,one,1,-8926,33,0
1599990669673527165,one,1,-8892,33,0
1599990669705644174,one,1,-8876,33,0
1599990669769698645,one,1,-8841,33,0
1599990669801731007,one,1,-8825,33,0
1599990669865574621,one,1,-8791,33,0
1599990669897627084,one,1,-8773,33,0
1599990669961737512,one,1,-8739,33,0
1599990669993663323,one,1,-8722,33,0
1599990670057620718,one,1,-8687,33,0
1599990670121578900,one,1,-8653,33,0
1599990670153596104,one,1,-8636,33,0
1599990670217612017,one,1,-8601,33,0
1599990670249831390,one,1,-8585,33,0
1599990670313629035,one,1,-8550,33,0
1599990670345448483,one,1,-8533,33,0
1599990670409715344,one,1,-8499,33,0
1599990670473169517,one,1,-8466,33,0
1599990670505321592,one,1,-8448,33,0
1599990670569623559,one,1,-8413,33,0
1599990670601670008,one,1,-8395,33,0
1599990670665987535,one,1,-8358,34,0
1599990670697641472,one,1,-8339,34,0
1599990670761697000,one,1,-8303,35,0
1599990670793599354,one,1,-8284,35,0
1599990670857553003,one,1,-8247,35,0
1599990670921617612,one,1,-8207,35,0
1599990670953398504,one,1,-8188,35,0
1599990671017074558,one,1,-8151,35,0
1599990671049019827,one,1,-8132,36,0
1599990671113549663,one,1,-8095,36,0
1599990671145626404,one,1,-8077,36,0
1599990671209568787,one,1,-8039,36,0
1599990671273602054,one,1,-8004,36,0
1599990671305555146,one,1,-7985,36,0
1599990671369436264,one,1,-7948,36,0
1599990671401408001,one,1,-7929,36,0
1599990671465459854,one,1,-7892,36,0
1599990671497379433,one,1,-7874,36,0
1599990671562526458,one,1,-7838,36,0
1599990671593675015,one,1,-7819,36,0
1599990671657405858,one,1,-7783,36,0
1599990671721398526,one,1,-7747,36,0
1599990671753604691,one,1,-7728,35,0
1599990671817190857,one,1,-7691,35,0
1599990671849582495,one,1,-7673,35,0
1599990671913409247,one,1,-7634,36,0
1599990671945260837,one,1,-7616,36,0
1599990672009466562,one,1,-7579,36,0
1599990672073465964,one,1,-7542,36,0
1599990672105504756,one,1,-7523,36,0
1599990672169486814,one,1,-7486,36,0
1599990672201492941,one,1,-7467,36,0
1599990672265466685,one,1,-7431,36,0
1599990672297345725,one,1,-7412,36,0
1599990672361345899,one,1,-7375,36,0
1599990672393647424,one,1,-7356,36,0
1599990672457443354,one,1,-7319,36,0
1599990672521442458,one,1,-7283,36,0
1599990672553333272,one,1,-7265,36,0
1599990672617432926,one,1,-7229,36,0
1599990672649361961,one,1,-7210,36,0
1599990672713406529,one,1,-7174,35,0
1599990672745350978,one,1,-7155,35,0
1599990672809483258,one,1,-7118,35,0
1599990672873416991,one,1,-7080,36,0
1599990672905399144,one,1,-7063,36,0
1599990672969396470,one,1,-7026,36,0
1599990673001294578,one,1,-7008,35,0
1599990673065366214,one,1,-6971,35,0
1599990673097279079,one,1,-6953,35,0
1599990673161228870,one,1,-6916,35,0
1599990673193626556,one,1,-6898,35,0
1599990673257380049,one,1,-6861,35,0
1599990673321361677,one,1,-6824,35,0
1599990673353293933,one,1,-6806,35,0
1599990673417373324,one,1,-6769,35,0
1599990673448874754,one,1,-6751,35,0
1599990673513420596,one,1,-6715,35,0
1599990673545273572,one,1,-6699,33,0
1599990673609390181,one,1,-6669,30,0
1599990673673319293,one,1,-6641,28,0
1599990673705316761,one,1,-6627,28,0
1599990673769421350,one,1,-6599,27,0
1599990673801312153,one,1,-6585,27,0
1599990673865320217,one,1,-6556,27,0
1599990673897221869,one,1,-6541,27,0
1599990673961690523,one,1,-6514,27,0
1599990673993918835,one,1,-6499,27,0
1599990674057252269,one,1,-6471,27,0
1599990674121265667,one,1,-6443,27,0
1599990674153195248,one,1,-6429,27,0
1599990674217178870,one,1,-6401,27,0
1599990674249342406,one,1,-6387,27,0
1599990674313248288,one,1,-6359,27,0
1599990674345153651,one,1,-6345,27,0
1599990674409205211,one,1,-6317,27,0
1599990674473305105,one,1,-6288,27,0
1599990674505302986,one,1,-6274,27,0
1599990674569284542,one,1,-6245,27,0
1599990674601269483,one,1,-6233,27,0
1599990674665289307,one,1,-6205,27,0
1599990674696998228,one,1,-6191,27,0
1599990674761397227,one,1,-6163,27,0
1599990674795582165,one,1,-6149,27,0
1599990674857170802,one,1,-6122,27,0
1599990674921285116,one,1,-6094,27,0
1599990674953242512,one,1,-6079,27,0
1599990675017238010,one,1,-6052,27,0
1599990675049277639,one,1,-6038,27,0
1599990675113276002,one,1,-6010,27,0
1599990675145128574,one,1,-5996,27,0
1599990675209172660,one,1,-5968,27,0
1599990675273278948,one,1,-5940,27,0
1599990675305223831,one,1,-5927,27,0
1599990675368704394,one,1,-5898,27,0
1599990675400917236,one,1,-5884,27,0
1599990675465269430,one,1,-5857,27,0
1599990675497173199,one,1,-5843,27,0
1599990675561149090,one,1,-5816,27,0
1599990675593250288,one,1,-5802,27,0
1599990675657115689,one,1,-5775,27,0
1599990675721212108,one,1,-5747,27,0
1599990675753061114,one,1,-5733,27,0
1599990675817092730,one,1,-5705,27,0
1599990675849017493,one,1,-5690,27,0
1599990675913343838,one,1,-5663,27,0
1599990675945106645,one,1,-5649,27,0
1599990676009106597,one,1,-5622,27,0
1599990676073265920,one,1,-5594,27,0
1599990676105209193,one,1,-5580,27,0
1599990676169343006,one,1,-5553,27,0
1599990676201184807,one,1,-5539,27,0
1599990676265149172,one,1,-5510,27,0
1599990676297088166,one,1,-5496,27,0
1599990676360950758,one,1,-5468,27,0
1599990676393181619,one,1,-5454,27,0
1599990676456708606,one,1,-5426,27,0
1599990676521201496,one,1,-5407,22,-12
1599990676553018926,one,1,-5410,10,-10
1599990676617069542,one,1,-5429,-12,-8
1599990676649082557,one,1,-5443,-20,-7
1599990676713046122,one,1,-5473,-28,-7
1599990676745122874,one,1,-5491,-30,-7
1599990676809031129,one,1,-5527,-33,-6
1599990676873068866,one,1,-5564,-34,-6
1599990676905111686,one,1,-5581,-34,-6
1599990676970177105,one,1,-5617,-34,-6
1599990677001053746,one,1,-5635,-34,-6
1599990677065064346,one,1,-5670,-34,-6
1599990677097059875,one,1,-5689,-34,-6
1599990677161176738,one,1,-5725,-34,-6
1599990677193046734,one,1,-5744,-34,-6
1599990677256951003,one,1,-5779,-34,-6
1599990677320956270,one,1,-5815,-34,-6
1599990677352936559,one,1,-5833,-34,-6
1599990677417062840,one,1,-5869,-34,-6
1599990677448992575,one,1,-5887,-34,-6
1599990677512955817,one,1,-5923,-34,-6
1599990677544949731,one,1,-5941,-34,-6
1599990677609021324,one,1,-5977,-34,-6
1599990677672904171,one,1,-6013,-34,-6
1599990677705008713,one,1,-6031,-34,-6
1599990677769035487,one,1,-6067,-34,-6
1599990677801037130,one,1,-6085,-34,-6
1599990677864930141,one,1,-6122,-34,-6
1599990677896921411,one,1,-6140,-34,-6
1599990677961036857,one,1,-6176,-34,-6
1599990677993057572,one,1,-6195,-34,-6
1599990678057117820,one,1,-6231,-35,-6
1599990678120954450,one,1,-6266,-35,-6
1599990678153004861,one,1,-6284,-35,-6
1599990678216968870,one,1,-6322,-35,-5
1599990678248856728,one,1,-6340,-35,-5
1599990678312945422,one,1,-6376,-35,-5
1599990678344874468,one,1,-6394,-35,-5
1599990678408889489,one,1,-6429,-35,-5
1599990678473103851,one,1,-6465,-34,-6
1599990678505047440,one,1,-6483,-34,-6
1599990678568952008,one,1,-6519,-34,-6
1599990678600983244,one,1,-6537,-34,-5
1599990678664903424,one,1,-6574,-34,-6
1599990678696896104,one,1,-6592,-34,-6
1599990678760914295,one,1,-6627,-34,-5
1599990678824648908,one,1,-6663,-34,-6
1599990678856638362,one,1,-6680,-34,-6
1599990678920633446,one,1,-6717,-34,-6
1599990678952821759,one,1,-6735,-34,-6
1599990679016893905,one,1,-6771,-34,-6
1599990679049053532,one,1,-6789,-34,-6
1599990679112891867,one,1,-6826,-34,-6
1599990679144717899,one,1,-6844,-34,-6
1599990679208901247,one,1,-6880,-34,-6
1599990679272396076,one,1,-6916,-34,-6
1599990679304348524,one,1,-6934,-34,-6
1599990679368800278,one,1,-6971,-34,-6
1599990679400777796,one,1,-6989,-34,-6
1599990679464496427,one,1,-7024,-34,-6
1599990679496664339,one,1,-7042,-34,15
1599990679560938738,one,1,-7047,-14,8
1599990679624813003,one,1,-7024,15,3
1599990679656812685,one,1,-7008,24,1
1599990679720829263,one,1,-6968,36,0
1599990679753292837,one,1,-6947,38,0
1599990679816891382,one,1,-6905,40,0
1599990679848812074,one,1,-6884,41,0
1599990679912816106,one,1,-6841,42,0
1599990679944757770,one,1,-6819,42,0
1599990680008801554,one,1,-6774,43,0
1599990680072674142,one,1,-6731,43,0
1599990680104807603,one,1,-6708,42,0
1599990680168781919,one,1,-6664,42,0
1599990680200819341,one,1,-6642,42,0
1599990680264851172,one,1,-6598,42,0
1599990680296862146,one,1,-6576,42,0
1599990680360806379,one,1,-6530,42,0
1599990680424791638,one,1,-6486,42,0
1599990680456737269,one,1,-6464,42,0
1599990680520841062,one,1,-6420,42,0
1599990680552829311,one,1,-6398,42,0
1599990680616704625,one,1,-6354,42,0
1599990680648608650,one,1,-6332,42,0
1599990680712820763,one,1,-6288,42,0
1599990680744779455,one,1,-6266,42,0
1599990680808757341,one,1,-6224,42,0
1599990680872803970,one,1,-6179,42,0
1599990680904707882,one,1,-6158,42,0
1599990680968753561,one,1,-6113,42,0
1599990681000643817,one,1,-6090,42,0
1599990681064723444,one,1,-6046,42,0
1599990681096765744,one,1,-6025,42,0
1599990681160894429,one,1,-5980,42,0
1599990681224662878,one,1,-5936,42,0
1599990681256718438,one,1,-5913,42,0
1599990681320654912,one,1,-5869,42,0
1599990681352717580,one,1,-5847,42,0
1599990681416694477,one,1,-5804,42,0
1599990681448780230,one,1,-5782,42,0
1599990681512766191,one,1,-5738,42,0
1599990681544720038,one,1,-5715,42,0
1599990681608667219,one,1,-5671,42,0
1599990681672750699,one,1,-5627,42,0
1599990681704632600,one,1,-5605,42,0
1599990681768685706,one,1,-5560,42,0
1599990681800643545,one,1,-5538,42,0
1599990681864592111,one,1,-5492,42,0
1599990681896573843,one,1,-5470,42,0
1599990681960680469,one,1,-5426,42,0
1599990682024662452,one,1,-5381,42,0
1599990682056541127,one,1,-5358,42,0
1599990682120630226,one,1,-5314,42,0
1599990682152854856,one,1,-5292,42,0
1599990682216591973,one,1,-5248,43,0
1599990682248554609,one,1,-5226,43,0
1599990682312666718,one,1,-5182,43,0
1599990682344563272,one,1,-5160,43,0
1599990682408546165,one,1,-5116,43,0
1599990682472416886,one,1,-5073,43,0
1599990682504365541,one,1,-5050,43,-16
1599990682568405883,one,1,-5030,28,-9
1599990682600406694,one,1,-5028,14,-4
1599990682664559300,one,1,-5033,0,-4
1599990682696596093,one,1,-5038,-4,-4
1599990682760678046,one,1,-5051,-10,-4
1599990682824640949,one,1,-5066,-13,-4
1599990682856598611,one,1,-5074,-13,-4
1599990682920568824,one,1,-5090,-14,-4
1599990682952484943,one,1,-5099,-14,-4
1599990683016580692,one,1,-5115,-14,-4
1599990683048577675,one,1,-5123,-14,-4
1599990683112516860,one,1,-5140,-14,-4
1599990683144525250,one,1,-5148,-14,-4
1599990683208242246,one,1,-5164,-14,-4
1599990683272410878,one,1,-5181,-15,-4
1599990683304539522,one,1,-5189,-15,-4
1599990683368412965,one,1,-5205,-15,-3
1599990683400488483,one,1,-5213,-15,-3
1599990683464410086,one,1,-5230,-15,-3
1599990683496441865,one,1,-5237,-15,-3
1599990683560437636,one,1,-5253,-15,-3
1599990683624508293,one,1,-5270,-15,-3
1599990683656417088,one,1,-5277,-15,-3
1599990683720545100,one,1,-5292,-15,-3
1599990683752810225,one,1,-5300,-15,-3
1599990683816471349,one,1,-5316,-15,-3
1599990683848454806,one,1,-5324,-15,-3
1599990683912407785,one,1,-5340,-15,-3
1599990683944507112,one,1,-5348,-15,-3
1599990684008548437,one,1,-5364,-15,-3
1599990684072493594,one,1,-5379,-15,-3
1599990684104443567,one,1,-5387,-15,-3
1599990684168493634,one,1,-5403,-15,-3
1599990684200530000,one,1,-5412,-15,-3
1599990684264409309,one,1,-5428,-15,-3
1599990684296487883,one,1,-5436,-15,-3
1599990684360835312,one,1,-5451,-15,-3
1599990684424428293,one,1,-5467,-15,-3
1599990684456611631,one,1,-5475,-15,-3
1599990684520379186,one,1,-5491,-15,-3
1599990684552448908,one,1,-5499,-15,-3
1599990684616456965,one,1,-5515,-15,-3
1599990684648383015,one,1,-5522,-15,-3
1599990684712388974,one,1,-5539,-15,-3
1599990684744419425,one,1,-5547,-15,-3
1599990684808384186,one,1,-5562,-15,-3
1599990684872383156,one,1,-5578,-15,-3
1599990684904445096,one,1,-5586,-15,-3
1599990684968322116,one,1,-5602,-15,-3
1599990685000389889,one,1,-5610,-15,-3
1599990685064383243,one,1,-5625,-14,-3
1599990685096388071,one,1,-5633,-14,-3
1599990685160478301,one,1,-5650,-14,-3
1599990685224418313,one,1,-5666,-14,-3
1599990685256383855,one,1,-5674,-14,-3
1599990685320464977,one,1,-5690,-14,-3
1599990685351868067,one,1,-5698,-14,-3
1599990685416444329,one,1,-5714,-14,-3
1599990685448202664,one,1,-5723,-14,-3
1599990685512076208,one,1,-5732,-12,4
1599990685544444984,one,1,-5726,-3,5
1599990685608494967,one,1,-5704,16,2
1599990685672371699,one,1,-5673,27,0
1599990685704264333,one,1,-5656,30,0
1599990685768062667,one,1,-5620,33,0
1599990685800220768,one,1,-5601,34,0
1599990685864382043,one,1,-5564,35,0
1599990685896267418,one,1,-5546,35,0
1599990685960467353,one,1,-5507,35,0
1599990686024288277,one,1,-5470,36,0
1599990686056326551,one,1,-5451,36,0
1599990686120317352,one,1,-5414,36,0
1599990686152289783,one,1,-5395,36,0
1599990686216300485,one,1,-5358,36,0
1599990686248343489,one,1,-5340,36,0
1599990686312320902,one,1,-5302,36,0
1599990686344231782,one,1,-5284,36,0
1599990686408534975,one,1,-5248,36,0
1599990686472352116,one,1,-5210,36,0
1599990686504252289,one,1,-5192,36,0
1599990686568651125,one,1,-5154,36,0
1599990686600330519,one,1,-5135,36,0
1599990686664255068,one,1,-5098,36,0
1599990686696231271,one,1,-5080,36,0
1599990686760237352,one,1,-5043,36,0
1599990686824229881,one,1,-5006,36,0
1599990686856174402,one,1,-4988,36,0
1599990686920221583,one,1,-4952,36,0
1599990686952246122,one,1,-4934,36,0
1599990687016147519,one,1,-4897,36,0
1599990687048128307,one,1,-4879,36,0
1599990687112184758,one,1,-4843,36,0
1599990687144151970,one,1,-4825,36,0
1599990687208257854,one,1,-4789,35,0
1599990687272305255,one,1,-4752,35,0
1599990687304274903,one,1,-4734,35,0
1599990687368225328,one,1,-4696,35,0
1599990687400295416,one,1,-4678,35,0
1599990687464194709,one,1,-4641,35,0
1599990687496236021,one,1,-4622,35,0
1599990687560123212,one,1,-4585,35,0
1599990687595276745,one,1,-4566,35,0
1599990687656236507,one,1,-4529,35,0
1599990687720145532,one,1,-4492,35,0
1599990687752153797,one,1,-4473,35,0
1599990687816201951,one,1,-4436,35,0
1599990687848217621,one,1,-4418,35,0
1599990687912137486,one,1,-4382,35,0
1599990687944079861,one,1,-4363,35,0
1599990688008194353,one,1,-4325,35,0
1599990688072252350,one,1,-4288,35,0
1599990688104073654,one,1,-4269,35,0
1599990688168192810,one,1,-4231,35,0
1599990688200097266,one,1,-4213,35,0
1599990688264145668,one,1,-4176,35,0
1599990688296120918,one,1,-4157,35,0
1599990688360063950,one,1,-4118,35,0
1599990688424110460,one,1,-4080,35,0
1599990688455702422,one,1,-4061,35,0
1599990688520172791,one,1,-4023,36,0
1599990688552289912,one,1,-4003,37,0
1599990688616090130,one,1,-3962,39,0
1599990688648079998,one,1,-3941,39,0
1599990688712058235,one,1,-3900,40,0
1599990688744145675,one,1,-3878,40,0
1599990688807943191,one,1,-3834,41,0
1599990688872095102,one,1,-3791,41,0
1599990688904053497,one,1,-3769,41,0
1599990688968056925,one,1,-3727,41,0
1599990689000115241,one,1,-3705,41,0
1599990689064104895,one,1,-3661,41,0
1599990689096027430,one,1,-3640,41,0
1599990689160037747,one,1,-3596,42,0
1599990689224122396,one,1,-3553,42,0
1599990689256007703,one,1,-3532,42,0
1599990689320090043,one,1,-3488,42,0
1599990689352137951,one,1,-3467,42,0
1599990689416053329,one,1,-3424,42,0
1599990689447942390,one,1,-3403,42,0
1599990689512052665,one,1,-3359,42,0
1599990689543996781,one,1,-3338,42,0
1599990689607977206,one,1,-3295,42,0
1599990689671992054,one,1,-3251,42,0
1599990689704022077,one,1,-3229,42,0
1599990689767952168,one,1,-3186,42,0
1599990689799965223,one,1,-3165,42,0
1599990689864005796,one,1,-3123,42,0
1599990689895914628,one,1,-3101,42,0
1599990689960053433,one,1,-3057,42,0
1599990690023969052,one,1,-3014,42,0
1599990690056065965,one,1,-2993,42,0
1599990690119976051,one,1,-2950,42,0
1599990690152128291,one,1,-2929,42,0
1599990690215990096,one,1,-2888,41,0
1599990690247949249,one,1,-2866,41,0
1599990690311979305,one,1,-2824,41,0
1599990690343870354,one,1,-2803,41,0
1599990690407846554,one,1,-2759,41,0
1599990690474023408,one,1,-2716,41,0
1599990690503971505,one,1,-2694,41,0
1599990690568070341,one,1,-2650,42,0
1599990690599869963,one,1,-2629,42,0
1599990690663956573,one,1,-2586,42,0
1599990690695904376,one,1,-2564,42,0
1599990690759913824,one,1,-2523,42,0
1599990690823851733,one,1,-2480,42,0
1599990690855800091,one,1,-2457,42,0
1599990690919894492,one,1,-2414,42,0
1599990690951915100,one,1,-2393,42,0
1599990691015868997,one,1,-2350,42,0
1599990691047939414,one,1,-2329,42,0
1599990691111921876,one,1,-2287,42,0
1599990691143832985,one,1,-2266,42,0
1599990691207863162,one,1,-2222,41,0
1599990691271513741,one,1,-2178,41,0
1599990691303391241,one,1,-2157,41,0
1599990691368021422,one,1,-2114,42,0
1599990691399983907,one,1,-2092,42,0
1599990691463528005,one,1,-2050,42,0
1599990691495521875,one,1,-2029,42,-12
1599990691559866685,one,1,-2002,31,-6
1599990691623786910,one,1,-1992,13,-3
1599990691655831610,one,1,-1990,8,-3
1599990691719847846,one,1,-1987,2,-2
1599990691751920023,one,1,-1987,1,-2
1599990691815934708,one,1,-1987,0,-2
1599990691847949386,one,1,-1987,0,-2
1599990691911933096,one,1,-1987,0,-2
1599990691943756422,one,1,-1987,0,-2
1599990692007750009,one,1,-1988,0,-2
1599990692071729993,one,1,-1989,0,0
1599990692103673526,one,1,-1989,0,0
1599990692167708531,one,1,-1991,0,0
1599990692199785776,one,1,-1992,0,0
1599990692263768795,one,1,-1994,0,0
1599990692295845100,one,1,-1995,0,0
1599990692359662227,one,1,-1997,0,0
1599990692423768687,one,1,-1999,0,0
1599990692455870232,one,1,-2000,0,0
1599990692519731760,one,1,-2002,0,0
1599990692551716874,one,1,-2003,0,0
1599990692615769483,one,1,-2004,0,0
1599990692647824347,one,1,-2006,0,0
1599990692711688281,one,1,-2008,0,0
1599990692743687309,one,1,-2009,0,0
1599990692807744339,one,1,-2011,0,0
1599990692871974464,one,1,-2012,0,0
1599990692903700120,one,1,-2013,0,0
1599990692968090245,one,1,-2015,0,0
1599990692999810616,one,1,-2017,0,0
1599990693063735129,one,1,-2019,0,0
1599990693095375788,one,1,-2020,0,0
1599990693159261006,one,1,-2022,0,0
1599990693223462899,one,1,-2024,0,0
1599990693255703096,one,1,-2025,0,0
1599990693319660898,one,1,-2027,0,0
1599990693351633645,one,1,-2028,0,0
1599990693415735590,one,1,-2029,0,0
1599990693447674088,one,1,-2030,0,0
1599990693511652909,one,1,-2032,0,0
1599990693543777994,one,1,-2034,0,0
1599990693607703048,one,1,-2035,0,0
1599990693671846544,one,1,-2037,0,0
1599990693703744469,one,1,-2038,0,0
1599990693767806356,one,1,-2040,0,0
1599990693799685679,one,1,-2041,0,0
1599990693863613343,one,1,-2043,0,0
1599990693895715477,one,1,-2043,0,0
1599990693959727611,one,1,-2045,0,0
1599990694023686642,one,1,-2048,0,0
1599990694055652354,one,1,-2048,0,0
1599990694119673254,one,1,-2050,0,0
1599990694151750799,one,1,-2051,0,0
1599990694215374741,one,1,-2053,0,0
1599990694247402225,one,1,-2054,0,0
1599990694311723963,one,1,-2056,0,0
1599990694343758323,one,1,-2057,0,0
1599990694407677539,one,1,-2058,0,0
1599990694471198759,one,1,-2060,0,0
1599990694503260428,one,1,-2062,0,-10
1599990694567621242,one,1,-2075,-7,-9
1599990694599627937,one,1,-2086,-14,-7
1599990694663588597,one,1,-2113,-23,-4
1599990694695683045,one,1,-2127,-25,-4
1599990694759573384,one,1,-2155,-27,-5
1599990694823665402,one,1,-2185,-28,-4
1599990694855460966,one,1,-2201,-28,-4
1599990694919543135,one,1,-2233,-29,-4
1599990694951609325,one,1,-2248,-29,-4
1599990695015519838,one,1,-2277,-28,-4
1599990695047439307,one,1,-2291,-28,-4
1599990695111674563,one,1,-2322,-28,-4
1599990695143757513,one,1,-2337,-28,-4
1599990695207616496,one,1,-2367,-28,-4
1599990695271595905,one,1,-2397,-28,-4
1599990695303475570,one,1,-2411,-28,-4
1599990695367087502,one,1,-2442,-28,-4
1599990695399454251,one,1,-2456,-28,-4
1599990695463389376,one,1,-2488,-28,-4
1599990695495414783,one,1,-2503,-28,-4
1599990695559581693,one,1,-2532,-28,-4
1599990695623706460,one,1,-2562,-28,-4
1599990695655692264,one,1,-2577,-28,-4
1599990695719279335,one,1,-2607,-28,-4
1599990695751581008,one,1,-2622,-28,-4
1599990695815622990,one,1,-2652,-28,-4
1599990695847361251,one,1,-2667,-28,-4
1599990695911536877,one,1,-2697,-28,-4
1599990695943491380,one,1,-2712,-28,-4
1599990696007269063,one,1,-2742,-28,-4
1599990696071255937,one,1,-2771,-28,-4
1599990696103414184,one,1,-2787,-28,-4
1599990696167353643,one,1,-2816,-28,-4
1599990696199521882,one,1,-2831,-28,-4
1599990696263492551,one,1,-2861,-28,-4
1599990696295408893,one,1,-2876,-28,-4
1599990696359343087,one,1,-2906,-28,-4
1599990696423492542,one,1,-2935,-28,-4
1599990696455420691,one,1,-2950,-28,-4
1599990696519441912,one,1,-2979,-28,-4
1599990696552175789,one,1,-2995,-28,-4
1599990696615477547,one,1,-3025,-28,-4
1599990696647305095,one,1,-3040,-28,-4
1599990696711377878,one,1,-3070,-28,-4
1599990696743537348,one,1,-3085,-28,-4
1599990696807317705,one,1,-3116,-28,-4
1599990696871433173,one,1,-3146,-28,-4
1599990696903617008,one,1,-3161,-28,-4
1599990696967458732,one,1,-3190,-28,-4
1599990696999402471,one,1,-3206,-28,-4
1599990697063285763,one,1,-3237,-29,-4
1599990697095461987,one,1,-3251,-29,-4
1599990697159319669,one,1,-3281,-29,-4
1599990697223349114,one,1,-3311,-29,-4
1599990697255406232,one,1,-3326,-29,-4
1599990697319411274,one,1,-3355,-28,-4
1599990697351513355,one,1,-3370,-28,-4
1599990697415296801,one,1,-3400,-28,-4
1599990697446883036,one,1,-3415,-28,-4
1599990697511245900,one,1,-3439,-26,2
1599990697543490900,one,1,-3443,-18,2
1599990697607333473,one,1,-3442,-1,0
1599990697671703593,one,1,-3435,3,0
1599990697703348006,one,1,-3429,6,0
1599990697767420908,one,1,-3417,10,0
1599990697799322917,one,1,-3411,10,0
1599990697863342554,one,1,-3398,11,0
1599990697895317350,one,1,-3392,11,0
1599990697959296678,one,1,-3379,11,0
1599990698023290960,one,1,-3366,11,0
1599990698055375498,one,1,-3359,11,0
1599990698119231968,one,1,-3347,11,0
1599990698151431084,one,1,-3340,11,0
1599990698215279914,one,1,-3327,11,0
1599990698247273438,one,1,-3320,11,0
1599990698311263502,one,1,-3307,11,0
1599990698343261235,one,1,-3301,11,0
1599990698407298506,one,1,-3288,11,0
1599990698471248249,one,1,-3275,11,0
1599990698503245433,one,1,-3269,11,0
1599990698567197550,one,1,-3256,11,0
1599990698599416361,one,1,-3249,11,0
1599990698662832858,one,1,-3236,11,0
1599990698694792882,one,1,-3229,11,0
1599990698758861851,one,1,-3216,11,0
1599990698823307771,one,1,-3203,11,0
1599990698855297535,one,1,-3197,11,0
1599990698919223275,one,1,-3184,11,0
1599990698951215983,one,1,-3178,11,0
1599990699015259887,one,1,-3166,11,0
1599990699047352411,one,1,-3159,11,0
1599990699111284495,one,1,-3146,11,0
1599990699143305225,one,1,-3139,11,0
1599990699207318533,one,1,-3126,11,0
1599990699271489218,one,1,-3113,11,0
1599990699303424033,one,1,-3107,11,0
1599990699373452496,one,1,-3094,11,0
1599990699398995412,one,1,-3088,11,0
1599990699463295853,one,1,-3075,11,0
1599990699495356814,one,1,-3068,11,0
1599990699559238737,one,1,-3055,11,0
1599990699623209740,one,1,-3042,11,0
1599990699655229107,one,1,-3036,11,0
1599990699719174386,one,1,-3023,11,0
1599990699751253372,one,1,-3017,11,0
1599990699815223787,one,1,-3004,11,0
1599990699847275171,one,1,-2998,11,0
1599990699911234843,one,1,-2985,11,0
1599990699943274046,one,1,-2978,11,0
1599990700007226517,one,1,-2966,11,0
1599990700071153492,one,1,-2953,11,0
1599990700103232759,one,1,-2946,11,0
1599990700167290640,one,1,-2934,11,0
1599990700199305769,one,1,-2927,11,0
1599990700263154773,one,1,-2914,11,0
1599990700295203316,one,1,-2909,11,0
1599990700359094028,one,1,-2896,11,0
1599990700423188385,one,1,-2883,11,0
1599990700454668125,one,1,-2877,11,0
1599990700519221115,one,1,-2869,9,-7
1599990700551162963,one,1,-2872,3,-6
1599990700614898780,one,1,-2886,-9,-7
1599990700646897786,one,1,-2896,-14,-6
1599990700711087111,one,1,-2917,-20,-4
1599990700743278166,one,1,-2929,-20,-4
1599990700807193933,one,1,-2952,-21,-4
1599990700871270525,one,1,-2976,-22,-4
1599990700902825635,one,1,-2988,-22,-4
1599990700966911435,one,1,-3012,-22,-4
1599990700998877415,one,1,-3024,-22,-3
1599990701062957767,one,1,-3048,-22,-4
1599990701095174776,one,1,-3059,-22,-4
1599990701159076674,one,1,-3083,-22,-4
1599990701223246665,one,1,-3107,-22,-4
1599990701255122350,one,1,-3119,-22,-4
1599990701319044507,one,1,-3144,-22,-4
1599990701351219954,one,1,-3155,-22,-4
1599990701415118492,one,1,-3178,-22,-4
1599990701447026215,one,1,-3190,-22,-4
1599990701511084813,one,1,-3214,-22,-4
1599990701543007440,one,1,-3226,-22,-4
1599990701607169619,one,1,-3251,-22,-4
1599990701670988467,one,1,-3275,-22,-4
1599990701703067202,one,1,-3287,-22,-4
1599990701767019951,one,1,-3311,-22,-4
1599990701799544675,one,1,-3323,-22,-4
1599990701863032960,one,1,-3346,-22,-4
1599990701895133334,one,1,-3358,-22,-4
1599990701959006269,one,1,-3381,-22,-4
1599990702023096707,one,1,-3405,-22,-4
1599990702054935304,one,1,-3417,-22,-4
1599990702119059430,one,1,-3441,-22,-4
1599990702151077647,one,1,-3453,-22,-4
1599990702214980993,one,1,-3476,-22,-4
1599990702246979218,one,1,-3488,-22,-4
1599990702311019403,one,1,-3513,-22,-4
1599990702342993522,one,1,-3525,-22,-4
1599990702406923956,one,1,-3549,-22,-4
1599990702470805804,one,1,-3572,-22,-4
1599990702502975699,one,1,-3585,-22,-4
1599990702567005114,one,1,-3609,-22,-4
1599990702599026822,one,1,-3620,-22,-4
1599990702662839359,one,1,-3644,-22,-4
1599990702694997431,one,1,-3657,-22,-4
1599990702758893183,one,1,-3680,-22,-4
1599990702823009474,one,1,-3704,-22,-4
1599990702854973943,one,1,-3716,-22,-4
1599990702918961327,one,1,-3740,-22,-4
1599990702950943582,one,1,-3751,-22,-4
1599990703014899719,one,1,-3775,-22,-4
1599990703046940061,one,1,-3787,-22,-4
1599990703110848070,one,1,-3811,-22,-4
1599990703175133549,one,1,-3835,-22,-4
1599990703206848556,one,1,-3847,-22,-4
1599990703270945861,one,1,-3871,-22,-4
1599990703302475898,one,1,-3884,-22,-4
1599990703367132592,one,1,-3908,-22,-4
1599990703398881397,one,1,-3919,-22,-4
1599990703462427429,one,1,-3943,-22,-4
1599990703494532541,one,1,-3954,-22,13
1599990703558824729,one,1,-3953,-6,6
1599990703622930803,one,1,-3930,17,2
1599990703654918518,one,1,-3914,25,1
1599990703718899137,one,1,-3877,33,0
1599990703751068768,one,1,-3857,35,0
1599990703814806421,one,1,-3817,38,0
1599990703846743206,one,1,-3797,38,0
1599990703910953227,one,1,-3756,38,0
1599990703974967474,one,1,-3715,39,0
1599990704006970775,one,1,-3694,39,0
1599990704070870027,one,1,-3653,39,0
1599990704102787043,one,1,-3633,39,0
1599990704166784387,one,1,-3591,39,0
1599990704198823832,one,1,-3570,40,0
1599990704262794752,one,1,-3527,40,0
1599990704294864777,one,1,-3506,40,0
1599990704358908726,one,1,-3466,40,0
1599990704422811016,one,1,-3425,40,0
1599990704454808783,one,1,-3405,40,0
1599990704518798475,one,1,-3364,40,0
1599990704550673209,one,1,-3344,40,0
1599990704614875675,one,1,-3303,40,0
1599990704646757984,one,1,-3283,40,0
1599990704710812499,one,1,-3243,40,0
1599990704774749054,one,1,-3202,40,0
1599990704806805085,one,1,-3182,40,0
1599990704870765644,one,1,-3142,40,0
1599990704902844696,one,1,-3121,40,0
1599990704966709694,one,1,-3081,39,0
1599990704998745238,one,1,-3061,39,0
1599990705062771497,one,1,-3020,39,0
1599990705094843568,one,1,-2999,39,0
1599990705158806337,one,1,-2959,39,0
1599990705222778935,one,1,-2919,39,0
1599990705254685433,one,1,-2899,39,0
1599990705318626638,one,1,-2858,39,0
1599990705350206738,one,1,-2838,39,0
1599990705414606109,one,1,-2797,39,0
1599990705446840479,one,1,-2777,39,0
1599990705510740572,one,1,-2736,39,0
1599990705574718675,one,1,-2695,39,0
1599990705606931366,one,1,-2675,39,0
1599990705670702216,one,1,-2634,39,0
1599990705702670608,one,1,-2614,39,0
1599990705766756448,one,1,-2574,39,0
1599990705798697365,one,1,-2553,39,0
1599990705862689487,one,1,-2512,39,0
1599990705894744518,one,1,-2492,39,0
1599990705958674206,one,1,-2450,39,0
1599990706022636249,one,1,-2410,39,0
1599990706054640621,one,1,-2390,39,0
1599990706118701470,one,1,-2349,39,0
1599990706150636481,one,1,-2329,39,0
1599990706214622306,one,1,-2288,39,0
1599990706246717622,one,1,-2267,39,0
1599990706310680351,one,1,-2227,39,0
1599990706374634211,one,1,-2185,39,0
1599990706406794034,one,1,-2164,39,0
1599990706470194405,one,1,-2124,39,0
1599990706502236496,one,1,-2105,39,-8
1599990706567335411,one,1,-2076,31,-4
1599990706598909670,one,1,-2067,24,-3
1599990706662756446,one,1,-2052,15,-1
1599990706694732931,one,1,-2046,13,-1
1599990706758617818,one,1,-2036,10,0
1599990706822486586,one,1,-2025,9,0
1599990706854659184,one,1,-2021,9,0
1599990706918709361,one,1,-2009,9,0
1599990706950493355,one,1,-2005,9,0
1599990707014529513,one,1,-1994,9,0
1599990707046636651,one,1,-1990,9,0
1599990707110814606,one,1,-1980,9,0
1599990707174622258,one,1,-1970,9,0
1599990707206725446,one,1,-1965,9,0
1599990707270502567,one,1,-1954,9,0
1599990707302533869,one,1,-1950,9,0
1599990707366520911,one,1,-1940,9,0
1599990707398476501,one,1,-1935,9,0
1599990707462639291,one,1,-1925,9,0
1599990707494613258,one,1,-1920,9,0
1599990707558636709,one,1,-1909,9,0
1599990707622608977,one,1,-1900,9,0
1599990707654490074,one,1,-1894,9,0
1599990707718581401,one,1,-1885,9,0
1599990707750598829,one,1,-1880,9,0
1599990707814477129,one,1,-1870,9,0
1599990707846416820,one,1,-1865,9,0
1599990707910528988,one,1,-1854,9,0
1599990707974511006,one,1,-1844,9,0
1599990708006425977,one,1,-1839,9,0
1599990708070501306,one,1,-1830,9,0
1599990708102473447,one,1,-1825,9,0
1599990708166632543,one,1,-1814,9,0
1599990708198581786,one,1,-1809,9,0
1599990708262516100,one,1,-1799,9,0
1599990708294628254,one,1,-1794,9,0
1599990708358440259,one,1,-1784,9,0
1599990708422423023,one,1,-1774,9,0
1599990708454455193,one,1,-1769,9,0
1599990708518510463,one,1,-1759,9,0
1599990708550439231,one,1,-1754,9,0
1599990708614819317,one,1,-1744,9,0
1599990708646429360,one,1,-1740,9,0
1599990708710499332,one,1,-1730,9,0
1599990708774452975,one,1,-1720,9,0
1599990708806475495,one,1,-1715,9,0
1599990708870488901,one,1,-1705,9,0
1599990708902396251,one,1,-1700,9,0
1599990708966413629,one,1,-1690,9,0
1599990708998461265,one,1,-1685,9,0
1599990709062530754,one,1,-1675,9,0
1599990709094645466,one,1,-1671,9,0
1599990709158434339,one,1,-1661,9,0
1599990709222463170,one,1,-1651,9,0
1599990709254323722,one,1,-1646,9,0
1599990709318391891,one,1,-1636,9,0
1599990709350430582,one,1,-1630,9,0
1599990709415474831,one,1,-1620,9,0
1599990709445928083,one,1,-1615,9,0
1599990709510403079,one,1,-1605,9,0
1599990709574506799,one,1,-1592,10,0
1599990709606413547,one,1,-1586,11,0
1599990709670455929,one,1,-1572,12,0
1599990709702349899,one,1,-1564,12,0
1599990709766376801,one,1,-1550,12,0
1599990709798365640,one,1,-1544,12,0
1599990709862648992,one,1,-1529,12,0
1599990709894386188,one,1,-1523,12,0
1599990709958431899,one,1,-1509,12,0
1599990710022368928,one,1,-1495,12,0
1599990710054324653,one,1,-1489,12,0
1599990710118397556,one,1,-1475,12,0
1599990710150378198,one,1,-1468,12,0
1599990710214347991,one,1,-1453,12,0
1599990710246304828,one,1,-1447,12,0
1599990710310265361,one,1,-1432,12,0
1599990710374363174,one,1,-1417,12,0
1599990710406284217,one,1,-1410,12,0
1599990710470269453,one,1,-1396,12,0
1599990710502275064,one,1,-1389,12,0
1599990710566297242,one,1,-1375,12,0
1599990710598249517,one,1,-1368,12,0
1599990710662478273,one,1,-1354,12,0
1599990710694277816,one,1,-1347,12,0
1599990710758241384,one,1,-1333,12,0
1599990710822225156,one,1,-1319,12,0
1599990710854123681,one,1,-1311,12,0
1599990710918303011,one,1,-1297,12,0
1599990710950228061,one,1,-1290,12,0
1599990711014334527,one,1,-1276,12,0
1599990711046334360,one,1,-1269,12,0
1599990711110345111,one,1,-1254,12,0
1599990711174221073,one,1,-1240,12,0
1599990711206199848,one,1,-1234,12,0
1599990711270290565,one,1,-1219,12,0
1599990711302302154,one,1,-1212,12,0
1599990711366288452,one,1,-1198,12,0
1599990711398204277,one,1,-1191,12,0
1599990711462261207,one,1,-1178,12,0
1599990711494244983,one,1,-1171,12,0
1599990711558250810,one,1,-1157,12,0
1599990711622159348,one,1,-1143,12,0
1599990711654247057,one,1,-1136,12,0
1599990711718132561,one,1,-1121,12,0
1599990711750153577,one,1,-1114,12,0
1599990711814876733,one,1,-1100,12,0
1599990711846288850,one,1,-1093,12,0
1599990711910141808,one,1,-1079,12,0
1599990711974174134,one,1,-1065,12,0
1599990712006188534,one,1,-1057,12,0
1599990712069647945,one,1,-1043,12,0
1599990712101682361,one,1,-1036,12,0
1599990712166328405,one,1,-1021,12,0
1599990712198310179,one,1,-1014,12,0
1599990712262158419,one,1,-1000,12,0
1599990712294022313,one,1,-993,12,0
1599990712358103427,one,1,-978,12,0
1599990712421746075,one,1,-964,12,0
1599990712453695285,one,1,-957,12,0
1599990712518215595,one,1,-948,10,-7
1599990712549995027,one,1,-950,3,-6
1599990712614086668,one,1,-964,-9,-7
1599990712646141958,one,1,-974,-14,-6
1599990712710082615,one,1,-997,-20,-5
1599990712774324998,one,1,-1022,-22,-3
1599990712806158810,one,1,-1034,-23,-3
1599990712870137609,one,1,-1059,-23,-3
1599990712902074856,one,1,-1071,-23,-3
1599990712966206219,one,1,-1096,-23,-3
1599990712998096409,one,1,-1108,-23,-4
1599990713062187502,one,1,-1134,-23,-3
1599990713094053572,one,1,-1146,-23,-4
1599990713157998904,one,1,-1171,-23,-3
1599990713222165122,one,1,-1195,-23,-3
1599990713253977423,one,1,-1207,-23,-3
1599990713318128922,one,1,-1233,-23,-3
1599990713349979325,one,1,-1245,-23,-3
1599990713414044297,one,1,-1270,-23,-3
1599990713446115183,one,1,-1283,-23,-3
1599990713510050571,one,1,-1308,-23,-3
1599990713574024631,one,1,-1333,-23,-3
1599990713606049467,one,1,-1346,-23,-3
1599990713670009121,one,1,-1371,-23,-3
1599990713701965255,one,1,-1383,-23,-3
1599990713765964379,one,1,-1408,-23,-3
1599990713797964878,one,1,-1420,-23,-3
1599990713862082614,one,1,-1447,-23,-3
1599990713894281905,one,1,-1459,-23,-3
1599990713958107686,one,1,-1484,-23,-3
1599990714022051319,one,1,-1508,-23,-3
1599990714053875559,one,1,-1520,-23,-3
1599990714117971557,one,1,-1545,-23,-3
1599990714149941867,one,1,-1558,-23,-3
1599990714213877667,one,1,-1582,-23,-3
1599990714246010342,one,1,-1595,-23,-3
1599990714310090142,one,1,-1620,-23,-3
1599990714374056073,one,1,-1645,-23,-3
1599990714406058729,one,1,-1658,-23,-3
1599990714469897498,one,1,-1683,-23,-3
1599990714501933080,one,1,-1695,-23,-3
1599990714565986368,one,1,-1720,-23,-3
1599990714597978864,one,1,-1732,-23,-3
1599990714661967458,one,1,-1757,-23,-3
1599990714693944759,one,1,-1769,-23,-3
1599990714757591785,one,1,-1794,-23,-3
1599990714822121451,one,1,-1819,-23,-2
1599990714854105222,one,1,-1833,-23,-3
1599990714918013358,one,1,-1857,-23,-3
1599990714949863482,one,1,-1870,-23,-3
1599990715014422740,one,1,-1895,-23,-3
1599990715045971641,one,1,-1907,-23,-3
1599990715110228724,one,1,-1932,-23,-3
1599990715173970783,one,1,-1957,-23,-3
1599990715205856755,one,1,-1970,-23,-3
1599990715269673283,one,1,-1995,-23,-3
1599990715301540083,one,1,-2007,-23,-3
1599990715365425991,one,1,-2034,-23,-3
1599990715397946101,one,1,-2046,-23,-3
1599990715461417010,one,1,-2071,-23,-3
1599990715493478866,one,1,-2084,-23,0
1599990715557692150,one,1,-2104,-21,0
1599990715621755475,one,1,-2118,-14,-1
1599990715653622437,one,1,-2124,-12,-1
1599990715717599747,one,1,-2136,-11,-1
1599990715749698383,one,1,-2141,-10,-1
1599990715813868443,one,1,-2152,-10,-1
1599990715845651248,one,1,-2157,-10,-1
1599990715909625819,one,1,-2167,-10,-1
1599990715973879709,one,1,-2178,-10,-1
1599990716005814190,one,1,-2184,-10,-2
1599990716069737414,one,1,-2195,-10,-2
1599990716101713819,one,1,-2200,-10,-2
1599990716165854919,one,1,-2212,-10,-2
1599990716197922552,one,1,-2217,-10,-2
1599990716262013753,one,1,-2228,-10,-2
1599990716293652626,one,1,-2233,-10,-2
1599990716357804311,one,1,-2244,-10,-2
1599990716421799073,one,1,-2255,-10,-2
1599990716453748807,one,1,-2260,-10,-2
1599990716517639700,one,1,-2270,-10,-2
1599990716549746849,one,1,-2276,-10,-2
1599990716613689564,one,1,-2286,-10,-2
1599990716646474760,one,1,-2291,-10,-2
1599990716709762413,one,1,-2302,-10,-2
1599990716773744827,one,1,-2312,-10,-2
1599990716805719655,one,1,-2318,-10,-2
1599990716869674890,one,1,-2329,-10,-2
1599990716901604698,one,1,-2334,-10,-2
1599990716965763972,one,1,-2344,-10,-2
1599990716997495530,one,1,-2350,-10,-2
