1599987255785713267,one,1,4389,9,0
1599987255817466045,one,1,4394,9,0
1599987255881507603,one,1,4406,9,0
1599987255945641081,one,1,4417,9,0
1599987255977916474,one,1,4423,9,0
1599987256041656201,one,1,4433,9,0
1599987256073473591,one,1,4439,9,0
1599987256137504480,one,1,4449,9,0
1599987256170101423,one,1,4456,9,0
1599987256233863686,one,1,4467,9,0
1599987256265836532,one,1,4472,9,0
1599987256329900343,one,1,4483,9,0
1599987256393837743,one,1,4495,9,0
1599987256425870934,one,1,4501,9,0
1599987256489931829,one,1,4511,9,0
1599987256521842753,one,1,4517,9,0
1599987256585826519,one,1,4528,9,0
1599987256617735766,one,1,4534,9,0
1599987256681694452,one,1,4545,9,0
1599987256745695361,one,1,4556,9,0
1599987256778011728,one,1,4562,9,0
1599987256841849627,one,1,4573,9,0
1599987256873731052,one,1,4578,9,0
1599987256937774012,one,1,4590,9,0
1599987256969677414,one,1,4595,9,0
1599987257033685892,one,1,4606,9,0
1599987257065677559,one,1,4612,9,0
1599987257129611898,one,1,4623,9,0
1599987257193940157,one,1,4634,9,0
1599987257225803761,one,1,4640,9,0
1599987257289856341,one,1,4651,9,0
1599987257321829018,one,1,4656,9,0
1599987257385843546,one,1,4667,9,0
1599987257417846293,one,1,4673,9,0
1599987257481729384,one,1,4684,9,0
1599987257545777930,one,1,4695,9,0
1599987257577812634,one,1,4701,9,0
1599987257641608791,one,1,4712,9,0
1599987257673723335,one,1,4718,9,0
1599987257737573083,one,1,4729,9,0
1599987257769737070,one,1,4735,9,0
1599987257833756573,one,1,4746,9,0
1599987257865756227,one,1,4751,9,0
1599987257929677001,one,1,4762,9,0
1599987257993790426,one,1,4773,9,0
1599987258025576280,one,1,4779,9,0
1599987258089656928,one,1,4791,9,0
1599987258121661075,one,1,4796,9,0
1599987258185555862,one,1,4808,9,0
1599987258217611116,one,1,4813,9,0
1599987258281526788,one,1,4824,9,0
1599987258345578535,one,1,4835,9,0
1599987258378230182,one,1,4841,9,0
1599987258441672655,one,1,4852,9,0
1599987258473734533,one,1,4857,9,0
1599987258537787661,one,1,4869,9,0
1599987258569758397,one,1,4873,9,0
1599987258633225553,one,1,4885,9,0
1599987258665605239,one,1,4891,9,0
1599987258729569319,one,1,4902,9,0
1599987258793758557,one,1,4913,9,0
1599987258825465329,one,1,4919,9,0
1599987258889553024,one,1,4930,9,0
1599987258921624907,one,1,4935,9,0
1599987258985547803,one,1,4947,9,0
1599987259017608556,one,1,4952,9,0
1599987259081130049,one,1,4963,9,0
1599987259145622343,one,1,4974,9,0
1599987259182225105,one,1,4980,9,0
1599987259241528608,one,1,4991,9,0
1599987259273745748,one,1,4997,9,0
1599987259337542672,one,1,5008,9,0
1599987259369638756,one,1,5013,9,0
1599987259433466775,one,1,5024,9,0
1599987259465448490,one,1,5029,9,0
1599987259529542822,one,1,5040,9,0
1599987259593620052,one,1,5052,9,0
1599987259625428872,one,1,5057,9,0
1599987259689541530,one,1,5069,9,0
1599987259721589722,one,1,5074,9,0
1599987259785548015,one,1,5086,9,0
1599987259817549863,one,1,5091,9,0
1599987259881633834,one,1,5102,9,0
1599987259945488943,one,1,5113,9,0
1599987259979104532,one,1,5119,9,0
1599987260041408463,one,1,5130,9,0
1599987260073397662,one,1,5136,9,0
1599987260137424603,one,1,5147,9,0
1599987260169539681,one,1,5153,10,0
1599987260233413027,one,1,5164,10,0
1599987260265386279,one,1,5170,10,0
1599987260329248062,one,1,5181,10,0
1599987260393136491,one,1,5192,10,0
1599987260425503902,one,1,5198,10,0
1599987260489553865,one,1,5209,10,0
1599987260521572701,one,1,5215,10,0
1599987260585547971,one,1,5225,10,0
1599987260617565510,one,1,5231,10,0
1599987260681647677,one,1,5242,10,0
1599987260745585433,one,1,5253,10,0
1599987260777680181,one,1,5259,10,0
1599987260841114170,one,1,5270,10,0
1599987260873544669,one,1,5276,10,0
1599987260937447782,one,1,5285,10,0
1599987260969541559,one,1,5291,10,0
1599987261032916757,one,1,5302,10,0
1599987261065474180,one,1,5307,10,0
1599987261129533032,one,1,5318,10,0
1599987261193436625,one,1,5329,10,0
1599987261225078226,one,1,5334,10,0
1599987261289289865,one,1,5345,10,0
1599987261321332809,one,1,5350,10,0
1599987261384999194,one,1,5362,10,0
1599987261417078899,one,1,5366,10,0
1599987261481101897,one,1,5377,10,0
1599987261545269006,one,1,5388,10,0
1599987261578467785,one,1,5394,10,0
1599987261641279097,one,1,5404,10,0
1599987261673181654,one,1,5410,10,0
1599987261737214196,one,1,5420,10,0
1599987261769410843,one,1,5426,10,0
1599987261833350980,one,1,5437,10,0
1599987261865357540,one,1,5442,10,0
1599987261929419212,one,1,5453,10,0
1599987261993358087,one,1,5463,10,0
1599987262025455862,one,1,5469,10,0
1599987262088797447,one,1,5480,10,0
1599987262120764398,one,1,5485,10,0
1599987262185467918,one,1,5496,10,0
1599987262217357614,one,1,5501,10,0
1599987262281321231,one,1,5512,10,0
1599987262345364933,one,1,5523,10,0
1599987262377223762,one,1,5528,10,0
1599987262441317948,one,1,5539,10,0
1599987262473684134,one,1,5545,10,0
1599987262537371444,one,1,5555,10,0
1599987262569430073,one,1,5560,10,0
1599987262632795121,one,1,5571,10,0
1599987262665572879,one,1,5576,10,0
1599987262729545457,one,1,5587,10,0
1599987262793430658,one,1,5598,10,0
1599987262825207055,one,1,5603,10,0
1599987262889194591,one,1,5614,10,0
1599987262921286392,one,1,5619,9,0
1599987262985320001,one,1,5630,9,0
1599987263017288961,one,1,5635,9,0
1599987263081536848,one,1,5647,9,0
1599987263145294810,one,1,5658,9,0
1599987263177312960,one,1,5664,9,0
1599987263240733053,one,1,5675,9,0
1599987263273358658,one,1,5681,9,0
1599987263337067753,one,1,5692,9,0
1599987263369061820,one,1,5698,9,0
1599987263432874693,one,1,5709,9,0
1599987263465198995,one,1,5715,9,0
1599987263529382149,one,1,5726,9,0
1599987263593364640,one,1,5738,9,0
1599987263625214740,one,1,5744,9,0
1599987263689293147,one,1,5755,9,0
1599987263721127799,one,1,5760,9,0
1599987263785295171,one,1,5772,9,0
1599987263817123684,one,1,5778,9,0
1599987263881088804,one,1,5789,9,0
1599987263945173194,one,1,5800,9,0
1599987263977285797,one,1,5806,9,0
1599987264041177930,one,1,5817,9,0
1599987264073083576,one,1,5823,9,0
1599987264137058134,one,1,5834,9,0
1599987264168978141,one,1,5839,9,0
1599987264232955971,one,1,5851,9,0
1599987264265214907,one,1,5856,9,0
1599987264329053445,one,1,5867,9,0
1599987264393201086,one,1,5879,9,0
1599987264425132104,one,1,5884,9,0
1599987264489093095,one,1,5895,9,0
1599987264521196883,one,1,5901,9,0
1599987264585115751,one,1,5912,9,0
1599987264617066181,one,1,5917,9,0
1599987264681125181,one,1,5928,9,0
1599987264745095533,one,1,5939,9,0
1599987264777024893,one,1,5945,9,0
1599987264841386631,one,1,5957,9,0
1599987264873070386,one,1,5962,9,0
1599987264937123598,one,1,5973,9,0
1599987264969361678,one,1,5979,9,0
1599987265033118416,one,1,5991,9,0
1599987265065430066,one,1,5997,9,0
1599987265128537136,one,1,6008,9,0
1599987265193061466,one,1,6019,9,0
1599987265224830051,one,1,6024,9,0
1599987265288537252,one,1,6036,9,0
1599987265320557953,one,1,6041,9,0
1599987265384893070,one,1,6051,9,0
1599987265416833331,one,1,6057,9,0
1599987265480915287,one,1,6069,9,0
1599987265544839098,one,1,6079,9,0
1599987265577014403,one,1,6085,9,0
1599987265640993654,one,1,6097,9,0
1599987265673002548,one,1,6102,9,0
1599987265737081622,one,1,6114,9,0
1599987265769079609,one,1,6119,9,0
1599987265832899202,one,1,6131,9,0
1599987265865097968,one,1,6136,9,0
1599987265928934439,one,1,6148,9,0
1599987265993168563,one,1,6158,9,0
1599987266025036266,one,1,6164,9,0
1599987266089083217,one,1,6177,9,0
1599987266121042909,one,1,6182,9,0
1599987266187734652,one,1,6193,9,0
1599987266216960151,one,1,6199,9,0
1599987266280992826,one,1,6210,9,0
1599987266345205659,one,1,6221,9,0
1599987266376893764,one,1,6227,9,0
1599987266441060170,one,1,6238,9,0
1599987266473034635,one,1,6244,9,0
1599987266536853404,one,1,6255,9,0
1599987266568952390,one,1,6261,9,0
1599987266632633522,one,1,6272,9,0
1599987266664910483,one,1,6277,9,0
1599987266729108853,one,1,6289,9,0
1599987266793078790,one,1,6300,9,0
1599987266824886322,one,1,6305,9,0
1599987266889121152,one,1,6316,9,0
1599987266920847115,one,1,6322,9,0
1599987266985026487,one,1,6334,9,0
1599987267016847643,one,1,6339,9,0
1599987267080833636,one,1,6350,9,0
1599987267144754936,one,1,6362,9,0
1599987267176788883,one,1,6367,9,0
1599987267240847393,one,1,6379,9,0
1599987267272942391,one,1,6385,9,0
1599987267336709216,one,1,6397,9,0
1599987267369027792,one,1,6402,9,0
1599987267432843115,one,1,6414,9,0
1599987267464769097,one,1,6419,9,0
1599987267528746379,one,1,6430,9,0
1599987267592667693,one,1,6441,9,0
1599987267624671221,one,1,6447,9,0
1599987267688730502,one,1,6458,9,0
1599987267720896113,one,1,6464,9,0
1599987267785799902,one,1,6475,9,0
1599987267816949560,one,1,6481,9,0
1599987267880913196,one,1,6492,9,0
1599987267944784888,one,1,6503,9,0
1599987267976954222,one,1,6509,9,0
1599987268040893212,one,1,6520,9,0
1599987268072737804,one,1,6526,9,0
1599987268136263259,one,1,6537,9,0
1599987268168548699,one,1,6543,9,0
1599987268232616624,one,1,6554,9,0
1599987268264945830,one,1,6559,9,0
1599987268328884637,one,1,6571,9,0
1599987268392880396,one,1,6583,9,0
1599987268424762795,one,1,6589,9,0
1599987268488898027,one,1,6600,9,0
1599987268520732272,one,1,6606,9,0
1599987268585317437,one,1,6617,9,0
1599987268616819641,one,1,6623,9,0
1599987268680804767,one,1,6634,9,0
1599987268744759631,one,1,6645,9,0
1599987268776712236,one,1,6650,9,0
1599987268840737393,one,1,6661,9,0
1599987268872666553,one,1,6667,9,0
1599987268936744594,one,1,6678,9,0
1599987268968745698,one,1,6684,10,0
1599987269032769207,one,1,6695,10,0
1599987269064720132,one,1,6701,10,0
1599987269128658501,one,1,6712,10,0
1599987269192889441,one,1,6723,10,0
1599987269224707391,one,1,6728,10,0
1599987269288751622,one,1,6739,10,0
1599987269320702906,one,1,6745,10,0
1599987269384253729,one,1,6757,10,0
1599987269416751497,one,1,6762,10,0
1599987269480863631,one,1,6773,10,0
1599987269544685921,one,1,6785,10,0
1599987269576615695,one,1,6790,10,0
1599987269640480610,one,1,6801,10,0
1599987269672462081,one,1,6806,10,0
1599987269736665999,one,1,6817,10,0
1599987269768574318,one,1,6823,10,0
1599987269832586380,one,1,6834,10,0
1599987269864488127,one,1,6839,10,0
1599987269928560566,one,1,6851,10,0
1599987269992665075,one,1,6862,10,0
1599987270024716673,one,1,6867,10,0
1599987270088744076,one,1,6878,10,0
1599987270120691445,one,1,6884,10,0
1599987270184646656,one,1,6896,10,0
1599987270216519092,one,1,6901,10,0
1599987270280718423,one,1,6912,10,0
1599987270344630154,one,1,6924,10,0
1599987270376767462,one,1,6929,10,0
1599987270440544293,one,1,6940,10,0
1599987270472832637,one,1,6946,10,0
1599987270536659795,one,1,6957,10,0
1599987270568558510,one,1,6962,10,0
1599987270632463743,one,1,6973,10,0
1599987270664500165,one,1,6978,10,0
1599987270728582930,one,1,6989,10,0
1599987270792559547,one,1,7001,10,0
1599987270824458234,one,1,7006,10,0
1599987270888541870,one,1,7016,10,0
1599987270920612137,one,1,7022,10,0
1599987270984939480,one,1,7033,10,0
1599987271016593758,one,1,7038,10,0
1599987271080390483,one,1,7049,10,0
1599987271144266318,one,1,7060,10,0
1599987271176600023,one,1,7066,10,0
1599987271240780900,one,1,7077,10,0
1599987271272781227,one,1,7082,10,0
1599987271336756094,one,1,7093,10,0
1599987271369146310,one,1,7099,10,0
1599987271432518010,one,1,7110,10,0
1599987271464518871,one,1,7115,10,0
1599987271528382424,one,1,7127,10,0
1599987271592481642,one,1,7138,10,0
1599987271624469539,one,1,7144,10,0
1599987271688655182,one,1,7155,10,0
1599987271720408456,one,1,7161,10,0
1599987271784387965,one,1,7171,10,0
1599987271816485764,one,1,7177,10,0
1599987271880425110,one,1,7189,10,0
1599987271944560605,one,1,7200,10,0
1599987271976543570,one,1,7205,10,0
1599987272040380985,one,1,7216,10,0
1599987272072435200,one,1,7222,10,0
1599987272136467725,one,1,7233,10,0
1599987272168835020,one,1,7239,10,0
1599987272232475142,one,1,7250,10,0
1599987272264556875,one,1,7256,10,0
1599987272328523954,one,1,7267,10,0
1599987272392141329,one,1,7278,10,0
1599987272424053747,one,1,7284,10,0
1599987272488630331,one,1,7295,10,0
1599987272520614725,one,1,7300,10,0
1599987272584482490,one,1,7312,10,0
1599987272616438333,one,1,7317,10,0
1599987272680373721,one,1,7328,10,0
1599987272744234462,one,1,7339,10,0
1599987272776399744,one,1,7344,10,0
1599987272840388649,one,1,7355,10,0
1599987272872469130,one,1,7361,10,0
1599987272936395021,one,1,7372,10,0
1599987272968305114,one,1,7378,10,0
1599987273032252023,one,1,7389,10,0
1599987273064466235,one,1,7394,10,0
1599987273128324329,one,1,7405,10,0
1599987273192403277,one,1,7417,10,0
1599987273224403943,one,1,7422,10,0
1599987273288385674,one,1,7434,10,0
1599987273320235725,one,1,7439,10,0
1599987273384047288,one,1,7450,10,0
1599987273416035519,one,1,7456,10,0
1599987273480555029,one,1,7466,10,0
1599987273544414050,one,1,7477,10,0
1599987273576319594,one,1,7482,10,0
1599987273640385271,one,1,7493,10,0
1599987273672318147,one,1,7498,10,0
1599987273736231132,one,1,7510,10,0
1599987273768487186,one,1,7515,10,0
1599987273832231944,one,1,7525,10,0
1599987273864245985,one,1,7531,10,0
1599987273928370320,one,1,7542,10,0
1599987273992344379,one,1,7552,10,0
1599987274024290947,one,1,7558,10,0
1599987274088017298,one,1,7569,10,0
1599987274119742844,one,1,7574,10,0
1599987274184463275,one,1,7585,10,0
1599987274216445736,one,1,7590,10,0
1599987274280314168,one,1,7601,10,0
1599987274344242956,one,1,7612,10,0
1599987274376252821,one,1,7617,10,0
1599987274440254627,one,1,7628,10,0
1599987274472254781,one,1,7633,10,0
1599987274536284295,one,1,7644,10,0
1599987274568117991,one,1,7650,10,0
1599987274631819119,one,1,7660,10,0
1599987274663612257,one,1,7666,10,0
1599987274728501970,one,1,7677,10,0
1599987274792296612,one,1,7687,10,0
1599987274824314784,one,1,7692,10,0
1599987274888195516,one,1,7703,10,0
1599987274920222955,one,1,7709,10,0
1599987274984182650,one,1,7720,10,0
1599987275016333354,one,1,7725,10,0
1599987275080153716,one,1,7735,10,0
1599987275144154884,one,1,7746,10,0
1599987275176259267,one,1,7752,10,0
1599987275240120927,one,1,7763,10,0
1599987275272136231,one,1,7768,10,0
1599987275336138119,one,1,7778,10,0
1599987275368242024,one,1,7784,10,0
1599987275432336053,one,1,7794,10,0
1599987275464382680,one,1,7800,10,0
1599987275528259006,one,1,7810,10,0
1599987275592344476,one,1,7821,10,0
1599987275624254064,one,1,7827,10,0
1599987275687817729,one,1,7838,10,0
1599987275719612204,one,1,7842,10,0
1599987275784176670,one,1,7853,10,0
1599987275816255329,one,1,7859,10,0
1599987275880078002,one,1,7869,10,0
1599987275944072014,one,1,7880,10,0
1599987275976308539,one,1,7885,10,0
1599987276040080902,one,1,7896,10,0
1599987276072222831,one,1,7901,10,0
1599987276136082510,one,1,7911,9,0
1599987276168125787,one,1,7916,9,0
1599987276232025417,one,1,7928,9,0
1599987276264020210,one,1,7934,9,0
1599987276328109996,one,1,7944,10,0
1599987276392072237,one,1,7955,10,0
1599987276424027170,one,1,7961,10,0
1599987276488122618,one,1,7972,10,0
1599987276520028417,one,1,7978,10,0
1599987276585009934,one,1,7989,10,0
1599987276615956682,one,1,7994,10,0
1599987276680148628,one,1,8005,10,0
1599987276744090148,one,1,8017,10,0
1599987276776017055,one,1,8022,10,0
1599987276840166877,one,1,8033,10,0
1599987276871926505,one,1,8038,10,0
1599987276936047229,one,1,8050,10,0
1599987276968111047,one,1,8055,10,0
1599987277031937469,one,1,8066,10,0
1599987277063970493,one,1,8072,10,0
1599987277127562906,one,1,8082,10,0
1599987277192189947,one,1,8093,10,0
1599987277224000804,one,1,8099,10,0
1599987277288073134,one,1,8110,10,0
1599987277319568071,one,1,8116,10,0
1599987277383480145,one,1,8126,10,0
1599987277416154428,one,1,8131,10,0
1599987277480174505,one,1,8143,10,0
1599987277544077397,one,1,8154,10,0
1599987277576056112,one,1,8160,10,0
1599987277640064288,one,1,8171,10,0
1599987277671899547,one,1,8178,10,0
1599987277735977151,one,1,8189,10,0
1599987277767938892,one,1,8194,10,0
1599987277831861453,one,1,8205,10,0
1599987277864079663,one,1,8210,10,0
1599987277927885628,one,1,8222,10,0
1599987277992036811,one,1,8233,10,0
1599987278023967952,one,1,8238,10,0
1599987278088017756,one,1,8249,10,0
1599987278119869433,one,1,8255,10,0
1599987278183865185,one,1,8266,10,0
1599987278215974753,one,1,8271,10,0
1599987278280002618,one,1,8282,10,0
1599987278343934097,one,1,8294,10,0
1599987278375936181,one,1,8299,10,0
1599987278439834543,one,1,8310,10,0
1599987278471833799,one,1,8316,10,0
1599987278535869795,one,1,8326,10,0
1599987278567930142,one,1,8332,10,0
1599987278631792383,one,1,8343,10,0
1599987278664028820,one,1,8349,10,0
1599987278727788412,one,1,8358,10,0
1599987278791983307,one,1,8370,10,0
1599987278823870113,one,1,8375,10,0
1599987278887884130,one,1,8386,10,0
1599987278919771263,one,1,8392,10,0
1599987278983765252,one,1,8403,10,0
1599987279015958808,one,1,8408,10,0
1599987279080013211,one,1,8420,10,0
1599987279143766656,one,1,8431,10,0
1599987279175841187,one,1,8436,10,0
1599987279239805119,one,1,8447,10,0
1599987279271817119,one,1,8453,10,0
1599987279335887404,one,1,8464,10,0
1599987279372865061,one,1,8470,10,0
1599987279431508031,one,1,8481,10,0
1599987279495807154,one,1,8492,10,0
1599987279528124147,one,1,8497,10,0
1599987279591910069,one,1,8509,10,0
1599987279623393968,one,1,8514,10,0
1599987279687487490,one,1,8525,10,0
1599987279719418276,one,1,8531,10,0
1599987279783667607,one,1,8543,10,0
1599987279815750641,one,1,8547,10,0
1599987279879869885,one,1,8558,10,0
1599987279943749135,one,1,8569,10,0
1599987279975993605,one,1,8575,10,0
1599987280039705993,one,1,8586,10,0
1599987280071771476,one,1,8591,10,0
1599987280135277964,one,1,8603,10,0
1599987280167776369,one,1,8608,10,0
1599987280231717745,one,1,8619,10,0
1599987280295759140,one,1,8631,10,0
1599987280327797710,one,1,8636,10,0
1599987280391815484,one,1,8647,10,0
1599987280423890107,one,1,8653,10,0
1599987280487760012,one,1,8663,10,0
1599987280519711974,one,1,8669,10,0
1599987280583670329,one,1,8680,10,0
1599987280615672847,one,1,8686,10,0
1599987280679706858,one,1,8697,10,0
1599987280743770544,one,1,8708,10,0
1599987280775672588,one,1,8713,10,0
1599987280839646806,one,1,8724,10,0
1599987280871775766,one,1,8730,10,0
1599987280935650585,one,1,8741,10,0
1599987280967772408,one,1,8747,10,0
1599987281031733838,one,1,8757,10,0
1599987281095843512,one,1,8769,10,0
1599987281127646919,one,1,8774,10,0
1599987281191644651,one,1,8785,10,0
1599987281223751388,one,1,8790,10,0
1599987281287763387,one,1,8802,10,0
1599987281319663681,one,1,8807,10,0
1599987281383674199,one,1,8818,10,0
1599987281415689005,one,1,8825,10,0
1599987281479629594,one,1,8835,10,0
1599987281543586942,one,1,8846,10,0
1599987281575592787,one,1,8852,10,0
1599987281639556201,one,1,8862,10,0
1599987281671670668,one,1,8868,10,0
1599987281735530134,one,1,8880,10,0
1599987281767520110,one,1,8885,10,0
1599987281831585399,one,1,8896,10,0
1599987281895594356,one,1,8907,10,0
1599987281927525972,one,1,8913,10,0
1599987281991605560,one,1,8924,10,0
1599987282023741319,one,1,8929,10,0
1599987282087635025,one,1,8939,10,0
1599987282119536389,one,1,8945,10,0
1599987282183684328,one,1,8956,10,0
1599987282215757936,one,1,8961,10,0
1599987282279715464,one,1,8973,10,0
1599987282343704840,one,1,8983,10,0
1599987282375614189,one,1,8989,10,0
1599987282439653930,one,1,9000,10,0
1599987282471801518,one,1,9006,10,0
1599987282535674161,one,1,9016,10,0
1599987282567535704,one,1,9022,10,0
1599987282631432257,one,1,9033,10,0
1599987282695436624,one,1,9044,10,0
1599987282727547172,one,1,9050,10,0
1599987282791498447,one,1,9061,10,0
1599987282823498729,one,1,9066,10,0
1599987282887403024,one,1,9077,10,0
1599987282919544026,one,1,9083,10,0
1599987282983573092,one,1,9094,10,0
1599987283015431547,one,1,9100,10,0
1599987283079190171,one,1,9110,10,0
1599987283143123185,one,1,9120,10,0
1599987283175525791,one,1,9126,10,0
1599987283239478070,one,1,9136,10,0
1599987283270921275,one,1,9142,10,0
1599987283335732435,one,1,9153,10,0
1599987283367515611,one,1,9159,10,0
1599987283431540838,one,1,9170,10,0
1599987283495493429,one,1,9181,10,0
1599987283527417307,one,1,9187,10,0
1599987283591400487,one,1,9197,10,0
1599987283623499646,one,1,9203,10,0
1599987283687398738,one,1,9213,10,0
1599987283719536115,one,1,9219,10,0
1599987283783434042,one,1,9230,10,0
1599987283815653875,one,1,9235,10,0
1599987283879840884,one,1,9247,10,0
1599987283943608036,one,1,9257,10,0
1599987283975468064,one,1,9263,10,0
1599987284039455932,one,1,9274,10,0
1599987284071490491,one,1,9279,10,0
1599987284135298060,one,1,9291,10,0
1599987284167344390,one,1,9296,10,0
1599987284231422045,one,1,9307,10,0
1599987284295319118,one,1,9318,10,0
1599987284327338093,one,1,9323,10,0
1599987284391355097,one,1,9334,10,0
1599987284424747352,one,1,9339,10,0
1599987284487479848,one,1,9350,10,0
1599987284519290713,one,1,9356,10,0
1599987284583464327,one,1,9367,10,0
1599987284615450021,one,1,9373,10,0
1599987284679346782,one,1,9383,10,0
1599987284743497588,one,1,9394,10,0
1599987284775427527,one,1,9400,10,0
1599987284839405685,one,1,9411,10,0
1599987284871452252,one,1,9416,10,0
1599987284935263531,one,1,9427,10,0
1599987284967390086,one,1,9433,10,0
1599987285031389528,one,1,9444,10,0
1599987285095374006,one,1,9455,10,0
1599987285127339265,one,1,9460,10,0
1599987285191428032,one,1,9472,10,0
1599987285223452687,one,1,9478,10,0
1599987285287406095,one,1,9488,10,0
1599987285319378721,one,1,9494,10,0
1599987285383322822,one,1,9505,10,0
1599987285415213125,one,1,9509,10,0
1599987285479319682,one,1,9521,10,0
1599987285543297833,one,1,9532,10,0
1599987285575349754,one,1,9537,10,0
1599987285639358608,one,1,9549,10,0
1599987285671291082,one,1,9554,10,0
1599987285735300698,one,1,9565,10,0
1599987285767228051,one,1,9571,10,0
1599987285831382204,one,1,9582,10,0
1599987285895202754,one,1,9593,10,0
1599987285927247677,one,1,9599,10,0
1599987285991315036,one,1,9610,10,0
1599987286023353638,one,1,9615,10,0
1599987286086761908,one,1,9626,10,0
1599987286118668216,one,1,9632,10,0
1599987286183426198,one,1,9643,10,0
1599987286215422793,one,1,9649,10,0
1599987286279458895,one,1,9660,10,0
1599987286343297613,one,1,9671,10,0
1599987286375280930,one,1,9677,10,0
1599987286439318411,one,1,9688,10,0
1599987286471260731,one,1,9693,10,0
1599987286535428157,one,1,9704,10,0
1599987286567210143,one,1,9710,10,0
1599987286630968467,one,1,9720,10,0
1599987286694967943,one,1,9732,10,0
1599987286726936082,one,1,9737,10,0
1599987286791233584,one,1,9748,10,0
1599987286823228248,one,1,9754,10,0
1599987286887168129,one,1,9764,10,0
1599987286919306254,one,1,9770,10,0
1599987286983280545,one,1,9781,10,0
1599987287015261674,one,1,9787,10,0
1599987287079349782,one,1,9798,10,0
1599987287143254588,one,1,9809,10,0
1599987287175327496,one,1,9815,10,0
1599987287239229197,one,1,9826,10,0
1599987287271467806,one,1,9831,10,0
1599987287335188631,one,1,9843,10,0
1599987287367235415,one,1,9848,10,0
1599987287431265398,one,1,9859,10,0
1599987287494717434,one,1,9870,10,0
1599987287527275914,one,1,9876,10,0
1599987287591196232,one,1,9886,10,0
1599987287623200719,one,1,9892,10,0
1599987287687151713,one,1,9904,10,0
1599987287719084230,one,1,9909,10,0
1599987287783217191,one,1,9920,10,0
1599987287815311550,one,1,9925,10,0
1599987287879253708,one,1,9936,10,0
1599987287943166757,one,1,9947,10,0
1599987287975291130,one,1,9953,10,0
1599987288039081409,one,1,9964,10,0
1599987288071090083,one,1,9969,10,0
1599987288135032918,one,1,9981,10,0
1599987288167076184,one,1,9986,10,0
1599987288231043002,one,1,9997,10,0
1599987288294979698,one,1,10008,10,0
1599987288327135476,one,1,10013,10,0
1599987288391106799,one,1,10024,10,0
1599987288423528193,one,1,10029,10,0
1599987288486447989,one,1,10040,10,0
1599987288518520442,one,1,10045,10,0
1599987288583254139,one,1,10056,10,0
1599987288615297914,one,1,10061,10,0
1599987288679071209,one,1,10073,10,0
1599987288743170287,one,1,10084,10,0
1599987288775217307,one,1,10090,10,0
1599987288839047557,one,1,10101,10,0
1599987288871110782,one,1,10106,10,0
1599987288935050601,one,1,10117,10,0
1599987288967196176,one,1,10122,10,0
1599987289031085187,one,1,10133,10,0
1599987289094437803,one,1,10144,10,0
1599987289126462995,one,1,10148,10,0
1599987289191097661,one,1,10159,10,0
1599987289223031560,one,1,10165,10,0
1599987289287089631,one,1,10175,10,0
1599987289318660432,one,1,10181,10,0
1599987289382374678,one,1,10192,10,0
1599987289414920262,one,1,10197,10,0
1599987289478968776,one,1,10208,10,0
1599987289543173423,one,1,10219,10,0
1599987289575085097,one,1,10224,10,0
1599987289639058657,one,1,10235,10,0
1599987289671062018,one,1,10241,10,0
1599987289735012425,one,1,10252,10,0
1599987289767207580,one,1,10257,10,0
1599987289830985982,one,1,10267,10,0
1599987289895042518,one,1,10280,10,0
1599987289926884716,one,1,10285,10,0
1599987289991022106,one,1,10295,10,0
1599987290022905354,one,1,10301,10,0
1599987290086382839,one,1,10312,10,0
1599987290118602906,one,1,10317,10,0
1599987290183125974,one,1,10328,10,0
1599987290215037000,one,1,10333,10,0
1599987290279065605,one,1,10344,10,0
1599987290342992985,one,1,10355,10,0
1599987290375016540,one,1,10360,10,0
1599987290438989262,one,1,10372,10,0
1599987290470706033,one,1,10377,10,0
1599987290534836324,one,1,10387,10,0
1599987290566772440,one,1,10393,10,0
1599987290631049329,one,1,10404,10,0
1599987290694678511,one,1,10415,10,0
1599987290726529545,one,1,10420,10,0
1599987290790968369,one,1,10431,10,0
1599987290822971066,one,1,10437,10,0
1599987290887068979,one,1,10448,10,0
1599987290918782880,one,1,10453,10,0
1599987290982856521,one,1,10465,10,0
1599987291014833040,one,1,10470,10,0
1599987291078887319,one,1,10481,10,0
1599987291142771648,one,1,10492,10,0
1599987291175067462,one,1,10498,10,0
1599987291239045557,one,1,10508,10,0
1599987291271094245,one,1,10514,10,0
1599987291334825214,one,1,10525,10,0
1599987291369640517,one,1,10530,10,0
1599987291430887397,one,1,10541,10,0
1599987291494951961,one,1,10552,10,0
1599987291526783886,one,1,10557,10,0
1599987291592733059,one,1,10568,10,0
1599987291622879903,one,1,10573,10,0
1599987291686908660,one,1,10584,10,0
1599987291718776986,one,1,10590,10,0
1599987291783014147,one,1,10601,10,0
1599987291814815294,one,1,10606,10,0
1599987291878454636,one,1,10617,10,0
1599987291942788434,one,1,10628,10,0
1599987291975405259,one,1,10633,10,0
1599987292038788169,one,1,10644,10,0
1599987292070862897,one,1,10650,10,0
1599987292134239314,one,1,10662,10,0
1599987292166982057,one,1,10667,10,0
1599987292230819344,one,1,10678,10,0
1599987292295027545,one,1,10689,10,0
1599987292326760941,one,1,10694,10,0
1599987292394571040,one,1,10705,10,0
1599987292422230984,one,1,10711,10,0
1599987292486143730,one,1,10722,10,0
1599987292518759275,one,1,10728,10,0
1599987292582773630,one,1,10738,10,0
1599987292614677404,one,1,10743,10,0
1599987292678643875,one,1,10755,10,0
1599987292742676808,one,1,10766,10,0
1599987292774658494,one,1,10771,10,0
1599987292838696778,one,1,10782,10,0
1599987292870644762,one,1,10788,10,0
1599987292934708303,one,1,10799,10,0
1599987292966596720,one,1,10804,10,0
1599987293030710011,one,1,10815,10,0
1599987293094683941,one,1,10826,10,0
1599987293126621374,one,1,10831,10,0
1599987293190925471,one,1,10842,10,0
1599987293222528925,one,1,10849,10,0
1599987293286717797,one,1,10859,10,0
1599987293318621718,one,1,10865,10,0
1599987293382814789,one,1,10876,10,0
1599987293414727473,one,1,10881,10,0
1599987293478919837,one,1,10892,10,0
1599987293542647456,one,1,10903,10,0
1599987293574657298,one,1,10908,10,0
1599987293638817291,one,1,10919,10,0
1599987293670098072,one,1,10925,10,0
1599987293734720968,one,1,10935,10,0
1599987293766489912,one,1,10941,10,0
1599987293830616525,one,1,10952,10,0
1599987293894655449,one,1,10963,10,0
1599987293926620114,one,1,10968,10,0
1599987293990715049,one,1,10980,10,0
1599987294022870168,one,1,10985,10,0
1599987294086773381,one,1,10997,10,0
1599987294118594446,one,1,11002,10,0
1599987294182725951,one,1,11013,10,0
1599987294214638105,one,1,11019,10,0
1599987294278846206,one,1,11030,10,0
1599987294342440936,one,1,11041,10,0
1599987294374589508,one,1,11046,10,0
1599987294438493677,one,1,11057,10,0
1599987294470530625,one,1,11062,10,0
1599987294534492762,one,1,11074,10,0
1599987294566016150,one,1,11079,10,0
1599987294630509145,one,1,11090,10,0
1599987294694512041,one,1,11100,10,0
1599987294726584635,one,1,11105,10,0
1599987294790581075,one,1,11116,10,0
1599987294821945094,one,1,11121,10,0
1599987294886452149,one,1,11132,10,0
1599987294918324444,one,1,11138,10,0
1599987294982343668,one,1,11149,10,0
1599987295014430144,one,1,11154,10,0
1599987295078366642,one,1,11165,10,0
1599987295142311057,one,1,11176,10,0
1599987295174814221,one,1,11182,10,0
1599987295238753044,one,1,11192,10,0
1599987295270488478,one,1,11197,10,0
1599987295334597914,one,1,11208,10,0
1599987295366365219,one,1,11214,10,0
1599987295430338838,one,1,11225,10,0
1599987295494609322,one,1,11236,10,0
1599987295526368162,one,1,11241,10,0
1599987295590307208,one,1,11252,10,0
1599987295622410349,one,1,11258,10,0
1599987295686340120,one,1,11269,10,0
1599987295718398168,one,1,11274,10,0
1599987295782444182,one,1,11285,10,0
1599987295814493433,one,1,11290,10,0
1599987295878461761,one,1,11302,10,0
1599987295942516409,one,1,11313,10,0
1599987295974338258,one,1,11318,10,0
1599987296038422114,one,1,11329,10,0
1599987296070365212,one,1,11335,10,0
1599987296134456843,one,1,11346,10,0
1599987296166467855,one,1,11351,10,0
1599987296230361962,one,1,11362,10,0
1599987296294344968,one,1,11373,10,0
1599987296326396501,one,1,11379,10,0
1599987296390428510,one,1,11389,10,0
1599987296422438465,one,1,11395,10,0
1599987296486512747,one,1,11406,10,0
1599987296518497724,one,1,11412,10,0
1599987296582394004,one,1,11423,10,0
1599987296614296504,one,1,11427,10,0
1599987296678364161,one,1,11438,10,0
1599987296742232393,one,1,11449,10,0
1599987296774318867,one,1,11455,10,0
1599987296838336428,one,1,11465,10,0
1599987296870288976,one,1,11471,10,0
1599987296934336529,one,1,11482,10,0
1599987296966429365,one,1,11488,10,0
1599987297030444753,one,1,11498,10,0
1599987297094352946,one,1,11509,10,0
1599987297126311995,one,1,11514,10,0
1599987297190407739,one,1,11526,10,0
1599987297222372734,one,1,11531,10,0
1599987297285836813,one,1,11542,10,0
1599987297318213574,one,1,11548,10,0
1599987297382419831,one,1,11559,10,0
1599987297414418491,one,1,11564,10,0
1599987297478476103,one,1,11576,10,0
1599987297542466651,one,1,11586,10,0
1599987297574306235,one,1,11593,10,0
1599987297638301107,one,1,11604,10,0
1599987297670803410,one,1,11609,10,0
1599987297734467766,one,1,11620,10,0
1599987297766395795,one,1,11626,10,0
1599987297830240075,one,1,11636,10,0
1599987297894325588,one,1,11647,10,0
1599987297926228539,one,1,11653,10,0
1599987297990242130,one,1,11664,10,0
1599987298022367575,one,1,11670,10,0
1599987298085700697,one,1,11681,10,0
1599987298117663886,one,1,11686,10,0
1599987298182288175,one,1,11698,10,0
1599987298214327028,one,1,11703,10,0
1599987298278239334,one,1,11714,10,0
1599987298342259622,one,1,11725,10,0
1599987298374359849,one,1,11731,10,0
1599987298438262854,one,1,11742,10,0
1599987298470453364,one,1,11747,10,0
1599987298534344471,one,1,11759,10,0
1599987298566183124,one,1,11764,10,0
1599987298630206972,one,1,11775,10,0
1599987298694191491,one,1,11786,10,0
1599987298726097149,one,1,11792,10,0
1599987298790264518,one,1,11803,10,0
1599987298822210526,one,1,11809,10,0
1599987298886173255,one,1,11820,10,0
1599987298918045539,one,1,11826,10,0
1599987298982142202,one,1,11837,10,0
1599987299014180051,one,1,11842,10,0
1599987299078238773,one,1,11853,10,0
1599987299142200605,one,1,11865,10,0
1599987299174091615,one,1,11870,10,0
1599987299238061390,one,1,11881,10,0
1599987299270709074,one,1,11887,10,0
1599987299333826137,one,1,11898,10,0
1599987299365616449,one,1,11903,10,0
1599987299430094317,one,1,11914,10,0
1599987299494147554,one,1,11926,10,0
1599987299526127489,one,1,11931,10,0
1599987299590432946,one,1,11942,10,0
1599987299622314407,one,1,11948,10,0
1599987299686183615,one,1,11958,10,0
1599987299717842379,one,1,11964,10,0
1599987299781780013,one,1,11975,10,0
1599987299814030848,one,1,11980,10,0
1599987299878119173,one,1,11992,10,0
1599987299942004141,one,1,12001,10,0
1599987299974057323,one,1,12007,10,0
1599987300038041752,one,1,12018,10,0
1599987300070114152,one,1,12024,10,0
1599987300134125929,one,1,12035,10,0
1599987300166079811,one,1,12040,10,0
1599987300230152306,one,1,12051,10,0
1599987300294259190,one,1,12062,10,0
1599987300325949676,one,1,12068,10,0
1599987300389978590,one,1,12079,10,0
1599987300422002571,one,1,12085,10,0
1599987300486008807,one,1,12096,10,0
1599987300517954823,one,1,12101,10,0
1599987300582060420,one,1,12113,10,0
1599987300614054265,one,1,12118,10,0
1599987300678057600,one,1,12129,10,0
1599987300741918899,one,1,12140,10,0
1599987300773979693,one,1,12146,10,0
1599987300837905332,one,1,12157,10,0
1599987300869943170,one,1,12162,10,0
1599987300934066958,one,1,12173,10,0
1599987300966102749,one,1,12179,10,0
1599987301030023249,one,1,12190,10,0
1599987301093486852,one,1,12201,10,0
1599987301125415530,one,1,12206,10,0
1599987301190070854,one,1,12218,10,0
1599987301221874528,one,1,12223,10,0
1599987301286022388,one,1,12234,10,0
1599987301317773530,one,1,12239,10,0
1599987301381981346,one,1,12251,10,0
1599987301413907064,one,1,12257,10,0
1599987301477818410,one,1,12268,10,0
1599987301541980528,one,1,12280,10,0
1599987301573940500,one,1,12285,10,0
1599987301637888602,one,1,12297,10,0
1599987301670018565,one,1,12302,10,0
1599987301733836042,one,1,12313,10,0
1599987301765980444,one,1,12318,10,0
1599987301829826850,one,1,12329,10,0
1599987301894021345,one,1,12340,10,0
1599987301925756486,one,1,12346,10,0
1599987301989930025,one,1,12357,10,0
1599987302021782513,one,1,12363,10,0
1599987302085855281,one,1,12373,10,0
1599987302118097670,one,1,12379,10,0
1599987302181832918,one,1,12390,10,0
1599987302213890011,one,1,12395,10,0
1599987302277800923,one,1,12406,10,0
1599987302341771976,one,1,12418,10,0
1599987302373785542,one,1,12423,10,0
1599987302437894400,one,1,12434,10,0
1599987302470092658,one,1,12440,10,0
1599987302533896613,one,1,12449,10,0
1599987302565829425,one,1,12455,10,0
1599987302629825267,one,1,12465,10,0
1599987302693858560,one,1,12477,10,0
1599987302725747442,one,1,12482,10,0
1599987302789840671,one,1,12493,10,0
1599987302821698398,one,1,12499,10,0
1599987302885840002,one,1,12510,10,0
1599987302917824726,one,1,12516,10,0
1599987302981811551,one,1,12527,10,0
1599987303045613139,one,1,12538,10,0
1599987303077892227,one,1,12544,10,0
1599987303141982919,one,1,12554,10,0
1599987303173832213,one,1,12560,10,0
1599987303237698945,one,1,12571,10,0
1599987303269812978,one,1,12577,10,0
1599987303333832032,one,1,12587,10,0
1599987303365889372,one,1,12593,10,0
1599987303429808043,one,1,12604,10,0
1599987303493904958,one,1,12615,10,0
1599987303525813165,one,1,12621,10,0
1599987303589950846,one,1,12632,10,0
1599987303621698106,one,1,12638,10,0
1599987303685884185,one,1,12648,10,0
1599987303717473316,one,1,12653,10,0
1599987303781739882,one,1,12665,10,0
1599987303845625863,one,1,12675,10,0
1599987303877846552,one,1,12681,10,0
1599987303941886365,one,1,12692,10,0
1599987303973631814,one,1,12698,10,0
1599987304037680685,one,1,12708,10,0
1599987304070046312,one,1,12714,10,0
1599987304133385462,one,1,12725,10,0
1599987304165804650,one,1,12730,10,0
1599987304229686610,one,1,12742,10,0
1599987304293926933,one,1,12752,10,0
1599987304325645929,one,1,12758,10,0
1599987304389855240,one,1,12769,10,0
1599987304421671819,one,1,12775,10,0
1599987304486032079,one,1,12786,10,0
1599987304517551827,one,1,12792,10,0
1599987304581685306,one,1,12802,10,0
1599987304645777819,one,1,12814,10,0
1599987304677709901,one,1,12819,10,0
1599987304741592011,one,1,12830,10,0
1599987304773573880,one,1,12835,10,0
1599987304837683668,one,1,12847,10,0
1599987304869572852,one,1,12852,10,0
1599987304933548930,one,1,12863,10,0
1599987304965661913,one,1,12869,10,0
1599987305029582805,one,1,12879,10,0
1599987305093626496,one,1,12891,10,0
1599987305125747093,one,1,12896,10,0
1599987305189661171,one,1,12908,10,0
1599987305221548166,one,1,12913,10,0
1599987305285602243,one,1,12924,10,0
1599987305317555675,one,1,12929,10,0
1599987305381057717,one,1,12941,10,0
1599987305445700192,one,1,12951,10,0
1599987305477214514,one,1,12956,10,0
1599987305541625575,one,1,12968,10,0
1599987305573585409,one,1,12973,10,0
1599987305637671078,one,1,12984,10,0
1599987305669677236,one,1,12990,10,0
1599987305733399651,one,1,13000,10,0
1599987305765319419,one,1,13006,10,0
1599987305829493219,one,1,13017,10,0
1599987305893732475,one,1,13028,10,0
1599987305925680033,one,1,13033,10,0
1599987305989498715,one,1,13044,10,0
1599987306021480457,one,1,13049,10,0
1599987306085413753,one,1,13060,10,0
1599987306117395862,one,1,13065,10,0
1599987306181510834,one,1,13076,10,0
1599987306245628728,one,1,13087,10,0
1599987306277527981,one,1,13092,10,0
1599987306341484314,one,1,13104,10,0
1599987306373613649,one,1,13109,10,0
1599987306437480653,one,1,13120,10,0
1599987306469528349,one,1,13125,10,0
1599987306533509472,one,1,13136,10,0
1599987306565566049,one,1,13141,10,0
1599987306629560753,one,1,13153,10,0
1599987306693543987,one,1,13163,10,0
1599987306725398493,one,1,13169,10,0
1599987306789486920,one,1,13180,10,0
1599987306821470655,one,1,13185,10,0
1599987306885764709,one,1,13197,10,0
1599987306917515154,one,1,13202,10,0
1599987306981557129,one,1,13213,10,0
1599987307045597691,one,1,13223,10,0
1599987307077547680,one,1,13228,10,0
1599987307141090148,one,1,13239,10,0
1599987307173539028,one,1,13244,10,0
1599987307237432396,one,1,13255,10,0
1599987307268963231,one,1,13261,10,0
1599987307333552578,one,1,13271,10,0
1599987307365518474,one,1,13277,10,0
1599987307429506733,one,1,13288,10,0
1599987307493616021,one,1,13299,10,0
1599987307525594321,one,1,13304,10,0
1599987307589636352,one,1,13315,10,0
1599987307621438081,one,1,13321,10,0
1599987307685510001,one,1,13331,10,0
1599987307717630645,one,1,13337,10,0
1599987307781699514,one,1,13348,10,0
1599987307845292347,one,1,13359,10,0
1599987307877516369,one,1,13364,10,0
1599987307941356843,one,1,13375,10,0
1599987307973395492,one,1,13380,10,0
1599987308037252133,one,1,13391,10,0
1599987308069337270,one,1,13396,10,0
1599987308133366771,one,1,13407,10,0
1599987308165554908,one,1,13411,10,0
1599987308229292792,one,1,13422,10,0
1599987308293309793,one,1,13433,10,0
1599987308325264124,one,1,13439,10,0
1599987308389333663,one,1,13449,10,0
1599987308421304626,one,1,13455,10,0
1599987308485280150,one,1,13466,10,0
1599987308517215989,one,1,13471,10,0
1599987308581336923,one,1,13481,10,0
1599987308645438721,one,1,13492,10,0
1599987308677373052,one,1,13497,10,0
1599987308741308382,one,1,13508,10,0
1599987308773328226,one,1,13514,10,0
1599987308837338681,one,1,13525,10,0
1599987308869401051,one,1,13530,10,0
1599987308933232734,one,1,13541,10,0
1599987308965432238,one,1,13546,10,0
1599987309029188495,one,1,13557,10,0
1599987309093342325,one,1,13567,10,0
1599987309125263676,one,1,13573,10,0
1599987309189466618,one,1,13584,10,0
1599987309221343142,one,1,13589,10,0
1599987309286140676,one,1,13600,10,0
1599987309317519214,one,1,13605,10,0
1599987309380833415,one,1,13617,10,0
1599987309445291544,one,1,13627,10,0
1599987309477290468,one,1,13632,10,0
1599987309541437302,one,1,13643,10,0
1599987309573326025,one,1,13648,10,0
1599987309637219436,one,1,13659,10,0
1599987309669393571,one,1,13665,10,0
1599987309733531230,one,1,13676,10,0
1599987309765493731,one,1,13681,10,0
1599987309829299025,one,1,13692,10,0
1599987309893387895,one,1,13703,10,0
1599987309925334959,one,1,13709,10,0
1599987309989228230,one,1,13719,10,0
1599987310021218591,one,1,13724,10,0
1599987310085221574,one,1,13735,10,0
1599987310116718443,one,1,13741,10,0
1599987310181269581,one,1,13752,10,0
1599987310245439564,one,1,13763,10,0
1599987310276664886,one,1,13768,10,0
1599987310341231746,one,1,13779,9,0
1599987310373259620,one,1,13784,9,0
1599987310437255614,one,1,13795,9,0
1599987310469377084,one,1,13801,9,0
1599987310533321237,one,1,13812,9,0
1599987310565211984,one,1,13818,9,0
1599987310629232570,one,1,13829,9,0
1599987310693213124,one,1,13840,9,0
1599987310725025405,one,1,13845,9,0
1599987310788637655,one,1,13857,9,0
1599987310821182383,one,1,13862,9,0
1599987310885247337,one,1,13873,9,0
1599987310917165678,one,1,13879,9,0
1599987310981403410,one,1,13890,9,0
1599987311045287383,one,1,13901,9,0
1599987311077283477,one,1,13906,9,0
1599987311141056833,one,1,13917,9,0
1599987311173119470,one,1,13923,9,0
1599987311237156499,one,1,13935,9,0
1599987311269041505,one,1,13940,9,0
1599987311333145606,one,1,13951,9,0
1599987311365129122,one,1,13957,9,0
1599987311429142344,one,1,13967,9,0
1599987311493146216,one,1,13979,9,0
1599987311524984569,one,1,13984,9,0
1599987311589281417,one,1,13995,9,0
1599987311620920891,one,1,14001,9,0
1599987311685288257,one,1,14012,9,0
1599987311716946769,one,1,14017,9,0
1599987311781328248,one,1,14029,9,0
1599987311845152926,one,1,14039,9,0
1599987311877065375,one,1,14045,9,0
1599987311940991461,one,1,14056,9,0
1599987311973255099,one,1,14061,9,0
1599987312037087723,one,1,14072,9,0
1599987312069019155,one,1,14078,9,0
1599987312132954839,one,1,14089,9,0
1599987312165040263,one,1,14094,9,0
1599987312229036124,one,1,14105,9,0
1599987312293104103,one,1,14116,9,0
1599987312325004604,one,1,14122,9,0
1599987312389067122,one,1,14132,9,0
1599987312421033332,one,1,14138,9,0
1599987312484950821,one,1,14149,9,0
1599987312517067723,one,1,14154,9,0
1599987312581122661,one,1,14165,9,0
1599987312644976101,one,1,14177,9,0
1599987312677104624,one,1,14182,9,0
1599987312741008004,one,1,14193,9,0
1599987312772974617,one,1,14199,9,0
1599987312837082895,one,1,14210,9,0
1599987312869036660,one,1,14215,9,0
1599987312933100159,one,1,14226,9,0
1599987312965004568,one,1,14232,9,0
1599987313029124676,one,1,14242,9,0
1599987313092455115,one,1,14253,9,0
1599987313124464334,one,1,14257,9,0
1599987313189125420,one,1,14268,9,0
1599987313221059397,one,1,14274,9,0
1599987313285011452,one,1,14285,9,0
1599987313316864428,one,1,14290,9,0
1599987313381323840,one,1,14301,9,0
1599987313444826897,one,1,14313,9,0
1599987313477005598,one,1,14318,9,0
1599987313540874858,one,1,14329,9,0
1599987313572891787,one,1,14334,9,0
1599987313636967015,one,1,14345,9,0
1599987313669215370,one,1,14350,9,0
1599987313732937350,one,1,14362,9,0
1599987313764793998,one,1,14367,9,0
1599987313828830796,one,1,14379,9,0
1599987313893058620,one,1,14390,9,0
1599987313924830862,one,1,14395,9,0
1599987313988864574,one,1,14406,9,0
1599987314020745874,one,1,14411,9,0
1599987314084846955,one,1,14422,9,0
1599987314116840252,one,1,14427,9,0
1599987314180913266,one,1,14438,9,0
1599987314244907559,one,1,14449,9,0
1599987314278099443,one,1,14454,9,0
1599987314340837157,one,1,14465,9,0
1599987314372771196,one,1,14470,9,0
1599987314436754491,one,1,14481,9,0
1599987314469264229,one,1,14486,9,0
1599987314532859754,one,1,14497,9,0
1599987314565375717,one,1,14502,9,0
1599987314628888221,one,1,14513,9,0
1599987314692977125,one,1,14524,9,0
1599987314724972653,one,1,14530,9,0
1599987314788891903,one,1,14540,9,0
1599987314820868724,one,1,14546,9,0
1599987314884777375,one,1,14557,9,0
1599987314916795060,one,1,14563,9,0
1599987314980856472,one,1,14573,9,0
1599987315044921574,one,1,14584,9,0
1599987315076829464,one,1,14590,9,0
1599987315140956947,one,1,14601,9,0
1599987315172847648,one,1,14606,9,0
1599987315236845259,one,1,14617,9,0
1599987315268916861,one,1,14622,9,0
1599987315332773409,one,1,14633,9,0
1599987315371363184,one,1,14639,9,0
1599987315428506274,one,1,14649,9,0
1599987315492825451,one,1,14660,9,0
1599987315524761229,one,1,14665,9,0
1599987315588696746,one,1,14676,9,0
1599987315620629975,one,1,14682,9,0
1599987315684840500,one,1,14692,9,0
1599987315716644262,one,1,14698,9,0
1599987315780640408,one,1,14709,9,0
1599987315844686712,one,1,14719,9,0
1599987315876788921,one,1,14725,9,0
1599987315940782609,one,1,14735,9,0
1599987315972997125,one,1,14741,9,0
1599987316036619770,one,1,14753,9,0
1599987316068871619,one,1,14758,9,0
1599987316132161217,one,1,14769,9,0
1599987316164400107,one,1,14775,9,0
1599987316228827259,one,1,14786,9,0
1599987316292838470,one,1,14797,9,0
1599987316324233726,one,1,14802,9,0
1599987316388369475,one,1,14813,9,0
1599987316420486850,one,1,14818,9,0
1599987316484550299,one,1,14830,9,0
1599987316516456916,one,1,14835,9,0
1599987316581272423,one,1,14846,9,0
1599987316644725885,one,1,14857,9,0
1599987316676931249,one,1,14862,9,0
1599987316740668959,one,1,14873,9,0
1599987316773007121,one,1,14879,9,0
1599987316836840989,one,1,14889,9,0
1599987316868631256,one,1,14895,9,0
1599987316932692912,one,1,14906,9,0
1599987316964824036,one,1,14911,9,0
1599987317028699332,one,1,14923,9,0
1599987317092376593,one,1,14933,9,0
1599987317124269200,one,1,14939,9,0
1599987317188887023,one,1,14951,9,0
1599987317220632613,one,1,14956,9,0
1599987317284426088,one,1,14967,9,0
1599987317316349510,one,1,14973,9,0
1599987317380251446,one,1,14983,9,0
1599987317444218806,one,1,14995,9,0
1599987317478681582,one,1,15000,9,0
1599987317540270299,one,1,15011,9,0
1599987317572343840,one,1,15016,9,0
1599987317636714271,one,1,15027,9,0
1599987317668918468,one,1,15033,9,0
1599987317732624525,one,1,15043,9,0
1599987317764563056,one,1,15049,9,0
1599987317828500528,one,1,15060,9,0
1599987317892027731,one,1,15071,9,0
1599987317924042256,one,1,15077,9,0
1599987317988666393,one,1,15088,9,0
1599987318020557636,one,1,15094,9,0
1599987318084493941,one,1,15104,9,0
1599987318116556035,one,1,15110,9,0
1599987318180535958,one,1,15121,9,0
1599987318244588988,one,1,15132,9,0
1599987318276612786,one,1,15137,9,0
1599987318340375888,one,1,15149,9,0
1599987318372628561,one,1,15154,9,0
1599987318436467960,one,1,15165,9,0
1599987318468572218,one,1,15171,9,0
1599987318532443051,one,1,15181,9,0
1599987318565107893,one,1,15187,9,0
1599987318628508791,one,1,15198,9,0
1599987318692546981,one,1,15208,9,0
1599987318724352010,one,1,15213,9,0
1599987318788502328,one,1,15225,9,0
1599987318820408419,one,1,15230,9,0
1599987318884356528,one,1,15241,9,0
1599987318916300534,one,1,15246,9,0
1599987318980536835,one,1,15257,9,0
1599987319044361616,one,1,15268,9,0
1599987319076282160,one,1,15273,9,0
1599987319140050286,one,1,15285,9,0
1599987319172480760,one,1,15290,9,0
1599987319236501694,one,1,15301,9,0
1599987319268646289,one,1,15306,9,0
1599987319332091079,one,1,15317,9,0
1599987319364630679,one,1,15323,9,0
1599987319428507780,one,1,15334,9,0
1599987319492394553,one,1,15345,9,0
1599987319524462703,one,1,15350,9,0
1599987319588386845,one,1,15361,9,0
1599987319620503217,one,1,15367,9,0
1599987319684409588,one,1,15377,9,0
1599987319716475259,one,1,15383,9,0
1599987319780588361,one,1,15394,9,0
1599987319844424655,one,1,15405,9,0
1599987319876611045,one,1,15410,9,0
1599987319940361503,one,1,15421,9,0
1599987319972376947,one,1,15427,9,0
1599987320036398856,one,1,15438,9,0
1599987320068422837,one,1,15443,9,0
1599987320132364487,one,1,15455,9,0
1599987320164468616,one,1,15460,9,0
1599987320228264263,one,1,15471,9,0
1599987320292359683,one,1,15482,9,0
1599987320324280835,one,1,15488,9,0
1599987320388040512,one,1,15498,9,0
1599987320419820461,one,1,15504,9,0
1599987320483744145,one,1,15515,9,0
1599987320515720968,one,1,15520,9,0
1599987320580318599,one,1,15530,9,0
1599987320644264271,one,1,15541,9,0
1599987320676358632,one,1,15547,9,0
1599987320740179578,one,1,15558,9,0
1599987320772131849,one,1,15563,9,0
1599987320836219282,one,1,15574,9,0
1599987320868290768,one,1,15580,9,0
1599987320932229865,one,1,15590,9,0
1599987320964451968,one,1,15595,9,0
1599987321028166301,one,1,15606,9,0
1599987321092229643,one,1,15617,9,0
1599987321124180712,one,1,15623,9,0
1599987321188277600,one,1,15634,9,0
1599987321220386770,one,1,15639,9,0
1599987321284197901,one,1,15650,9,0
1599987321316161278,one,1,15656,9,0
1599987321380795306,one,1,15667,9,0
1599987321443965080,one,1,15678,9,0
1599987321476093324,one,1,15683,9,0
1599987321540139438,one,1,15694,9,0
1599987321572257979,one,1,15700,9,0
1599987321636159963,one,1,15711,9,0
1599987321668167652,one,1,15716,9,0
1599987321732151456,one,1,15728,9,0
1599987321764159971,one,1,15733,9,0
1599987321828197854,one,1,15744,9,0
1599987321892352019,one,1,15755,9,0
1599987321924207746,one,1,15760,9,0
1599987321988123735,one,1,15771,9,0
1599987322020050329,one,1,15777,9,0
1599987322083784850,one,1,15788,9,0
1599987322115609112,one,1,15793,9,0
1599987322180342508,one,1,15805,9,0
1599987322244215992,one,1,15816,9,0
1599987322276290871,one,1,15821,9,0
1599987322340216340,one,1,15832,9,0
1599987322372515659,one,1,15838,9,0
1599987322436137727,one,1,15849,9,0
1599987322468221336,one,1,15854,9,0
1599987322532340646,one,1,15865,9,0
1599987322564393231,one,1,15871,9,0
1599987322628067628,one,1,15882,9,0
1599987322691856066,one,1,15893,9,0
1599987322723790361,one,1,15899,9,0
1599987322787984317,one,1,15910,9,0
1599987322819803404,one,1,15915,9,0
1599987322884281614,one,1,15926,9,0
1599987322916260843,one,1,15932,9,0
1599987322980384912,one,1,15943,9,0
1599987323044263758,one,1,15954,9,0
1599987323076623352,one,1,15960,9,0
1599987323139627252,one,1,15970,9,0
1599987323172287521,one,1,15976,9,0
1599987323236223736,one,1,15987,9,0
1599987323268235551,one,1,15993,9,0
1599987323332222480,one,1,16004,9,0
1599987323364262684,one,1,16010,9,0
1599987323428180383,one,1,16020,9,0
1599987323492652175,one,1,16031,9,0
1599987323524339777,one,1,16037,9,0
1599987323588156127,one,1,16048,9,0
1599987323620164856,one,1,16054,9,0
1599987323684433040,one,1,16064,9,0
1599987323716398701,one,1,16070,9,0
1599987323780241603,one,1,16081,9,0
1599987323844137415,one,1,16092,9,0
1599987323876265040,one,1,16096,9,0
1599987323940156701,one,1,16108,9,0
1599987323979019219,one,1,16113,9,0
1599987324020176456,one,1,16122,9,0
1599987324084241180,one,1,16133,9,0
1599987324116050548,one,1,16138,9,0
1599987324180205994,one,1,16150,9,0
1599987324244088725,one,1,16160,9,0
1599987324276027436,one,1,16166,9,0
1599987324340153896,one,1,16177,9,0
1599987324372122827,one,1,16183,9,0
1599987324436107269,one,1,16194,9,0
1599987324468273717,one,1,16200,9,0
1599987324532066386,one,1,16211,9,0
1599987324564454481,one,1,16217,9,0
1599987324627880241,one,1,16228,9,0
1599987324691897158,one,1,16239,9,0
1599987324723841352,one,1,16244,9,0
1599987324787986025,one,1,16256,9,0
1599987324819890183,one,1,16261,9,0
1599987324884017137,one,1,16272,9,0
1599987324915910171,one,1,16278,9,0
1599987324980100006,one,1,16289,9,0
1599987325044061855,one,1,16300,9,0
1599987325077154020,one,1,16305,9,0
1599987325139433849,one,1,16316,9,0
