1597651671001599882,first,1,3401,-1,-6,fourth,4,619,0,-6,second,2,2282,0,-5,third,3,1465,0,-5,zero,0,1386,0,-6
1597651671114038050,first,1,3401,0,-6,fourth,4,619,0,-6,second,2,2282,0,-5,third,3,1465,0,-5,zero,0,1386,0,-5
1597651671225347483,first,1,3401,0,-6,fourth,4,619,0,-5,second,2,2283,0,-7,third,3,1465,0,-7,zero,0,1386,0,-5
1597651671337265550,first,1,3401,0,-4,fourth,4,619,0,-6,second,2,2282,0,-5,third,3,1465,0,-6,zero,0,1386,0,-5
1597651671449304481,first,1,3400,0,-6,fourth,4,619,0,-6,second,2,2282,0,-7,third,3,1465,0,-6,zero,0,1386,0,-8
1597651671561357924,first,1,3400,0,-6,fourth,4,619,0,-5,second,2,2282,0,-5,third,3,1465,0,-7,zero,0,1385,0,-5
1597651671561454985,first,1,3400,0,-6,fourth,4,619,0,-5,second,2,2282,0,-5,third,3,1465,0,-7,zero,0,1385,0,-5
1597651671673499436,first,1,3400,0,-6,fourth,4,619,0,-5,second,2,2282,0,-4,third,3,1465,0,-6,zero,0,1385,0,-8
1597651671785568583,first,1,3400,0,-5,fourth,4,619,0,-6,second,2,2282,0,-6,third,3,1465,0,-5,zero,0,1385,0,-5
1597651671897725269,first,1,3400,0,-6,fourth,4,619,0,-6,second,2,2282,0,-4,third,3,1465,0,-5,zero,0,1385,0,-5
1597651672009379723,first,1,3400,0,-6,fourth,4,619,0,-5,second,2,2282,0,-5,third,3,1464,0,-6,zero,0,1385,0,-4
1597651672121321936,first,1,3400,0,-4,fourth,4,619,0,-6,second,2,2282,0,-6,third,3,1465,0,-6,zero,0,1385,0,-5
1597651672233321763,first,1,3400,0,-6,fourth,4,619,0,-5,second,2,2282,0,-6,third,3,1465,0,-4,zero,0,1385,0,-7
1597651672345346083,first,1,3400,0,-6,fourth,4,619,0,-5,second,2,2282,0,-5,third,3,1465,0,-6,zero,0,1385,0,-5
1597651672456842080,first,1,3400,0,-5,fourth,4,619,0,-5,second,2,2282,0,-6,third,3,1465,0,-5,zero,0,1385,0,-6
1597651672569462990,first,1,3401,0,-6,fourth,4,619,0,-5,second,2,2282,0,-6,third,3,1465,0,-5,zero,0,1385,0,-3
1597651672681332943,first,1,3400,0,-5,fourth,4,619,0,-5,second,2,2282,0,-5,third,3,1465,0,-7,zero,0,1385,0,-5
1597651672794417885,first,1,3400,0,-6,fourth,4,619,0,-5,second,2,2282,0,-6,third,3,1465,0,-6,zero,0,1385,0,-5
1597651672905283794,first,1,3400,0,-5,fourth,4,619,0,-4,second,2,2282,0,-5,third,3,1465,0,-6,zero,0,1385,0,-5
1597651673017543662,first,1,3400,0,-6,fourth,4,619,0,-5,second,2,2282,0,-6,third,3,1465,0,-5,zero,0,1385,0,-4
1597651673129534622,first,1,3400,0,-6,fourth,4,619,0,-5,second,2,2282,0,-6,third,3,1465,0,-5,zero,0,1385,0,-7
1597651673241187547,first,1,3401,0,-5,fourth,4,619,0,-6,second,2,2282,0,-5,third,3,1465,0,-5,zero,0,1384,0,-6
1597651673352550712,first,1,3400,0,-6,fourth,4,619,0,-6,second,2,2282,0,-6,third,3,1464,0,-6,zero,0,1384,0,-7
1597651673465146589,first,1,3400,0,-5,fourth,4,619,0,-6,second,2,2282,0,-4,third,3,1465,0,-6,zero,0,1384,0,-5
1597651673577325698,first,1,3400,0,-5,fourth,4,619,0,-5,second,2,2282,0,-5,third,3,1465,0,-6,zero,0,1384,0,-6
1597651673689125630,first,1,3400,0,-5,fourth,4,619,0,-4,second,2,2282,0,-5,third,3,1465,0,-5,zero,0,1384,0,-5
1597651673801345383,first,1,3396,0,-5,fourth,4,619,0,-6,second,2,2282,0,-5,third,3,1465,0,-6,zero,0,1384,0,-7
1597651673913257702,first,1,3386,-4,-5,fourth,4,619,0,-6,second,2,2282,0,-6,third,3,1465,0,-6,zero,0,1384,0,-6
1597651674025127828,first,1,3378,-4,-3,fourth,4,619,0,-6,second,2,2282,0,-6,third,3,1465,0,-6,zero,0,1384,0,-5
1597651674137064282,first,1,3377,0,-5,fourth,4,619,0,-5,second,2,2282,0,-6,third,3,1465,0,-6,zero,0,1384,0,-7
1597651674249046510,first,1,3377,0,-6,fourth,4,619,0,-6,second,2,2282,0,-7,third,3,1465,0,-6,zero,0,1383,0,-8
1597651674361139086,first,1,3377,0,-4,fourth,4,619,0,-5,second,2,2282,0,-5,third,3,1465,0,-6,zero,0,1383,0,-5
1597651674473182312,first,1,3377,0,-5,fourth,4,619,0,-5,second,2,2282,0,-6,third,3,1465,0,-6,zero,0,1384,0,-5
1597651674473248928,first,1,3377,0,-5,fourth,4,619,0,-5,second,2,2282,0,-6,third,3,1465,0,-6,zero,0,1384,0,-5
1597651674585274796,first,1,3377,0,-6,fourth,4,619,0,-6,second,2,2282,0,-6,third,3,1465,0,-4,zero,0,1383,0,-6
1597651674697358409,first,1,3377,0,-5,fourth,4,619,0,-5,second,2,2282,0,-5,third,3,1465,0,-4,zero,0,1383,0,-3
1597651674809268469,first,1,3377,0,-5,fourth,4,619,0,-6,second,2,2282,0,-6,third,3,1465,0,-6,zero,0,1382,0,-6
1597651674921231303,first,1,3377,0,-5,fourth,4,620,0,-5,second,2,2282,0,-6,third,3,1465,0,-4,zero,0,1383,0,-7
1597651675033213768,first,1,3377,0,-6,fourth,4,619,0,-6,second,2,2282,0,-5,third,3,1465,0,-5,zero,0,1383,0,-5
1597651675145230083,first,1,3377,0,-6,fourth,4,620,0,-6,second,2,2282,0,-6,third,3,1465,0,-5,zero,0,1382,0,-5
1597651675257191116,first,1,3376,0,-5,fourth,4,619,0,-6,second,2,2282,0,-5,third,3,1465,0,-6,zero,0,1379,0,-4
1597651675369191721,first,1,3374,0,-6,fourth,4,619,0,-6,second,2,2282,0,-5,third,3,1465,0,-6,zero,0,1365,-7,-9
1597651675481170059,first,1,3358,-7,-6,fourth,4,619,0,-5,second,2,2282,0,-5,third,3,1465,0,-7,zero,0,1345,-10,-6
1597651675593427003,first,1,3337,-10,-6,fourth,4,619,0,-5,second,2,2282,0,-5,third,3,1465,0,-5,zero,0,1323,-10,-6
1597651675705207767,first,1,3316,-10,-6,fourth,4,619,0,-5,second,2,2275,-3,-5,third,3,1465,0,-5,zero,0,1300,-11,-6
1597651675817306126,first,1,3298,-9,-5,fourth,4,619,0,-5,second,2,2251,-12,-6,third,3,1465,0,-6,zero,0,1279,-11,-6
1597651675929156441,first,1,3281,-9,-3,fourth,4,620,0,-6,second,2,2228,-12,-6,third,3,1465,0,-6,zero,0,1255,-11,-6
1597651676041042496,first,1,3265,-9,-5,fourth,4,620,0,-5,second,2,2204,-12,-7,third,3,1465,0,-7,zero,0,1232,-11,-4
1597651676152939281,first,1,3249,-8,-4,fourth,4,620,0,-7,second,2,2183,-10,-5,third,3,1465,0,-7,zero,0,1211,-11,-7
1597651676265038181,first,1,3233,-8,-6,fourth,4,620,0,-5,second,2,2166,-9,-5,third,3,1464,0,-4,zero,0,1191,-10,-5
1597651676377029517,first,1,3219,-8,-6,fourth,4,620,0,-5,second,2,2158,-4,-3,third,3,1464,0,-5,zero,0,1173,-9,-3
1597651676489099843,first,1,3204,-8,-6,fourth,4,620,0,-6,second,2,2158,0,-6,third,3,1465,0,-6,zero,0,1155,-9,-8
1597651676489165811,first,1,3204,-8,-6,fourth,4,620,0,-6,second,2,2158,0,-6,third,3,1465,0,-6,zero,0,1155,-9,-8
1597651676601290955,first,1,3189,-7,-4,fourth,4,620,0,-6,second,2,2158,0,-6,third,3,1465,0,-4,zero,0,1137,-9,-5
1597651676713061159,first,1,3175,-7,-5,fourth,4,620,0,-6,second,2,2157,0,-5,third,3,1465,0,-5,zero,0,1120,-9,-6
1597651676825144562,first,1,3160,-7,-7,fourth,4,620,0,-6,second,2,2157,0,-5,third,3,1465,0,-6,zero,0,1107,-7,-7
1597651676937086469,first,1,3146,-7,-4,fourth,4,620,0,-5,second,2,2158,0,-5,third,3,1465,0,-6,zero,0,1091,-7,-8
1597651677049048164,first,1,3133,-7,-5,fourth,4,620,0,-6,second,2,2157,0,-5,third,3,1465,0,-6,zero,0,1076,-7,-7
1597651677161106301,first,1,3120,-6,-7,fourth,4,620,0,-5,second,2,2158,0,-5,third,3,1465,0,-5,zero,0,1061,-7,-6
1597651677273056461,first,1,3107,-6,-5,fourth,4,621,0,-5,second,2,2158,0,-5,third,3,1465,0,-7,zero,0,1048,-6,-2
1597651677385014397,first,1,3095,-6,-5,fourth,4,621,0,-4,second,2,2157,0,-6,third,3,1465,0,-6,zero,0,1034,-6,-4
1597651677497061103,first,1,3084,-5,-6,fourth,4,621,0,-6,second,2,2157,0,-6,third,3,1465,0,-6,zero,0,1026,-4,-6
1597651677609355467,first,1,3076,-4,-4,fourth,4,621,0,-5,second,2,2157,0,-6,third,3,1465,0,-4,zero,0,1024,0,-6
1597651677721192683,first,1,3075,0,-6,fourth,4,621,0,-6,second,2,2158,0,-6,third,3,1465,0,-6,zero,0,1023,0,-8
1597651677833011561,first,1,3075,0,-5,fourth,4,621,0,-5,second,2,2157,0,-5,third,3,1465,0,-7,zero,0,1023,0,-5
1597651677945020426,first,1,3075,0,-6,fourth,4,622,0,-6,second,2,2158,0,-6,third,3,1465,0,-5,zero,0,1023,0,-7
1597651678057006832,first,1,3075,0,-5,fourth,4,623,0,-6,second,2,2158,0,-5,third,3,1465,0,-5,zero,0,1022,0,-5
1597651678169039384,first,1,3076,0,-6,fourth,4,623,0,-6,second,2,2157,0,-6,third,3,1465,0,-6,zero,0,1022,0,-5
1597651678281156231,first,1,3075,0,-6,fourth,4,623,0,-4,second,2,2158,0,-6,third,3,1465,0,-4,zero,0,1022,0,-6
1597651678392994982,first,1,3075,0,-6,fourth,4,623,0,-6,second,2,2157,0,-6,third,3,1465,0,-5,zero,0,1021,0,-5
1597651678505018079,first,1,3075,0,-6,fourth,4,623,0,-5,second,2,2157,0,-7,third,3,1465,0,-6,zero,0,1021,0,-6
1597651678616811437,first,1,3075,0,-5,fourth,4,623,0,-6,second,2,2158,0,-5,third,3,1465,0,-5,zero,0,1020,0,-5
1597651678728927505,first,1,3075,0,-5,fourth,4,623,0,-6,second,2,2157,0,-6,third,3,1465,0,-6,zero,0,1020,0,-5
1597651678840980714,first,1,3075,0,-4,fourth,4,623,0,-5,second,2,2157,0,-5,third,3,1465,0,-5,zero,0,1019,0,-7
1597651678952829572,first,1,3075,0,-5,fourth,4,623,0,-5,second,2,2157,0,-6,third,3,1465,0,-6,zero,0,1018,0,-6
1597651679064905067,first,1,3075,0,-5,fourth,4,623,0,-6,second,2,2157,0,-6,third,3,1465,0,-5,zero,0,1004,-7,-5
1597651679065040900,first,1,3075,0,-5,fourth,4,623,0,-6,second,2,2157,0,-6,third,3,1465,0,-5,zero,0,1004,-7,-5
1597651679177016976,first,1,3060,-7,-5,fourth,4,624,0,-6,second,2,2156,0,-7,third,3,1465,0,-4,zero,0,983,-10,-5
1597651679288883270,first,1,3038,-10,-5,fourth,4,624,0,-4,second,2,2142,-8,-7,third,3,1465,0,-6,zero,0,963,-10,-7
1597651679288936676,first,1,3038,-10,-5,fourth,4,624,0,-4,second,2,2142,-8,-7,third,3,1465,0,-6,zero,0,963,-10,-7
1597651679401029896,first,1,3017,-11,-4,fourth,4,624,0,-5,second,2,2117,-13,-5,third,3,1465,0,-6,zero,0,942,-10,-8
1597651679512840651,first,1,2998,-10,-5,fourth,4,624,0,-5,second,2,2091,-13,-6,third,3,1465,0,-5,zero,0,922,-10,-8
1597651679624936300,first,1,2981,-9,-5,fourth,4,624,0,-6,second,2,2070,-10,-6,third,3,1464,0,-6,zero,0,900,-10,-5
1597651679736981859,first,1,2966,-8,-6,fourth,4,624,0,-6,second,2,2055,-7,-5,third,3,1465,0,-4,zero,0,881,-10,-10
1597651679848801225,first,1,2950,-8,-5,fourth,4,626,0,-6,second,2,2047,-3,-5,third,3,1465,0,-5,zero,0,863,-9,-8
1597651679960984478,first,1,2934,-8,-6,fourth,4,629,0,-7,second,2,2047,0,-6,third,3,1465,0,-6,zero,0,848,-7,-4
1597651680072970375,first,1,2920,-7,-6,fourth,4,633,0,-5,second,2,2047,0,-5,third,3,1465,0,-6,zero,0,836,-6,-8
1597651680184913789,first,1,2911,-5,-6,fourth,4,636,0,-7,second,2,2047,0,-6,third,3,1465,0,-6,zero,0,819,-7,-4
1597651680296546272,first,1,2899,-5,-6,fourth,4,639,0,-6,second,2,2047,0,-6,third,3,1465,0,-6,zero,0,804,-7,-6
1597651680408839067,first,1,2886,-6,-5,fourth,4,639,0,-6,second,2,2047,0,-6,third,3,1465,0,-5,zero,0,795,-4,-6
1597651680520717302,first,1,2880,-3,-6,fourth,4,639,0,-5,second,2,2047,0,-6,third,3,1465,0,-4,zero,0,788,-3,-5
1597651680632831292,first,1,2879,0,-6,fourth,4,640,0,-6,second,2,2047,0,-6,third,3,1465,0,-5,zero,0,788,0,-6
1597651680744718535,first,1,2878,0,-5,fourth,4,640,0,-6,second,2,2047,0,-6,third,3,1465,0,-6,zero,0,788,0,-4
1597651680856785226,first,1,2879,0,-4,fourth,4,640,0,-5,second,2,2047,0,-5,third,3,1465,0,-6,zero,0,788,0,-5
1597651680968670063,first,1,2879,0,-7,fourth,4,640,0,-6,second,2,2047,0,-6,third,3,1465,0,-6,zero,0,788,0,-6
1597651680968732204,first,1,2879,0,-7,fourth,4,640,0,-6,second,2,2047,0,-6,third,3,1465,0,-6,zero,0,788,0,-6
1597651681080862031,first,1,2879,0,-5,fourth,4,640,0,-5,second,2,2047,0,-5,third,3,1465,0,-5,zero,0,788,0,-5
1597651681192839775,first,1,2879,0,-7,fourth,4,640,0,-5,second,2,2047,0,-5,third,3,1465,0,-4,zero,0,788,0,-7
1597651681304865726,first,1,2879,0,-7,fourth,4,641,0,-5,second,2,2047,0,-5,third,3,1465,0,-7,zero,0,788,0,-5
1597651681416987050,first,1,2878,0,-6,fourth,4,642,0,-6,second,2,2047,0,-5,third,3,1465,0,-5,zero,0,788,0,-4
1597651681528500104,first,1,2878,0,-6,fourth,4,645,0,0,second,2,2047,0,-6,third,3,1465,0,-6,zero,0,787,0,-4
1597651681640836778,first,1,2878,0,-7,fourth,4,648,0,-6,second,2,2047,0,-6,third,3,1465,0,-4,zero,0,787,0,-4
1597651681752749271,first,1,2878,0,-5,fourth,4,650,0,-5,second,2,2047,0,-6,third,3,1465,0,-5,zero,0,786,0,-5
1597651681864624029,first,1,2878,0,-6,fourth,4,650,0,-7,second,2,2047,0,-6,third,3,1465,0,-5,zero,0,786,0,-4
1597651681976710510,first,1,2878,0,-6,fourth,4,650,0,-6,second,2,2047,0,-5,third,3,1465,0,-7,zero,0,785,0,-4
1597651682088751540,first,1,2878,0,-6,fourth,4,651,0,-5,second,2,2047,0,-6,third,3,1465,0,-7,zero,0,785,0,-5
1597651682200713535,first,1,2878,0,-5,fourth,4,653,0,-6,second,2,2047,0,-5,third,3,1465,0,-6,zero,0,784,0,-7
1597651682200771944,first,1,2878,0,-5,fourth,4,653,0,-6,second,2,2047,0,-5,third,3,1465,0,-6,zero,0,784,0,-7
1597651682312782886,first,1,2878,0,-5,fourth,4,656,0,-6,second,2,2046,0,-5,third,3,1465,0,-6,zero,0,784,0,-5
1597651682424719875,first,1,2876,0,-5,fourth,4,659,0,-6,second,2,2047,0,-5,third,3,1465,0,-7,zero,0,783,0,-7
1597651682536866510,first,1,2864,-6,-6,fourth,4,662,0,-4,second,2,2047,0,-5,third,3,1464,0,-5,zero,0,768,-8,-9
1597651682648779661,first,1,2847,-8,-4,fourth,4,663,0,-5,second,2,2046,0,-4,third,3,1465,0,-5,zero,0,745,-11,-9
1597651682760792562,first,1,2830,-8,-7,fourth,4,666,0,-5,second,2,2040,-3,-6,third,3,1465,0,-5,zero,0,724,-11,-6
1597651682872532775,first,1,2814,-8,-6,fourth,4,667,0,-7,second,2,2018,-11,-4,third,3,1465,0,-6,zero,0,702,-11,-8
1597651682984820068,first,1,2797,-8,-6,fourth,4,667,0,-6,second,2,1993,-12,-4,third,3,1465,0,-4,zero,0,682,-10,-3
1597651683096745951,first,1,2780,-8,-5,fourth,4,667,0,-5,second,2,1973,-10,-6,third,3,1465,0,-6,zero,0,663,-9,-6
1597651683208664558,first,1,2767,-7,-4,fourth,4,667,0,-7,second,2,1958,-8,-6,third,3,1465,0,-4,zero,0,645,-9,-6
1597651683320935243,first,1,2753,-7,-6,fourth,4,667,0,-5,second,2,1944,-7,-5,third,3,1465,0,-5,zero,0,628,-8,-10
1597651683432661354,first,1,2740,-6,-6,fourth,4,667,0,-7,second,2,1937,-3,-5,third,3,1465,0,-6,zero,0,612,-8,-8
1597651683544652430,first,1,2728,-6,-6,fourth,4,667,0,-4,second,2,1937,0,-5,third,3,1465,0,-6,zero,0,605,-3,-6
1597651683656789939,first,1,2722,-2,-5,fourth,4,667,0,-5,second,2,1937,0,-5,third,3,1465,0,-6,zero,0,604,0,-7
1597651683656848478,first,1,2722,-2,-5,fourth,4,667,0,-5,second,2,1937,0,-5,third,3,1465,0,-6,zero,0,604,0,-7
1597651683768869693,first,1,2722,0,-6,fourth,4,668,0,-5,second,2,1937,0,-5,third,3,1465,0,-6,zero,0,604,0,-5
1597651683880691006,first,1,2722,0,-6,fourth,4,668,0,-5,second,2,1937,0,-5,third,3,1465,0,-6,zero,0,604,0,-7
1597651683992696091,first,1,2722,0,-6,fourth,4,668,0,-6,second,2,1937,0,-5,third,3,1465,0,-6,zero,0,604,0,-6
1597651684104622793,first,1,2722,0,-6,fourth,4,668,0,-5,second,2,1937,0,-6,third,3,1465,0,-6,zero,0,604,0,-5
1597651684216585350,first,1,2722,0,-6,fourth,4,668,0,-5,second,2,1937,0,-6,third,3,1465,0,-7,zero,0,604,0,-5
1597651684328585071,first,1,2723,0,-7,fourth,4,668,0,-5,second,2,1937,0,-5,third,3,1465,0,-5,zero,0,604,0,-4
1597651684328630089,first,1,2723,0,-7,fourth,4,668,0,-5,second,2,1937,0,-5,third,3,1465,0,-5,zero,0,604,0,-4
1597651684440750429,first,1,2722,0,-6,fourth,4,669,0,-6,second,2,1937,0,-6,third,3,1464,0,-5,zero,0,604,0,-6
1597651684552630859,first,1,2722,0,-6,fourth,4,669,0,-6,second,2,1938,0,-6,third,3,1465,0,-4,zero,0,604,0,-7
1597651684664732165,first,1,2722,0,-5,fourth,4,669,0,-6,second,2,1937,0,-6,third,3,1465,0,-6,zero,0,604,0,-4
1597651684776688658,first,1,2722,0,-6,fourth,4,671,0,2,second,2,1937,0,-6,third,3,1465,0,-5,zero,0,604,0,-7
1597651684888657700,first,1,2722,0,-6,fourth,4,674,0,-7,second,2,1937,0,-4,third,3,1464,0,-5,zero,0,604,0,-4
1597651685000683087,first,1,2722,0,-5,fourth,4,677,0,-2,second,2,1937,0,-4,third,3,1465,0,-4,zero,0,603,0,-7
1597651685112751493,first,1,2722,0,-6,fourth,4,681,0,-2,second,2,1937,0,-5,third,3,1465,0,-5,zero,0,603,0,-6
1597651685224620898,first,1,2722,0,-6,fourth,4,684,0,-6,second,2,1937,0,-5,third,3,1464,0,-6,zero,0,603,0,-7
1597651685336434734,first,1,2722,0,-5,fourth,4,687,0,-7,second,2,1937,0,-6,third,3,1465,0,-6,zero,0,603,0,-6
1597651685336498603,first,1,2722,0,-5,fourth,4,687,0,-7,second,2,1937,0,-6,third,3,1465,0,-6,zero,0,603,0,-6
1597651685448926480,first,1,2721,0,-5,fourth,4,690,0,-5,second,2,1937,0,-6,third,3,1465,0,-5,zero,0,602,0,-8
1597651685560516461,first,1,2718,0,-4,fourth,4,694,0,-3,second,2,1937,0,-4,third,3,1465,0,-6,zero,0,599,0,-4
1597651685672529256,first,1,2705,-6,-5,fourth,4,694,0,-6,second,2,1937,0,-6,third,3,1465,0,-5,zero,0,582,-9,-5
1597651685784611217,first,1,2687,-8,-5,fourth,4,694,0,-5,second,2,1937,0,-6,third,3,1465,0,-6,zero,0,558,-12,-7
1597651685896077999,first,1,2668,-9,-5,fourth,4,694,0,-5,second,2,1937,0,-6,third,3,1465,0,-6,zero,0,534,-12,-8
1597651686008070871,first,1,2649,-9,-7,fourth,4,694,0,-5,second,2,1936,0,-6,third,3,1465,0,-6,zero,0,513,-11,-6
1597651686120630580,first,1,2632,-8,-7,fourth,4,694,0,-5,second,2,1925,-6,-5,third,3,1465,0,-6,zero,0,495,-9,-5
1597651686232503570,first,1,2615,-8,-6,fourth,4,694,0,-5,second,2,1900,-13,-6,third,3,1465,0,-5,zero,0,475,-9,-8
1597651686232551659,first,1,2615,-8,-6,fourth,4,694,0,-5,second,2,1900,-13,-6,third,3,1465,0,-5,zero,0,475,-9,-8
1597651686344559352,first,1,2599,-8,-6,fourth,4,694,0,-5,second,2,1876,-13,-7,third,3,1465,0,-5,zero,0,456,-9,-3
1597651686456643783,first,1,2583,-8,-6,fourth,4,694,0,-5,second,2,1857,-10,-6,third,3,1465,0,-5,zero,0,438,-9,-9
1597651686568539303,first,1,2569,-7,-4,fourth,4,694,0,-4,second,2,1841,-8,-6,third,3,1465,0,-4,zero,0,422,-7,-7
1597651686680607006,first,1,2556,-6,-5,fourth,4,695,0,-7,second,2,1829,-5,-5,third,3,1464,0,-6,zero,0,409,-6,-3
1597651686792524554,first,1,2545,-5,-5,fourth,4,695,0,-6,second,2,1826,0,-5,third,3,1464,0,-6,zero,0,398,-5,-5
1597651686904512494,first,1,2538,-3,-5,fourth,4,695,0,-5,second,2,1826,0,-5,third,3,1464,0,-6,zero,0,390,-4,-4
1597651687016484879,first,1,2538,0,-5,fourth,4,695,0,-7,second,2,1826,0,-6,third,3,1465,0,-5,zero,0,383,-3,-7
1597651687128571414,first,1,2538,0,-5,fourth,4,695,0,-6,second,2,1827,0,-6,third,3,1464,0,-5,zero,0,380,0,-4
1597651687240637666,first,1,2538,0,-6,fourth,4,697,0,-6,second,2,1826,0,-6,third,3,1464,0,-5,zero,0,380,0,-6
1597651687352508417,first,1,2538,0,-5,fourth,4,698,0,-6,second,2,1826,0,-4,third,3,1464,0,-6,zero,0,380,0,-5
1597651687464489345,first,1,2538,0,-6,fourth,4,700,0,-6,second,2,1826,0,-5,third,3,1462,0,-7,zero,0,380,0,-6
1597651687576459970,first,1,2538,0,-5,fourth,4,700,0,-6,second,2,1826,0,-6,third,3,1459,0,-5,zero,0,380,0,-6
1597651687688513702,first,1,2538,0,-5,fourth,4,700,0,-5,second,2,1826,0,-5,third,3,1450,-3,-6,zero,0,379,0,-6
1597651687800292354,first,1,2538,0,-7,fourth,4,699,0,-5,second,2,1827,0,-6,third,3,1446,-1,-5,zero,0,379,0,-5
1597651687912276670,first,1,2538,0,-4,fourth,4,700,0,-5,second,2,1826,0,-5,third,3,1446,0,-7,zero,0,378,0,-7
1597651688024375541,first,1,2538,0,-6,fourth,4,700,0,-6,second,2,1826,0,-5,third,3,1447,0,-7,zero,0,372,-2,-10
1597651688024425367,first,1,2538,0,-6,fourth,4,700,0,-6,second,2,1826,0,-5,third,3,1447,0,-7,zero,0,372,-2,-10
1597651688136428259,first,1,2534,0,-6,fourth,4,700,0,-6,second,2,1825,0,-5,third,3,1446,0,-7,zero,0,355,-8,-4
1597651688248420396,first,1,2516,-9,-5,fourth,4,700,0,-5,second,2,1823,0,-7,third,3,1446,0,-6,zero,0,337,-9,-6
1597651688360501231,first,1,2493,-11,-4,fourth,4,700,0,-5,second,2,1807,-9,-4,third,3,1446,0,-6,zero,0,318,-9,-5
1597651688472500070,first,1,2474,-10,-5,fourth,4,700,0,-5,second,2,1785,-11,-6,third,3,1446,0,-6,zero,0,298,-9,-4
1597651688584568670,first,1,2457,-8,-6,fourth,4,700,0,-6,second,2,1764,-11,-5,third,3,1444,0,-7,zero,0,277,-10,-4
1597651688695759990,first,1,2441,-8,-6,fourth,4,700,0,-6,second,2,1745,-10,-5,third,3,1431,-6,-6,zero,0,259,-9,-4
1597651688807846058,first,1,2426,-8,-5,fourth,4,700,0,-6,second,2,1727,-10,-6,third,3,1421,-4,-5,zero,0,242,-8,-3
1597651688919845393,first,1,2414,-6,-6,fourth,4,701,0,-5,second,2,1716,-5,-5,third,3,1421,0,-7,zero,0,231,-5,-5
1597651689031893819,first,1,2404,-5,-6,fourth,4,701,0,-6,second,2,1713,0,-7,third,3,1421,0,-7,zero,0,223,-3,-4
1597651689143989481,first,1,2397,-3,-5,fourth,4,701,0,-5,second,2,1714,0,-7,third,3,1421,0,-5,zero,0,211,-6,-8
1597651689256407190,first,1,2394,-1,-5,fourth,4,702,0,-6,second,2,1713,0,-5,third,3,1421,0,-5,zero,0,197,-6,-6
1597651689368448777,first,1,2385,-3,-5,fourth,4,702,0,-6,second,2,1713,0,-5,third,3,1421,0,-7,zero,0,183,-7,-9
1597651689480364599,first,1,2372,-5,-7,fourth,4,703,0,-2,second,2,1714,0,-5,third,3,1420,0,-5,zero,0,180,0,-5
1597651689592739937,first,1,2365,-3,-5,fourth,4,706,0,-5,second,2,1713,0,-4,third,3,1420,0,-7,zero,0,180,0,-4
1597651689704361725,first,1,2365,0,-5,fourth,4,707,0,-5,second,2,1713,0,-6,third,3,1421,0,-6,zero,0,179,0,-5
1597651689816559390,first,1,2365,0,-5,fourth,4,710,0,-5,second,2,1713,0,-6,third,3,1420,0,-4,zero,0,179,0,-5
1597651689928313231,first,1,2365,0,-5,fourth,4,711,0,-5,second,2,1713,0,-6,third,3,1420,0,-7,zero,0,180,0,-5
1597651690040222068,first,1,2365,0,-5,fourth,4,711,0,-5,second,2,1713,0,-5,third,3,1420,0,-5,zero,0,180,0,-5
1597651690152192030,first,1,2365,0,-5,fourth,4,712,0,-5,second,2,1713,0,-6,third,3,1420,0,-6,zero,0,179,0,-4
1597651690152247142,first,1,2365,0,-5,fourth,4,712,0,-5,second,2,1713,0,-6,third,3,1420,0,-6,zero,0,179,0,-4
1597651690264390779,first,1,2365,0,-6,fourth,4,712,0,-4,second,2,1713,0,-6,third,3,1420,0,-6,zero,0,179,0,-6
1597651690376227849,first,1,2365,0,-4,fourth,4,712,0,-5,second,2,1713,0,-5,third,3,1420,0,-6,zero,0,179,0,-5
1597651690488378614,first,1,2365,0,-5,fourth,4,716,0,-6,second,2,1714,0,-6,third,3,1420,0,-6,zero,0,179,0,-5
1597651690599773349,first,1,2365,0,-6,fourth,4,719,0,-5,second,2,1713,0,-6,third,3,1420,0,-7,zero,0,179,0,-6
1597651690712247943,first,1,2365,0,-4,fourth,4,721,0,-5,second,2,1714,0,-7,third,3,1420,0,-6,zero,0,174,-2,-6
1597651690824742352,first,1,2364,0,-8,fourth,4,722,0,-5,second,2,1714,0,-5,third,3,1420,0,-5,zero,0,157,-8,-8
1597651690936321926,first,1,2347,-8,-6,fourth,4,722,0,-5,second,2,1713,0,-6,third,3,1420,0,-6,zero,0,140,-8,-2
1597651691048322516,first,1,2327,-10,-5,fourth,4,722,0,-5,second,2,1714,0,-6,third,3,1420,0,-7,zero,0,123,-8,-9
1597651691160175175,first,1,2309,-9,-5,fourth,4,722,0,-5,second,2,1713,0,-5,third,3,1420,0,-5,zero,0,102,-10,-5
1597651691272205071,first,1,2292,-9,-5,fourth,4,722,0,-5,second,2,1713,0,-6,third,3,1420,0,-5,zero,0,82,-10,-3
1597651691272286997,first,1,2292,-9,-5,fourth,4,722,0,-5,second,2,1713,0,-6,third,3,1420,0,-5,zero,0,82,-10,-3
1597651691384215015,first,1,2277,-8,-6,fourth,4,723,0,-5,second,2,1713,0,-5,third,3,1418,0,-5,zero,0,65,-9,-2
1597651691496480723,first,1,2261,-7,-5,fourth,4,723,0,-6,second,2,1708,-2,-5,third,3,1415,0,-6,zero,0,48,-9,-4
1597651691608752231,first,1,2250,-5,-6,fourth,4,723,0,-4,second,2,1685,-12,-5,third,3,1404,-5,-4,zero,0,33,-7,-8
1597651691720350241,first,1,2239,-5,-5,fourth,4,723,0,-6,second,2,1658,-14,-6,third,3,1391,-6,-7,zero,0,16,-8,-8
1597651691831919138,first,1,2227,-5,-5,fourth,4,723,0,-7,second,2,1634,-12,-6,third,3,1381,-5,-5,zero,0,-2,-8,-7
1597651691944078004,first,1,2216,-5,-6,fourth,4,723,0,-5,second,2,1614,-10,-5,third,3,1372,-4,-5,zero,0,-19,-8,-7
1597651692056245555,first,1,2204,-5,-7,fourth,4,723,0,-5,second,2,1599,-8,-5,third,3,1370,0,-6,zero,0,-31,-6,-4
1597651692168268474,first,1,2196,-4,-5,fourth,4,723,0,-5,second,2,1587,-6,-5,third,3,1370,0,-6,zero,0,-40,-4,-5
1597651692280223236,first,1,2193,-1,-7,fourth,4,723,0,-5,second,2,1580,-3,-7,third,3,1370,0,-6,zero,0,-42,0,-5
1597651692392287876,first,1,2193,0,-5,fourth,4,723,0,-5,second,2,1579,0,-6,third,3,1369,0,-5,zero,0,-42,0,-5
1597651692504174383,first,1,2193,0,-4,fourth,4,723,0,-6,second,2,1580,0,-6,third,3,1363,-1,-6,zero,0,-42,0,-5
1597651692616137871,first,1,2193,0,-5,fourth,4,723,0,-7,second,2,1579,0,-6,third,3,1350,-6,-5,zero,0,-42,0,-6
1597651692728182773,first,1,2193,0,-5,fourth,4,723,0,-6,second,2,1579,0,-5,third,3,1342,-4,-5,zero,0,-42,0,-5
1597651692840361607,first,1,2193,0,-6,fourth,4,724,0,-6,second,2,1579,0,-5,third,3,1342,0,-6,zero,0,-42,0,-6
1597651692952139655,first,1,2193,0,-6,fourth,4,724,0,-5,second,2,1580,0,-4,third,3,1341,0,-6,zero,0,-42,0,-6
1597651693064183397,first,1,2193,0,-5,fourth,4,723,0,-6,second,2,1579,0,-6,third,3,1342,0,-5,zero,0,-42,0,-6
1597651693176144017,first,1,2193,0,-6,fourth,4,724,0,-5,second,2,1579,0,-6,third,3,1341,0,-6,zero,0,-43,0,-6
1597651693288177975,first,1,2193,0,-5,fourth,4,724,0,-6,second,2,1580,0,-5,third,3,1341,0,-5,zero,0,-45,0,-6
1597651693400077774,first,1,2193,0,-5,fourth,4,724,0,-5,second,2,1579,0,-5,third,3,1337,0,-6,zero,0,-59,-7,-4
1597651693512167763,first,1,2192,0,-7,fourth,4,724,0,-6,second,2,1579,0,-5,third,3,1324,-5,-5,zero,0,-78,-9,-7
1597651693623915531,first,1,2178,-6,-6,fourth,4,724,0,-6,second,2,1579,0,-6,third,3,1314,-5,-7,zero,0,-94,-9,-2
1597651693736116991,first,1,2160,-9,-5,fourth,4,724,0,-6,second,2,1574,-2,-6,third,3,1312,0,-6,zero,0,-113,-9,-6
1597651693736187792,first,1,2160,-9,-5,fourth,4,724,0,-6,second,2,1574,-2,-6,third,3,1312,0,-6,zero,0,-113,-9,-6
1597651693848081004,first,1,2143,-8,-6,fourth,4,724,0,-5,second,2,1553,-11,-7,third,3,1312,0,-5,zero,0,-131,-9,-5
1597651693960034718,first,1,2129,-7,-6,fourth,4,723,0,-5,second,2,1532,-11,-6,third,3,1312,0,-6,zero,0,-147,-7,-5
1597651694072136041,first,1,2117,-7,-6,fourth,4,724,0,-5,second,2,1513,-9,-6,third,3,1312,0,-6,zero,0,-164,-8,-7
1597651694184175669,first,1,2103,-6,-6,fourth,4,724,0,-6,second,2,1496,-8,-5,third,3,1307,-1,-6,zero,0,-183,-9,-5
1597651694295986729,first,1,2088,-6,-5,fourth,4,724,0,-5,second,2,1483,-7,-6,third,3,1288,-9,-7,zero,0,-200,-8,-9
1597651694408055202,first,1,2074,-6,-6,fourth,4,724,0,-6,second,2,1471,-5,-6,third,3,1269,-10,-6,zero,0,-217,-8,-9
1597651694520135358,first,1,2064,-4,-7,fourth,4,724,0,-5,second,2,1459,-5,-5,third,3,1256,-6,-6,zero,0,-233,-8,-4
1597651694632074583,first,1,2058,-2,-4,fourth,4,724,0,-6,second,2,1448,-5,-6,third,3,1254,0,-5,zero,0,-248,-7,-4
1597651694744044899,first,1,2051,-2,-4,fourth,4,724,0,-6,second,2,1440,-3,-5,third,3,1254,0,-5,zero,0,-262,-7,-4
1597651694856002953,first,1,2041,-4,-5,fourth,4,724,0,-5,second,2,1440,0,-5,third,3,1253,0,-5,zero,0,-271,-3,-6
1597651694968003209,first,1,2033,-3,-6,fourth,4,724,0,-6,second,2,1441,0,-7,third,3,1250,0,-6,zero,0,-271,0,-6
1597651695079981407,first,1,2033,0,-6,fourth,4,724,0,-6,second,2,1441,0,-5,third,3,1239,-4,-6,zero,0,-271,0,-5
1597651695080013532,first,1,2033,0,-6,fourth,4,724,0,-6,second,2,1441,0,-5,third,3,1239,-4,-6,zero,0,-271,0,-5
1597651695192067548,first,1,2033,0,-5,fourth,4,724,0,-5,second,2,1441,0,-5,third,3,1231,-3,-5,zero,0,-272,0,-7
1597651695304209395,first,1,2033,0,-6,fourth,4,724,0,-6,second,2,1440,0,-5,third,3,1231,0,-5,zero,0,-271,0,-5
1597651695415964687,first,1,2033,0,-7,fourth,4,724,0,-6,second,2,1441,0,-5,third,3,1231,0,-6,zero,0,-271,0,-5
1597651695528145262,first,1,2033,0,-6,fourth,4,725,0,-6,second,2,1441,0,-5,third,3,1231,0,-6,zero,0,-272,0,-6
1597651695639824353,first,1,2033,0,-5,fourth,4,724,0,-6,second,2,1440,0,-5,third,3,1231,0,-6,zero,0,-272,0,-3
1597651695751957499,first,1,2033,0,-6,fourth,4,724,0,-5,second,2,1440,0,-5,third,3,1231,0,-4,zero,0,-272,0,-6
1597651695863839693,first,1,2033,0,-5,fourth,4,724,0,-7,second,2,1441,0,-5,third,3,1231,0,-5,zero,0,-273,0,-6
1597651695975829864,first,1,2033,0,-6,fourth,4,724,0,-5,second,2,1441,0,-6,third,3,1230,0,-6,zero,0,-272,0,-8
1597651695975884671,first,1,2033,0,-6,fourth,4,724,0,-5,second,2,1441,0,-6,third,3,1230,0,-6,zero,0,-272,0,-8
1597651696088099873,first,1,2033,0,-5,fourth,4,724,0,-6,second,2,1441,0,-6,third,3,1230,0,-5,zero,0,-280,-3,-6
1597651696200156402,first,1,2033,0,-6,fourth,4,724,0,-5,second,2,1440,0,-6,third,3,1228,0,-6,zero,0,-295,-6,-6
1597651696312011869,first,1,2026,-3,-7,fourth,4,724,0,-5,second,2,1440,0,-6,third,3,1212,-7,-4,zero,0,-309,-6,-2
1597651696424004391,first,1,2008,-8,-6,fourth,4,724,0,-6,second,2,1440,0,-6,third,3,1194,-9,-6,zero,0,-325,-8,-3
1597651696536029086,first,1,1991,-8,-5,fourth,4,724,0,-6,second,2,1437,0,-6,third,3,1181,-7,-6,zero,0,-346,-10,-3
1597651696647947707,first,1,1975,-8,-7,fourth,4,724,0,-6,second,2,1417,-11,-4,third,3,1178,0,-6,zero,0,-368,-10,-6
1597651696759939397,first,1,1959,-8,-4,fourth,4,724,0,-5,second,2,1392,-12,-6,third,3,1178,0,-6,zero,0,-387,-10,-9
1597651696871891953,first,1,1946,-7,-5,fourth,4,724,0,-6,second,2,1371,-11,-7,third,3,1177,0,-5,zero,0,-404,-9,-3
1597651696984050287,first,1,1932,-7,-6,fourth,4,724,0,-6,second,2,1353,-9,-5,third,3,1170,-3,-4,zero,0,-422,-8,-10
1597651697095954768,first,1,1920,-6,-5,fourth,4,724,0,-5,second,2,1338,-8,-5,third,3,1151,-9,-5,zero,0,-438,-8,-5
1597651697208018606,first,1,1908,-6,-4,fourth,4,724,0,-4,second,2,1327,-6,-5,third,3,1139,-6,-4,zero,0,-452,-7,-4
1597651697319962373,first,1,1899,-4,-7,fourth,4,724,0,-5,second,2,1317,-5,-5,third,3,1130,-4,-4,zero,0,-466,-6,-8
1597651697431905653,first,1,1895,-1,-7,fourth,4,724,0,-5,second,2,1309,-4,-4,third,3,1123,-3,-5,zero,0,-480,-7,-3
1597651697543983796,first,1,1890,-1,-7,fourth,4,724,0,-5,second,2,1307,0,-6,third,3,1119,-2,-7,zero,0,-486,-2,-5
1597651697656001279,first,1,1882,-3,-6,fourth,4,724,0,-5,second,2,1307,0,-6,third,3,1113,-2,-7,zero,0,-486,0,-5
1597651697767841675,first,1,1881,0,-7,fourth,4,724,0,-7,second,2,1307,0,-6,third,3,1106,-2,-4,zero,0,-486,0,-5
1597651697879850744,first,1,1881,0,-4,fourth,4,724,0,-6,second,2,1307,0,-6,third,3,1103,-1,-5,zero,0,-486,0,-5
1597651697991897225,first,1,1882,0,-6,fourth,4,724,0,-5,second,2,1307,0,-4,third,3,1103,0,-5,zero,0,-487,0,-3
1597651698103829958,first,1,1881,0,-6,fourth,4,724,0,-6,second,2,1307,0,-6,third,3,1103,0,-6,zero,0,-487,0,-6
1597651698215856900,first,1,1881,0,-6,fourth,4,724,0,-6,second,2,1307,0,-5,third,3,1103,0,-4,zero,0,-487,0,-4
1597651698327939174,first,1,1881,0,-6,fourth,4,724,0,-5,second,2,1307,0,-5,third,3,1103,0,-5,zero,0,-489,0,-6
1597651698439816925,first,1,1881,0,-6,fourth,4,724,0,-5,second,2,1307,0,-6,third,3,1102,0,-6,zero,0,-489,0,-4
1597651698551730972,first,1,1881,0,-6,fourth,4,724,0,-5,second,2,1307,0,-5,third,3,1087,-7,-4,zero,0,-492,0,-4
1597651698663638525,first,1,1881,0,-5,fourth,4,724,0,-6,second,2,1307,0,-5,third,3,1070,-8,-6,zero,0,-508,-7,-5
1597651698775696809,first,1,1881,0,-6,fourth,4,724,0,-5,second,2,1307,0,-6,third,3,1055,-7,-5,zero,0,-526,-9,-3
1597651698775761939,first,1,1881,0,-6,fourth,4,724,0,-5,second,2,1307,0,-6,third,3,1055,-7,-5,zero,0,-526,-9,-3
1597651698887860250,first,1,1872,-4,-5,fourth,4,723,0,-6,second,2,1307,0,-5,third,3,1043,-7,-6,zero,0,-540,-6,-5
1597651698999841614,first,1,1857,-7,-5,fourth,4,713,-4,-5,second,2,1306,0,-5,third,3,1029,-6,-6,zero,0,-551,-4,-5
1597651699111821353,first,1,1848,-3,-8,fourth,4,700,-6,-5,second,2,1306,0,-6,third,3,1012,-7,-6,zero,0,-563,-5,-4
1597651699223748636,first,1,1848,0,-5,fourth,4,697,0,-5,second,2,1294,-7,-6,third,3,995,-8,-6,zero,0,-575,-5,-4
1597651699335837284,first,1,1848,0,-5,fourth,4,697,0,-5,second,2,1265,-15,-5,third,3,980,-7,-6,zero,0,-584,-3,-5
1597651699447872226,first,1,1848,0,-2,fourth,4,693,-1,-5,second,2,1232,-17,-7,third,3,966,-7,-6,zero,0,-584,0,-5
1597651699559837751,first,1,1848,0,-5,fourth,4,677,-7,-5,second,2,1200,-17,-7,third,3,954,-6,-4,zero,0,-584,0,-5
1597651699671847129,first,1,1848,0,-5,fourth,4,663,-7,-4,second,2,1175,-13,-6,third,3,938,-7,-5,zero,0,-584,0,-7
1597651699783716481,first,1,1849,0,-5,fourth,4,652,-6,-4,second,2,1156,-10,-4,third,3,922,-8,-6,zero,0,-584,0,-7
1597651699895775176,first,1,1848,0,-5,fourth,4,649,0,-6,second,2,1137,-10,-6,third,3,908,-7,-5,zero,0,-584,0,-6
1597651700007765330,first,1,1849,0,-5,fourth,4,649,0,-5,second,2,1120,-9,-4,third,3,899,-4,-5,zero,0,-584,0,-7
1597651700119833323,first,1,1848,0,-6,fourth,4,649,0,-6,second,2,1107,-6,-6,third,3,896,-1,-5,zero,0,-584,0,-6
1597651700231771295,first,1,1848,0,-5,fourth,4,649,0,-5,second,2,1105,0,-6,third,3,896,0,-6,zero,0,-584,0,-4
1597651700343723919,first,1,1848,0,-6,fourth,4,649,0,-5,second,2,1105,0,-6,third,3,896,0,-7,zero,0,-584,0,-5
1597651700455709885,first,1,1848,0,-5,fourth,4,649,0,-6,second,2,1104,0,-6,third,3,895,0,-6,zero,0,-585,0,-6
1597651700567619170,first,1,1848,0,-5,fourth,4,649,0,-6,second,2,1105,0,-6,third,3,895,0,-4,zero,0,-597,-6,-4
1597651700679571033,first,1,1848,0,-5,fourth,4,649,0,-6,second,2,1104,0,-5,third,3,895,0,-5,zero,0,-616,-9,-3
1597651700791467926,first,1,1844,0,-5,fourth,4,649,0,-5,second,2,1105,0,-6,third,3,889,-1,-5,zero,0,-631,-7,-4
1597651700903661222,first,1,1829,-7,-5,fourth,4,648,0,-6,second,2,1104,0,-5,third,3,873,-7,-6,zero,0,-643,-6,-4
1597651701015606546,first,1,1812,-8,-5,fourth,4,640,-3,-6,second,2,1104,0,-5,third,3,859,-7,-7,zero,0,-652,-4,-5
1597651701127623677,first,1,1799,-7,-6,fourth,4,629,-4,-4,second,2,1104,0,-5,third,3,845,-7,-7,zero,0,-666,-6,-5
1597651701239539596,first,1,1790,-4,-5,fourth,4,623,-3,-6,second,2,1104,0,-6,third,3,832,-7,-6,zero,0,-684,-9,-4
1597651701351475690,first,1,1779,-4,-5,fourth,4,623,0,-6,second,2,1104,0,-5,third,3,819,-6,-5,zero,0,-704,-10,-8
1597651701463548049,first,1,1766,-6,-7,fourth,4,623,0,-6,second,2,1104,0,-6,third,3,808,-5,-4,zero,0,-722,-10,-3
1597651701463605041,first,1,1766,-6,-7,fourth,4,623,0,-6,second,2,1104,0,-6,third,3,808,-5,-4,zero,0,-722,-10,-3
1597651701575709011,first,1,1754,-6,-6,fourth,4,622,0,-4,second,2,1104,0,-5,third,3,798,-4,-4,zero,0,-739,-9,-4
1597651701687749763,first,1,1740,-6,-6,fourth,4,623,0,-5,second,2,1104,0,-6,third,3,797,0,-7,zero,0,-755,-8,-4
1597651701799741880,first,1,1728,-6,-7,fourth,4,622,0,-6,second,2,1104,0,-6,third,3,796,0,-7,zero,0,-772,-8,-8
1597651701911733397,first,1,1717,-6,-5,fourth,4,622,0,-5,second,2,1104,0,-5,third,3,796,0,-6,zero,0,-789,-8,-6
1597651702023758829,first,1,1705,-6,-4,fourth,4,622,0,-5,second,2,1104,0,-5,third,3,796,0,-6,zero,0,-803,-7,-6
1597651702135626988,first,1,1694,-5,-7,fourth,4,622,0,-6,second,2,1104,0,-6,third,3,796,0,-4,zero,0,-809,-2,-5
1597651702247591440,first,1,1691,0,-6,fourth,4,622,0,-5,second,2,1104,0,-4,third,3,789,-2,-4,zero,0,-809,0,-5
1597651702359566440,first,1,1691,0,-5,fourth,4,621,0,-4,second,2,1102,0,-6,third,3,772,-8,-5,zero,0,-809,0,-5
1597651702471579147,first,1,1691,0,-5,fourth,4,611,-5,-4,second,2,1094,-5,-5,third,3,753,-9,-5,zero,0,-809,0,-5
1597651702583622669,first,1,1691,0,-5,fourth,4,592,-9,-6,second,2,1069,-14,-6,third,3,731,-11,-6,zero,0,-809,0,-6
1597651702695580537,first,1,1691,0,-6,fourth,4,575,-9,-4,second,2,1036,-17,-5,third,3,708,-11,-5,zero,0,-810,0,-4
1597651702807642449,first,1,1691,0,-6,fourth,4,560,-8,-6,second,2,1004,-17,-6,third,3,684,-11,-6,zero,0,-822,-7,-4
1597651702919635958,first,1,1691,0,-5,fourth,4,547,-6,-6,second,2,977,-14,-6,third,3,660,-12,-6,zero,0,-842,-10,-3
1597651703031668201,first,1,1691,0,-5,fourth,4,533,-6,-5,second,2,953,-13,-5,third,3,635,-13,-6,zero,0,-861,-9,-2
1597651703143583113,first,1,1691,0,-6,fourth,4,519,-6,-6,second,2,931,-11,-7,third,3,613,-11,-5,zero,0,-873,-6,-5
1597651703255648862,first,1,1691,0,-5,fourth,4,507,-6,-4,second,2,912,-10,-5,third,3,599,-7,-6,zero,0,-877,0,-6
1597651703367559273,first,1,1691,0,-5,fourth,4,501,-3,-7,second,2,896,-8,-6,third,3,587,-5,-5,zero,0,-877,0,-5
1597651703479480872,first,1,1691,0,-7,fourth,4,500,0,-6,second,2,885,-5,-6,third,3,575,-5,-4,zero,0,-877,0,-5
1597651703591293095,first,1,1691,0,-5,fourth,4,500,0,-5,second,2,877,-4,-6,third,3,570,-1,-6,zero,0,-877,0,-6
1597651703703831557,first,1,1691,0,-5,fourth,4,500,0,-6,second,2,876,0,-5,third,3,570,0,-5,zero,0,-877,0,-4
1597651703815091392,first,1,1691,0,-6,fourth,4,500,0,-7,second,2,876,0,-5,third,3,570,0,-5,zero,0,-877,0,-5
1597651703815130169,first,1,1691,0,-6,fourth,4,500,0,-7,second,2,876,0,-5,third,3,570,0,-5,zero,0,-877,0,-5
1597651703927560126,first,1,1691,0,-7,fourth,4,500,0,-5,second,2,876,0,-5,third,3,570,0,-5,zero,0,-877,0,-7
1597651704039573715,first,1,1691,0,-6,fourth,4,500,0,-6,second,2,876,0,-6,third,3,570,0,-4,zero,0,-876,0,-6
1597651704151464661,first,1,1691,0,-5,fourth,4,495,-1,-6,second,2,876,0,-5,third,3,567,0,-4,zero,0,-877,0,-7
1597651704263516321,first,1,1691,0,-6,fourth,4,478,-8,-5,second,2,876,0,-5,third,3,548,-10,-5,zero,0,-876,0,-6
1597651704375358922,first,1,1692,0,-7,fourth,4,462,-8,-4,second,2,876,0,-5,third,3,524,-12,-5,zero,0,-877,0,-5
1597651704375429760,first,1,1692,0,-7,fourth,4,462,-8,-4,second,2,876,0,-5,third,3,524,-12,-5,zero,0,-877,0,-5
1597651704487444880,first,1,1691,0,-5,fourth,4,449,-7,-7,second,2,875,0,-5,third,3,505,-10,-7,zero,0,-877,0,-6
1597651704600185279,first,1,1691,0,-5,fourth,4,440,-4,-5,second,2,876,0,-6,third,3,488,-9,-6,zero,0,-877,0,-6
1597651704711577052,first,1,1692,0,-6,fourth,4,430,-4,-4,second,2,875,0,-6,third,3,469,-9,-6,zero,0,-883,-2,-6
1597651704823442214,first,1,1692,0,-6,fourth,4,421,-4,-4,second,2,876,0,-5,third,3,456,-7,-4,zero,0,-900,-9,-7
1597651704935501996,first,1,1691,0,-6,fourth,4,411,-4,-6,second,2,875,0,-6,third,3,441,-6,-4,zero,0,-919,-10,-6
1597651705047483306,first,1,1692,0,-4,fourth,4,400,-4,-7,second,2,875,0,-5,third,3,427,-6,-5,zero,0,-926,-3,-4
1597651705159495100,first,1,1691,0,-5,fourth,4,392,-4,-7,second,2,875,0,-5,third,3,413,-6,-6,zero,0,-927,0,-5
1597651705271305737,first,1,1692,0,-6,fourth,4,380,-5,-4,second,2,875,0,-6,third,3,397,-7,-6,zero,0,-927,0,-4
1597651705271387251,first,1,1692,0,-6,fourth,4,380,-5,-4,second,2,875,0,-6,third,3,397,-7,-6,zero,0,-927,0,-4
1597651705383647916,first,1,1692,0,-5,fourth,4,366,-6,-6,second,2,875,0,-7,third,3,381,-8,-5,zero,0,-927,0,-5
1597651705495548370,first,1,1692,0,-5,fourth,4,356,-5,-7,second,2,875,0,-5,third,3,367,-7,-5,zero,0,-927,0,-5
1597651705607438738,first,1,1692,0,-6,fourth,4,351,-1,-6,second,2,875,0,-6,third,3,355,-5,-5,zero,0,-927,0,-4
1597651705719682108,first,1,1692,0,-5,fourth,4,351,0,-5,second,2,875,0,-6,third,3,355,0,-6,zero,0,-927,0,-6
1597651705831409763,first,1,1692,0,-5,fourth,4,351,0,-6,second,2,875,0,-6,third,3,355,0,-4,zero,0,-927,0,-6
1597651705943396443,first,1,1692,0,-5,fourth,4,351,0,-5,second,2,875,0,-5,third,3,355,0,-6,zero,0,-927,0,-5
1597651706055337344,first,1,1692,0,-5,fourth,4,351,0,-5,second,2,875,0,-6,third,3,354,0,-6,zero,0,-927,0,-6
1597651706167535800,first,1,1692,0,-5,fourth,4,351,0,-5,second,2,875,0,-5,third,3,354,0,-5,zero,0,-927,0,-6
1597651706279444719,first,1,1692,0,-5,fourth,4,350,0,-6,second,2,875,0,-6,third,3,346,-3,-6,zero,0,-927,0,-7
1597651706391340618,first,1,1692,0,-5,fourth,4,337,-6,-4,second,2,875,0,-6,third,3,329,-8,-6,zero,0,-927,0,-6
1597651706503321764,first,1,1692,0,-5,fourth,4,317,-10,-4,second,2,875,0,-6,third,3,304,-12,-6,zero,0,-927,0,-6
1597651706615385718,first,1,1692,0,-6,fourth,4,301,-8,-6,second,2,875,0,-6,third,3,276,-14,-6,zero,0,-927,0,-6
1597651706727258688,first,1,1693,0,-5,fourth,4,287,-6,-5,second,2,875,0,-5,third,3,255,-11,-5,zero,0,-936,-4,-4
1597651706727334147,first,1,1693,0,-5,fourth,4,287,-6,-5,second,2,875,0,-5,third,3,255,-11,-5,zero,0,-936,-4,-4
1597651706839048490,first,1,1693,0,-5,fourth,4,276,-5,-5,second,2,875,0,-4,third,3,241,-7,-6,zero,0,-956,-10,-4
1597651706951454572,first,1,1693,0,-6,fourth,4,264,-5,-5,second,2,875,0,-5,third,3,229,-6,-6,zero,0,-972,-7,-5
1597651707063359513,first,1,1693,0,-4,fourth,4,248,-7,-6,second,2,875,0,-6,third,3,214,-6,-7,zero,0,-975,0,-5
1597651707175516889,first,1,1693,0,-6,fourth,4,231,-8,-5,second,2,875,0,-4,third,3,196,-8,-5,zero,0,-975,0,-5
1597651707287492550,first,1,1694,0,-6,fourth,4,215,-8,-6,second,2,875,0,-4,third,3,178,-9,-5,zero,0,-975,0,-5
1597651707399255701,first,1,1695,0,-6,fourth,4,202,-6,-4,second,2,874,0,-6,third,3,165,-7,-7,zero,0,-975,0,-5
1597651707511434027,first,1,1699,0,-7,fourth,4,196,-3,-5,second,2,875,0,-5,third,3,161,-1,-6,zero,0,-975,0,-6
1597651707623266259,first,1,1702,0,-6,fourth,4,195,0,-6,second,2,875,0,-5,third,3,161,0,-5,zero,0,-976,0,-6
1597651707735247249,first,1,1706,0,-6,fourth,4,194,0,-5,second,2,875,0,-6,third,3,161,0,-6,zero,0,-975,0,-6
1597651707847444867,first,1,1709,0,-6,fourth,4,194,0,-4,second,2,875,0,-6,third,3,160,0,-5,zero,0,-975,0,-5
1597651707959430124,first,1,1713,0,-7,fourth,4,194,0,-5,second,2,875,0,-5,third,3,161,0,-6,zero,0,-975,0,-6
1597651708071359770,first,1,1715,0,-5,fourth,4,194,0,-6,second,2,875,0,-5,third,3,161,0,-6,zero,0,-976,0,-6
1597651708183310266,first,1,1718,0,-5,fourth,4,194,0,-6,second,2,875,0,-6,third,3,161,0,-4,zero,0,-976,0,-8
1597651708295440329,first,1,1720,0,-5,fourth,4,194,0,-7,second,2,875,0,-5,third,3,161,0,-7,zero,0,-976,0,-5
1597651708407280378,first,1,1720,0,-6,fourth,4,194,0,-7,second,2,874,0,-6,third,3,160,0,-5,zero,0,-976,0,-7
1597651708519431824,first,1,1720,0,-4,fourth,4,194,0,-4,second,2,875,0,-5,third,3,161,0,-5,zero,0,-976,0,-6
1597651708631287507,first,1,1720,0,-6,fourth,4,194,0,-5,second,2,874,0,-4,third,3,161,0,-7,zero,0,-976,0,-5
1597651708631364934,first,1,1720,0,-6,fourth,4,194,0,-5,second,2,874,0,-4,third,3,161,0,-7,zero,0,-976,0,-5
1597651708743241695,first,1,1720,0,-3,fourth,4,194,0,-6,second,2,875,0,-5,third,3,161,0,-7,zero,0,-976,0,-7
1597651708855227485,first,1,1720,0,-5,fourth,4,194,0,-5,second,2,875,0,-5,third,3,161,0,-4,zero,0,-976,0,-7
1597651708967263603,first,1,1720,0,-6,fourth,4,194,0,-6,second,2,874,0,-5,third,3,161,0,-5,zero,0,-976,0,-4
1597651709079285563,first,1,1720,0,-5,fourth,4,194,0,-4,second,2,874,0,-4,third,3,161,0,-6,zero,0,-976,0,-4
1597651709191105139,first,1,1720,0,-5,fourth,4,194,0,-6,second,2,874,0,-6,third,3,161,0,-5,zero,0,-976,0,-5
1597651709303144904,first,1,1720,0,-6,fourth,4,194,0,-5,second,2,874,0,-6,third,3,161,0,-6,zero,0,-976,0,-6
1597651709303215809,first,1,1720,0,-6,fourth,4,194,0,-5,second,2,874,0,-6,third,3,161,0,-6,zero,0,-976,0,-6
1597651709415427763,first,1,1720,0,-4,fourth,4,194,0,-6,second,2,875,0,-6,third,3,161,0,-4,zero,0,-976,0,-5
1597651709527217158,first,1,1720,0,-6,fourth,4,194,0,-6,second,2,875,0,-6,third,3,161,0,-7,zero,0,-977,0,-6
1597651709639167464,first,1,1720,0,-5,fourth,4,194,0,-6,second,2,874,0,-6,third,3,161,0,-6,zero,0,-977,0,-7
1597651709751486188,first,1,1720,0,-5,fourth,4,194,0,-5,second,2,874,0,-6,third,3,161,0,-6,zero,0,-977,0,-5
1597651709863145963,first,1,1720,0,-5,fourth,4,194,0,-6,second,2,875,0,-6,third,3,161,0,-4,zero,0,-977,0,-4
1597651709975185108,first,1,1720,0,-6,fourth,4,194,0,-6,second,2,874,0,-5,third,3,161,0,-6,zero,0,-976,0,-5
1597651710087189009,first,1,1720,0,-6,fourth,4,194,0,-6,second,2,855,-12,-6,third,3,161,0,-6,zero,0,-977,0,-4
1597651710199372429,first,1,1720,0,-6,fourth,4,194,0,-5,second,2,813,-23,-5,third,3,161,0,-5,zero,0,-977,0,-6
1597651710311171108,first,1,1720,0,-6,fourth,4,194,0,-5,second,2,760,-28,-5,third,3,161,0,-6,zero,0,-977,0,-5
1597651710423194104,first,1,1720,0,-4,fourth,4,194,0,-6,second,2,711,-26,-7,third,3,161,0,-5,zero,0,-977,0,-4
1597651710535163262,first,1,1720,0,-6,fourth,4,194,0,-6,second,2,679,-15,-5,third,3,161,0,-6,zero,0,-977,0,-6
1597651710647182232,first,1,1720,0,-5,fourth,4,194,0,-7,second,2,668,-4,-6,third,3,161,0,-6,zero,0,-977,0,-6
1597651710759261946,first,1,1720,0,-6,fourth,4,194,0,-6,second,2,669,0,-5,third,3,161,0,-7,zero,0,-977,0,-6
1597651710871038720,first,1,1720,0,-5,fourth,4,194,0,-5,second,2,669,0,-5,third,3,160,0,-7,zero,0,-977,0,-6
1597651710982995817,first,1,1720,0,-6,fourth,4,194,0,-6,second,2,668,0,-5,third,3,159,0,-7,zero,0,-977,0,-6
1597651711095105363,first,1,1720,0,-5,fourth,4,194,0,-5,second,2,668,0,-6,third,3,141,-9,-4,zero,0,-978,0,-4
1597651711206921638,first,1,1720,0,-5,fourth,4,194,0,-7,second,2,668,0,-6,third,3,123,-9,-4,zero,0,-978,0,-7
1597651711318979659,first,1,1720,0,-6,fourth,4,194,0,-5,second,2,668,0,-6,third,3,118,-2,-5,zero,0,-978,0,-8
1597651711430941423,first,1,1720,0,-6,fourth,4,194,0,-6,second,2,668,0,-6,third,3,118,0,-4,zero,0,-978,0,-6
1597651711543061949,first,1,1720,0,-5,fourth,4,194,0,-4,second,2,668,0,-5,third,3,118,0,-5,zero,0,-977,0,-5
1597651711543126837,first,1,1720,0,-5,fourth,4,194,0,-4,second,2,668,0,-5,third,3,118,0,-5,zero,0,-977,0,-5
1597651711655125851,first,1,1720,0,-5,fourth,4,194,0,-5,second,2,668,0,-6,third,3,118,0,-5,zero,0,-978,0,-5
1597651711767144360,first,1,1720,0,-6,fourth,4,194,0,-6,second,2,668,0,-4,third,3,118,0,-6,zero,0,-978,0,-4
1597651711879098632,first,1,1720,0,-5,fourth,4,194,0,-5,second,2,668,0,-5,third,3,118,0,-6,zero,0,-978,0,-5
1597651711990838682,first,1,1720,0,-6,fourth,4,194,0,-6,second,2,668,0,-6,third,3,118,0,-6,zero,0,-978,0,-4
1597651712102853954,first,1,1720,0,-5,fourth,4,194,0,-5,second,2,668,0,-5,third,3,118,0,-4,zero,0,-978,0,-5
1597651712214995431,first,1,1720,0,-5,fourth,4,193,0,-5,second,2,668,0,-5,third,3,118,0,-7,zero,0,-978,0,-6
1597651712327008590,first,1,1720,0,-6,fourth,4,179,-7,-7,second,2,668,0,-7,third,3,113,-1,-6,zero,0,-978,0,-6
1597651712327092284,first,1,1720,0,-6,fourth,4,179,-7,-7,second,2,668,0,-7,third,3,113,-1,-6,zero,0,-978,0,-6
1597651712439086781,first,1,1720,0,-6,fourth,4,156,-11,-5,second,2,668,0,-5,third,3,87,-14,-4,zero,0,-979,0,-6
1597651712551169753,first,1,1721,0,-6,fourth,4,138,-10,-7,second,2,668,0,-6,third,3,57,-16,-6,zero,0,-978,0,-4
1597651712663037025,first,1,1724,0,-8,fourth,4,123,-7,-7,second,2,668,0,-5,third,3,38,-10,-7,zero,0,-979,0,-5
1597651712775059510,first,1,1728,0,1,fourth,4,116,-2,-5,second,2,668,0,-5,third,3,31,-3,-6,zero,0,-979,0,-6
1597651712887145811,first,1,1732,0,-6,fourth,4,116,0,-5,second,2,668,0,-5,third,3,31,0,-6,zero,0,-979,0,-5
1597651712998994329,first,1,1735,0,-5,fourth,4,116,0,-6,second,2,668,0,-6,third,3,31,0,-7,zero,0,-979,0,-5
1597651713111068520,first,1,1739,0,-6,fourth,4,116,0,-5,second,2,668,0,-4,third,3,31,0,-5,zero,0,-979,0,-4
1597651713223084628,first,1,1743,0,-8,fourth,4,116,0,-5,second,2,668,0,-5,third,3,31,0,-7,zero,0,-980,0,-5
1597651713334890054,first,1,1747,0,-7,fourth,4,116,0,-5,second,2,668,0,-6,third,3,31,0,-7,zero,0,-979,0,-5
1597651713446903312,first,1,1751,0,-6,fourth,4,116,0,-7,second,2,668,0,-7,third,3,31,0,-7,zero,0,-980,0,-4
1597651713558865834,first,1,1755,0,-7,fourth,4,116,0,-5,second,2,668,0,-5,third,3,31,0,-6,zero,0,-980,0,-6
1597651713670804527,first,1,1758,0,-7,fourth,4,116,0,-5,second,2,668,0,-5,third,3,31,0,-6,zero,0,-980,0,-5
1597651713782791079,first,1,1762,0,-7,fourth,4,116,0,-6,second,2,668,0,-6,third,3,31,0,-4,zero,0,-980,0,-5
1597651713894996697,first,1,1765,0,-4,fourth,4,110,-2,-5,second,2,668,0,-6,third,3,31,0,-6,zero,0,-980,0,-7
1597651714006808890,first,1,1769,0,-6,fourth,4,98,-5,-7,second,2,668,0,-6,third,3,31,0,-6,zero,0,-980,0,-6
1597651714118783197,first,1,1772,0,-5,fourth,4,97,0,-5,second,2,668,0,-6,third,3,31,0,-6,zero,0,-980,0,-6
1597651714230825065,first,1,1777,0,-8,fourth,4,96,0,-5,second,2,668,0,-5,third,3,31,0,-5,zero,0,-980,0,-5
1597651714342841391,first,1,1780,0,-7,fourth,4,96,0,-7,second,2,668,0,-6,third,3,31,0,-5,zero,0,-980,0,-6
1597651714454847810,first,1,1786,1,-2,fourth,4,97,0,-4,second,2,668,0,-5,third,3,31,0,-6,zero,0,-980,0,-5
1597651714454936124,first,1,1786,1,-2,fourth,4,97,0,-4,second,2,668,0,-5,third,3,31,0,-6,zero,0,-980,0,-5
1597651714566948497,first,1,1791,1,-2,fourth,4,94,0,-4,second,2,668,0,-4,third,3,31,0,-5,zero,0,-980,0,-5
1597651714678831662,first,1,1796,1,-7,fourth,4,84,-4,-5,second,2,668,0,-5,third,3,31,0,-5,zero,0,-979,0,-5
1597651714790904225,first,1,1799,1,3,fourth,4,79,-1,-5,second,2,668,0,-5,third,3,31,0,-5,zero,0,-980,0,-6
1597651714903378481,first,1,1804,1,-7,fourth,4,80,0,-5,second,2,668,0,-6,third,3,31,0,-5,zero,0,-979,0,-5
1597651715015140502,first,1,1808,1,-5,fourth,4,80,0,-6,second,2,668,0,-5,third,3,31,0,-5,zero,0,-979,0,-7
1597651715126834140,first,1,1813,1,-7,fourth,4,79,0,-7,second,2,668,0,-5,third,3,31,0,-4,zero,0,-980,0,-5
1597651715238899345,first,1,1818,1,-4,fourth,4,79,0,-5,second,2,668,0,-5,third,3,31,0,-7,zero,0,-979,0,-5
1597651715350852575,first,1,1822,1,-8,fourth,4,79,0,-4,second,2,668,0,-5,third,3,31,0,-5,zero,0,-980,0,-7
1597651715462938061,first,1,1826,1,-7,fourth,4,78,0,-6,second,2,668,0,-6,third,3,31,0,-6,zero,0,-979,0,-6
1597651715574843785,first,1,1830,1,-8,fourth,4,73,-1,-7,second,2,668,0,-5,third,3,31,0,-6,zero,0,-979,0,-6
1597651715687003084,first,1,1834,1,-5,fourth,4,68,-1,-5,second,2,668,0,-6,third,3,31,0,-6,zero,0,-979,0,-5
1597651715799236833,first,1,1838,1,-4,fourth,4,69,0,-5,second,2,667,0,-5,third,3,31,0,-6,zero,0,-979,0,-4
1597651715910850113,first,1,1842,1,-8,fourth,4,69,0,-5,second,2,667,0,-6,third,3,31,0,-7,zero,0,-979,0,-6
1597651716022840045,first,1,1846,1,-7,fourth,4,69,0,-7,second,2,667,0,-6,third,3,31,0,-5,zero,0,-979,0,-7
1597651716135098493,first,1,1850,1,-7,fourth,4,62,-2,-6,second,2,667,0,-5,third,3,31,0,-7,zero,0,-979,0,-5
1597651716246851782,first,1,1854,1,-5,fourth,4,49,-5,-5,second,2,667,0,-5,third,3,31,0,-4,zero,0,-979,0,-3
1597651716358857367,first,1,1859,1,-6,fourth,4,46,0,-6,second,2,667,0,-6,third,3,31,0,-6,zero,0,-979,0,-9
1597651716470842495,first,1,1870,5,-6,fourth,4,46,0,-6,second,2,667,0,-5,third,3,31,0,-5,zero,0,-979,0,-5
1597651716582771293,first,1,1883,5,-1,fourth,4,46,0,-5,second,2,668,0,-6,third,3,31,0,-6,zero,0,-978,0,-5
1597651716694831330,first,1,1898,6,0,fourth,4,40,-1,-5,second,2,667,0,-5,third,3,31,0,-4,zero,0,-973,1,1
1597651716806924015,first,1,1913,7,-10,fourth,4,30,-5,-7,second,2,667,0,-5,third,3,31,0,-7,zero,0,-968,1,-4
1597651716918919886,first,1,1930,7,-12,fourth,4,24,-2,-7,second,2,667,0,-6,third,3,31,0,-4,zero,0,-962,1,-7
1597651717030858147,first,1,1941,5,-1,fourth,4,24,0,-5,second,2,668,0,-5,third,3,31,0,-4,zero,0,-955,3,-4
1597651717143029557,first,1,1946,2,-7,fourth,4,24,0,-6,second,2,667,0,-6,third,3,31,0,-6,zero,0,-939,8,-2
1597651717254818271,first,1,1955,4,1,fourth,4,21,0,-5,second,2,667,0,-6,third,3,30,0,-7,zero,0,-927,6,-3
1597651717366887500,first,1,1967,5,-7,fourth,4,22,0,-7,second,2,667,0,-6,third,3,31,0,-6,zero,0,-917,4,-3
1597651717478738567,first,1,1980,5,0,fourth,4,20,0,-6,second,2,667,0,-6,third,3,31,0,-4,zero,0,-912,2,3
1597651717590733230,first,1,1993,6,-5,fourth,4,10,-4,-4,second,2,667,0,-6,third,3,30,0,-6,zero,0,-904,2,0
1597651717703491931,first,1,2007,6,0,fourth,4,3,-3,-5,second,2,667,0,-6,third,3,30,0,-4,zero,0,-891,7,-9
1597651717814995086,first,1,2020,6,-6,fourth,4,3,0,-6,second,2,667,0,-5,third,3,30,0,-6,zero,0,-871,10,-2
1597651717926925375,first,1,2029,4,-8,fourth,4,3,0,-6,second,2,667,0,-5,third,3,30,0,-5,zero,0,-845,13,-6
1597651718038689774,first,1,2043,6,2,fourth,4,3,0,-6,second,2,667,0,-3,third,3,30,0,-5,zero,0,-815,15,-1
1597651718150701731,first,1,2063,10,-11,fourth,4,3,0,-5,second,2,666,0,-4,third,3,30,0,-5,zero,0,-785,16,0
1597651718262566594,first,1,2094,15,0,fourth,4,3,0,-6,second,2,667,0,-5,third,3,30,0,-5,zero,0,-753,17,-18
1597651718262648441,first,1,2094,15,0,fourth,4,3,0,-6,second,2,667,0,-5,third,3,30,0,-5,zero,0,-753,17,-18
1597651718374791556,first,1,2131,19,-16,fourth,4,2,0,-4,second,2,666,0,-5,third,3,30,0,-5,zero,0,-722,16,2
1597651718486688408,first,1,2163,17,0,fourth,4,-6,-3,-5,second,2,666,0,-6,third,3,30,0,-7,zero,0,-691,16,1
1597651718598993445,first,1,2194,17,-2,fourth,4,-14,-3,-5,second,2,666,0,-6,third,3,30,0,-6,zero,0,-657,18,-2
1597651718710755755,first,1,2220,14,0,fourth,4,-15,0,-4,second,2,666,0,-6,third,3,30,0,-4,zero,0,-624,17,1
1597651718822167457,first,1,2236,7,-6,fourth,4,-15,0,-6,second,2,666,0,-5,third,3,30,0,-5,zero,0,-595,16,-6
1597651718934640070,first,1,2242,3,-8,fourth,4,-15,0,-5,second,2,666,0,-5,third,3,30,0,-5,zero,0,-575,9,-10
1597651719046646208,first,1,2247,2,-4,fourth,4,-15,0,-5,second,2,666,0,-6,third,3,30,0,-6,zero,0,-568,2,-3
1597651719158521904,first,1,2251,1,-7,fourth,4,-15,0,-7,second,2,666,0,-6,third,3,30,0,-6,zero,0,-565,1,-3
1597651719270625214,first,1,2255,1,-7,fourth,4,-15,0,-5,second,2,666,0,-5,third,3,30,0,-5,zero,0,-561,1,-7
1597651719382475242,first,1,2259,1,-1,fourth,4,-15,0,-4,second,2,666,0,-5,third,3,30,0,-5,zero,0,-557,1,-7
1597651719494572713,first,1,2263,1,-4,fourth,4,-15,0,-6,second,2,666,0,-6,third,3,30,0,-4,zero,0,-553,1,-6
1597651719606574481,first,1,2267,1,-4,fourth,4,-15,0,-6,second,2,666,0,-6,third,3,30,0,-7,zero,0,-547,1,-8
1597651719718764727,first,1,2273,1,-4,fourth,4,-15,0,-7,second,2,666,0,-6,third,3,30,0,-5,zero,0,-541,1,-6
1597651719830731118,first,1,2278,1,-7,fourth,4,-15,0,-5,second,2,666,0,-7,third,3,29,0,-5,zero,0,-537,1,-6
1597651719831670933,first,1,2278,1,-7,fourth,4,-15,0,-5,second,2,666,0,-7,third,3,29,0,-5,zero,0,-537,1,-6
1597651719942707140,first,1,2281,1,-7,fourth,4,-15,0,-6,second,2,667,0,-5,third,3,30,0,-6,zero,0,-532,1,-8
1597651720054639421,first,1,2285,1,-6,fourth,4,-15,0,-6,second,2,667,0,-5,third,3,30,0,-4,zero,0,-528,1,-8
1597651720166577847,first,1,2288,1,-8,fourth,4,-15,0,-5,second,2,667,0,-5,third,3,29,0,-6,zero,0,-523,1,0
1597651720278626725,first,1,2292,1,-2,fourth,4,-15,0,-5,second,2,666,0,-5,third,3,30,0,-4,zero,0,-517,1,-1
1597651720390514115,first,1,2295,1,-5,fourth,4,-15,0,-6,second,2,666,0,-6,third,3,30,0,-4,zero,0,-512,1,-3
1597651720502692983,first,1,2299,1,-6,fourth,4,-15,0,-5,second,2,667,0,-5,third,3,30,0,-5,zero,0,-507,1,-2
1597651720614623591,first,1,2303,1,-3,fourth,4,-15,0,-5,second,2,667,0,-6,third,3,30,0,-6,zero,0,-502,1,-5
1597651720726697645,first,1,2307,1,-7,fourth,4,-15,0,-6,second,2,666,0,-6,third,3,30,0,-6,zero,0,-496,2,-6
1597651720838641266,first,1,2310,1,-6,fourth,4,-15,0,-6,second,2,667,0,-6,third,3,30,0,-6,zero,0,-491,2,-7
1597651720950576780,first,1,2313,1,-8,fourth,4,-15,0,-5,second,2,667,0,-6,third,3,30,0,-6,zero,0,-486,2,-1
1597651721062603596,first,1,2317,1,-7,fourth,4,-16,0,-5,second,2,667,0,-4,third,3,30,0,-6,zero,0,-481,2,-8
1597651721174595815,first,1,2321,1,-7,fourth,4,-17,0,-3,second,2,667,0,-5,third,3,30,0,-7,zero,0,-476,2,1
1597651721286585683,first,1,2325,1,-3,fourth,4,-26,-4,-7,second,2,667,0,-5,third,3,30,0,-5,zero,0,-470,2,-3
1597651721398691331,first,1,2330,1,-4,fourth,4,-34,-3,-7,second,2,666,0,-6,third,3,30,0,-7,zero,0,-461,4,-4
1597651721510545789,first,1,2337,2,-9,fourth,4,-34,0,-4,second,2,667,0,-7,third,3,30,0,-5,zero,0,-450,4,-4
1597651721622715005,first,1,2347,4,-4,fourth,4,-34,0,-7,second,2,667,0,-6,third,3,30,0,-6,zero,0,-436,7,-2
1597651721734551259,first,1,2363,8,-5,fourth,4,-34,0,-5,second,2,667,0,-5,third,3,31,0,-6,zero,0,-417,8,-11
1597651721846120012,first,1,2385,11,-15,fourth,4,-34,0,-6,second,2,667,0,-6,third,3,31,0,-5,zero,0,-392,12,-7
1597651721958386483,first,1,2408,11,-6,fourth,4,-34,0,-6,second,2,667,0,-5,third,3,31,0,-7,zero,0,-363,15,1
1597651722070701299,first,1,2429,11,0,fourth,4,-35,0,-6,second,2,667,0,-6,third,3,31,0,-6,zero,0,-324,20,2
1597651722182635177,first,1,2453,12,-3,fourth,4,-41,-2,-4,second,2,667,0,-5,third,3,31,0,-6,zero,0,-284,21,-12
1597651722294486087,first,1,2480,13,-12,fourth,4,-41,0,-6,second,2,667,0,-5,third,3,34,0,-6,zero,0,-248,20,-9
1597651722406530206,first,1,2508,14,-3,fourth,4,-42,0,-6,second,2,667,0,-5,third,3,36,0,-6,zero,0,-213,19,-1
1597651722518741630,first,1,2541,17,-20,fourth,4,-42,0,-6,second,2,667,0,-5,third,3,40,0,-7,zero,0,-179,18,2
1597651722630455131,first,1,2574,18,0,fourth,4,-42,0,-5,second,2,667,0,-5,third,3,44,0,-7,zero,0,-144,19,1
1597651722742424404,first,1,2599,12,-4,fourth,4,-42,0,-6,second,2,667,0,-5,third,3,46,0,-7,zero,0,-108,19,1
1597651722742491642,first,1,2599,12,-4,fourth,4,-42,0,-6,second,2,667,0,-5,third,3,46,0,-7,zero,0,-108,19,1
1597651722854387327,first,1,2612,6,-9,fourth,4,-42,0,-5,second,2,667,0,-5,third,3,51,0,-6,zero,0,-75,17,-2
1597651722966398537,first,1,2615,1,-6,fourth,4,-41,0,-4,second,2,667,0,-5,third,3,54,0,-1,zero,0,-50,13,-8
1597651723078457699,first,1,2619,1,-8,fourth,4,-42,0,-5,second,2,667,0,-6,third,3,58,0,-7,zero,0,-42,2,-6
1597651723190510494,first,1,2623,1,0,fourth,4,-42,0,-6,second,2,667,0,-6,third,3,62,0,-4,zero,0,-41,0,-6
1597651723302552524,first,1,2628,1,-4,fourth,4,-42,0,-5,second,2,667,0,-6,third,3,65,0,0,zero,0,-41,0,-4
1597651723414577393,first,1,2631,1,0,fourth,4,-42,0,-6,second,2,667,0,-6,third,3,67,0,-5,zero,0,-40,0,-5
1597651723526620471,first,1,2635,1,-6,fourth,4,-42,0,-7,second,2,667,0,-5,third,3,70,0,-6,zero,0,-40,0,-5
1597651723638135851,first,1,2637,0,-6,fourth,4,-42,0,-5,second,2,667,0,-2,third,3,73,0,-6,zero,0,-41,0,-6
1597651723750547572,first,1,2638,0,-5,fourth,4,-41,0,-6,second,2,668,0,-7,third,3,77,0,-5,zero,0,-41,0,-5
1597651723862330041,first,1,2640,0,-6,fourth,4,-42,0,-5,second,2,668,0,-7,third,3,79,0,-3,zero,0,-40,0,-6
1597651723974398362,first,1,2640,0,-6,fourth,4,-42,0,-5,second,2,667,0,-5,third,3,83,0,-7,zero,0,-40,0,-7
1597651724086372308,first,1,2640,0,-5,fourth,4,-42,0,-6,second,2,668,0,-5,third,3,87,0,-5,zero,0,-40,0,-5
1597651724198168668,first,1,2640,0,-6,fourth,4,-42,0,-7,second,2,668,0,-6,third,3,90,0,-5,zero,0,-40,0,-5
1597651724310287934,first,1,2640,0,-6,fourth,4,-42,0,-6,second,2,668,0,-5,third,3,94,0,-7,zero,0,-40,0,-6
1597651724422303219,first,1,2640,0,-6,fourth,4,-41,0,-6,second,2,668,0,-5,third,3,98,0,-7,zero,0,-40,0,-5
1597651724534320721,first,1,2640,0,-6,fourth,4,-41,0,-5,second,2,668,0,-5,third,3,102,0,-7,zero,0,-40,0,-5
1597651724646290006,first,1,2640,0,-6,fourth,4,-42,0,-7,second,2,668,0,-5,third,3,106,0,-7,zero,0,-40,0,-7
1597651724757809834,first,1,2640,0,-6,fourth,4,-42,0,-6,second,2,668,0,-5,third,3,110,0,-2,zero,0,-40,0,-7
1597651724870037159,first,1,2640,0,-5,fourth,4,-41,0,-5,second,2,668,0,-5,third,3,114,0,-1,zero,0,-40,0,-6
1597651724982260788,first,1,2640,0,-6,fourth,4,-41,0,-6,second,2,668,0,-5,third,3,118,0,-5,zero,0,-40,0,-7
1597651725094142238,first,1,2640,0,-6,fourth,4,-41,0,-4,second,2,668,0,-6,third,3,122,0,-6,zero,0,-40,0,-4
1597651725206132061,first,1,2640,0,-6,fourth,4,-42,0,-6,second,2,668,0,-6,third,3,127,1,-6,zero,0,-40,0,-5
1597651725318117236,first,1,2641,0,-6,fourth,4,-41,0,-5,second,2,669,0,-6,third,3,132,1,-7,zero,0,-40,0,-6
1597651725430204934,first,1,2640,0,-5,fourth,4,-41,0,-5,second,2,668,0,-6,third,3,136,1,-8,zero,0,-39,0,-7
1597651725430262614,first,1,2640,0,-5,fourth,4,-41,0,-5,second,2,668,0,-6,third,3,136,1,-8,zero,0,-39,0,-7
1597651725542343177,first,1,2640,0,-6,fourth,4,-41,0,-6,second,2,668,0,-4,third,3,141,1,1,zero,0,-39,0,-4
1597651725654243975,first,1,2640,0,-5,fourth,4,-41,0,-6,second,2,668,0,-5,third,3,146,1,-7,zero,0,-38,0,-6
1597651725766227560,first,1,2640,0,-6,fourth,4,-41,0,-6,second,2,668,0,-6,third,3,153,2,-6,zero,0,-30,4,-8
1597651725878245009,first,1,2641,0,-5,fourth,4,-41,0,-5,second,2,668,0,-5,third,3,160,3,1,zero,0,-6,13,-1
1597651725990300874,first,1,2640,0,-5,fourth,4,-41,0,-5,second,2,669,0,-5,third,3,165,2,-3,zero,0,32,20,1
1597651726102345051,first,1,2642,0,-5,fourth,4,-40,0,-6,second,2,669,0,-5,third,3,169,2,-7,zero,0,69,20,2
1597651726214250211,first,1,2645,0,-2,fourth,4,-41,0,-5,second,2,669,0,-5,third,3,175,2,-6,zero,0,101,16,-3
1597651726326292156,first,1,2650,0,-10,fourth,4,-40,0,-5,second,2,669,0,-5,third,3,185,5,1,zero,0,120,9,1
1597651726438233352,first,1,2662,4,-7,fourth,4,-40,0,-5,second,2,669,0,0,third,3,201,7,1,zero,0,127,2,-1
1597651726550239082,first,1,2671,4,0,fourth,4,-40,0,-6,second,2,670,0,-6,third,3,216,7,-3,zero,0,132,2,-6
1597651726662241630,first,1,2674,1,-6,fourth,4,-39,0,-6,second,2,671,0,-5,third,3,226,5,4,zero,0,137,2,1
1597651726774247942,first,1,2678,1,-3,fourth,4,-40,0,-6,second,2,674,0,-5,third,3,234,3,-8,zero,0,143,2,-3
1597651726886203648,first,1,2682,1,-7,fourth,4,-39,0,-5,second,2,677,0,-7,third,3,242,3,-8,zero,0,149,2,-4
1597651726998183485,first,1,2686,1,-7,fourth,4,-39,0,-5,second,2,680,0,-7,third,3,248,2,1,zero,0,157,3,-10
1597651727111729721,first,1,2689,1,-4,fourth,4,-39,0,-6,second,2,682,0,-2,third,3,252,1,-7,zero,0,177,11,-3
1597651727222179406,first,1,2693,1,1,fourth,4,-39,0,-5,second,2,686,0,-3,third,3,258,1,-9,zero,0,207,17,2
1597651727334237880,first,1,2697,1,-1,fourth,4,-39,0,-5,second,2,689,0,-6,third,3,273,7,-2,zero,0,246,20,-16
1597651727446251099,first,1,2709,5,-3,fourth,4,-38,0,-6,second,2,693,0,-6,third,3,290,8,-13,zero,0,278,17,-14
1597651727558323051,first,1,2731,11,-1,fourth,4,-33,0,-6,second,2,697,1,-6,third,3,306,8,-5,zero,0,305,13,-5
1597651727670225682,first,1,2757,13,-17,fourth,4,-29,0,-5,second,2,701,1,-7,third,3,318,5,-10,zero,0,324,9,-11
1597651727782223078,first,1,2790,16,-19,fourth,4,-25,0,-8,second,2,705,1,-9,third,3,327,4,-7,zero,0,344,10,-7
1597651727894074314,first,1,2817,14,-4,fourth,4,-22,0,0,second,2,709,1,-1,third,3,331,2,0,zero,0,374,17,0
1597651728005539213,first,1,2828,4,-7,fourth,4,-20,0,-6,second,2,714,1,-8,third,3,335,1,-7,zero,0,414,21,-10
1597651728118021018,first,1,2832,1,-6,fourth,4,-20,0,-4,second,2,718,1,-8,third,3,339,1,-4,zero,0,451,19,-9
1597651728230064951,first,1,2837,1,-3,fourth,4,-20,0,-6,second,2,723,1,-3,third,3,345,1,-9,zero,0,479,15,-2
1597651728342036223,first,1,2849,4,-7,fourth,4,-19,0,-5,second,2,728,1,-3,third,3,353,3,-10,zero,0,492,5,-6
1597651728342106223,first,1,2849,4,-7,fourth,4,-19,0,-5,second,2,728,1,-3,third,3,353,3,-10,zero,0,492,5,-6
1597651728454190769,first,1,2864,7,-5,fourth,4,-18,0,-5,second,2,732,1,-8,third,3,364,4,-8,zero,0,497,2,-7
1597651728566148260,first,1,2874,5,-4,fourth,4,-16,0,-5,second,2,736,1,1,third,3,377,6,-10,zero,0,502,2,2
1597651728678117708,first,1,2879,2,-8,fourth,4,-14,0,-8,second,2,741,1,-7,third,3,393,7,-5,zero,0,507,2,-7
1597651728790175333,first,1,2883,1,-3,fourth,4,-10,0,-6,second,2,757,8,-2,third,3,408,7,-3,zero,0,512,2,-5
1597651728902123413,first,1,2885,1,-7,fourth,4,-5,0,-5,second,2,791,19,2,third,3,420,6,-5,zero,0,520,2,-2
1597651729014042489,first,1,2888,1,-6,fourth,4,0,1,-9,second,2,832,22,-20,third,3,433,6,-12,zero,0,533,6,-10
1597651729126201737,first,1,2889,0,-6,fourth,4,11,5,-10,second,2,873,22,0,third,3,447,6,-13,zero,0,547,6,-3
1597651729238090712,first,1,2893,0,-7,fourth,4,29,9,-11,second,2,914,22,-20,third,3,471,12,-13,zero,0,562,7,-9
1597651729350227583,first,1,2896,0,-6,fourth,4,48,10,-5,second,2,953,21,2,third,3,507,18,2,zero,0,576,7,-7
1597651729462018632,first,1,2898,0,-6,fourth,4,58,5,-5,second,2,994,22,-18,third,3,541,19,-8,zero,0,590,7,-7
1597651729574025717,first,1,2899,0,-5,fourth,4,67,5,-9,second,2,1033,21,0,third,3,569,15,5,zero,0,601,5,-10
1597651729686074124,first,1,2900,0,-6,fourth,4,75,4,-7,second,2,1071,21,-15,third,3,586,8,-3,zero,0,614,6,-4
1597651729798051940,first,1,2901,0,-5,fourth,4,87,5,-5,second,2,1103,18,-14,third,3,600,7,1,zero,0,626,6,-8
1597651729910264131,first,1,2901,0,-5,fourth,4,98,5,-4,second,2,1134,17,-1,third,3,609,4,-10,zero,0,639,6,-1
1597651730022066910,first,1,2901,0,-6,fourth,4,104,3,-4,second,2,1161,13,-2,third,3,621,5,1,zero,0,648,4,-2
1597651730134146757,first,1,2901,0,-6,fourth,4,113,3,-9,second,2,1173,5,-7,third,3,642,10,-6,zero,0,654,2,-6
1597651730246027905,first,1,2901,0,-6,fourth,4,125,5,-5,second,2,1177,1,-6,third,3,670,14,-2,zero,0,662,3,-4
1597651730357968356,first,1,2901,0,-6,fourth,4,140,7,-2,second,2,1180,1,-7,third,3,704,18,-20,zero,0,669,2,-4
1597651730469930497,first,1,2901,0,-6,fourth,4,159,9,-12,second,2,1183,1,-7,third,3,740,19,1,zero,0,673,2,-6
1597651730582067091,first,1,2901,0,-6,fourth,4,171,5,-2,second,2,1187,0,-2,third,3,768,15,-2,zero,0,679,2,-6
1597651730693548725,first,1,2901,0,-6,fourth,4,177,2,-3,second,2,1191,0,-6,third,3,780,6,-7,zero,0,686,2,-4
1597651730693581307,first,1,2901,0,-6,fourth,4,177,2,-3,second,2,1191,0,-6,third,3,780,6,-7,zero,0,686,2,-4
1597651730806265632,first,1,2901,0,-6,fourth,4,180,1,-5,second,2,1195,1,-3,third,3,784,1,-6,zero,0,696,4,-3
1597651730918233041,first,1,2901,0,-6,fourth,4,183,1,-4,second,2,1199,1,-6,third,3,788,1,-7,zero,0,702,2,-5
1597651731029907776,first,1,2901,0,-6,fourth,4,187,1,-1,second,2,1203,1,-5,third,3,793,1,3,zero,0,708,2,-5
1597651731142079962,first,1,2901,0,-6,fourth,4,190,1,-8,second,2,1206,1,-3,third,3,798,1,-1,zero,0,717,4,-10
1597651731253829176,first,1,2901,0,-6,fourth,4,194,1,-6,second,2,1211,1,-5,third,3,803,1,-8,zero,0,728,5,-5
1597651731365953687,first,1,2901,0,-6,fourth,4,198,1,-4,second,2,1215,1,1,third,3,810,2,-9,zero,0,734,2,-6
1597651731477918038,first,1,2901,0,-6,fourth,4,201,1,0,second,2,1219,1,4,third,3,826,7,0,zero,0,740,2,-6
1597651731477969595,first,1,2901,0,-6,fourth,4,201,1,0,second,2,1219,1,4,third,3,826,7,0,zero,0,740,2,-6
1597651731589794005,first,1,2901,0,-6,fourth,4,205,1,-6,second,2,1223,1,-7,third,3,845,9,-13,zero,0,748,2,-10
1597651731702082957,first,1,2901,0,-6,fourth,4,209,1,-5,second,2,1228,1,-8,third,3,864,10,-12,zero,0,754,2,-7
1597651731814061131,first,1,2901,0,-6,fourth,4,215,1,0,second,2,1232,1,-7,third,3,877,6,-2,zero,0,759,2,-8
1597651731926071438,first,1,2901,0,-6,fourth,4,226,4,-5,second,2,1236,1,-6,third,3,882,2,-7,zero,0,764,2,1
1597651732037905270,first,1,2901,0,-6,fourth,4,233,3,-8,second,2,1240,1,-6,third,3,886,2,-8,zero,0,769,2,-5
1597651732149892595,first,1,2901,0,-6,fourth,4,237,1,-7,second,2,1247,3,-7,third,3,892,2,2,zero,0,774,2,-5
1597651732261967048,first,1,2901,0,-6,fourth,4,241,1,-4,second,2,1256,4,-4,third,3,900,3,-7,zero,0,778,2,-6
1597651732373961180,first,1,2901,0,-6,fourth,4,244,1,-6,second,2,1260,2,-7,third,3,908,3,-3,zero,0,782,1,-6
1597651732485876233,first,1,2901,0,-6,fourth,4,248,1,-2,second,2,1264,1,-1,third,3,921,6,-2,zero,0,786,1,-6
1597651732597837841,first,1,2901,0,-6,fourth,4,252,1,-5,second,2,1267,1,-8,third,3,936,7,-8,zero,0,790,1,-3
1597651732709938200,first,1,2901,0,-6,fourth,4,256,1,-5,second,2,1271,1,-6,third,3,949,7,-1,zero,0,795,1,-5
1597651732822042503,first,1,2901,0,-6,fourth,4,261,1,-4,second,2,1276,1,-7,third,3,959,4,-5,zero,0,800,1,-6
1597651732933844819,first,1,2901,0,-6,fourth,4,264,1,-7,second,2,1279,1,-6,third,3,963,1,-7,zero,0,803,1,-6
1597651733045919950,first,1,2901,0,-6,fourth,4,269,1,-3,second,2,1282,1,-2,third,3,967,1,-7,zero,0,808,1,-6
1597651733157941316,first,1,2901,0,-6,fourth,4,273,1,-6,second,2,1286,1,0,third,3,972,1,-7,zero,0,811,1,-6
1597651733269738910,first,1,2901,0,-6,fourth,4,278,1,-8,second,2,1289,1,-4,third,3,977,1,-5,zero,0,815,1,-6
1597651733381137473,first,1,2901,0,-6,fourth,4,282,1,-1,second,2,1294,1,-7,third,3,982,1,-5,zero,0,819,1,-5
1597651733494040943,first,1,2901,0,-6,fourth,4,286,1,-6,second,2,1297,1,-6,third,3,986,1,-5,zero,0,823,1,-3
1597651733606255242,first,1,2901,0,-6,fourth,4,290,1,-5,second,2,1302,1,-6,third,3,989,1,-6,zero,0,825,0,-7
1597651733718034858,first,1,2901,0,-6,fourth,4,294,1,-5,second,2,1305,1,-6,third,3,992,1,-6,zero,0,826,0,-6
1597651733829400630,first,1,2901,0,-6,fourth,4,295,0,-6,second,2,1309,1,3,third,3,992,0,-6,zero,0,826,0,-4
1597651733941866159,first,1,2901,0,-6,fourth,4,297,0,-6,second,2,1312,1,-5,third,3,994,0,-6,zero,0,826,0,-6
1597651734053911236,first,1,2901,0,-6,fourth,4,299,0,-6,second,2,1315,1,-5,third,3,995,0,-5,zero,0,826,0,-6
1597651734165840345,first,1,2901,0,-6,fourth,4,300,0,-5,second,2,1319,1,-7,third,3,995,0,-5,zero,0,826,0,-6
1597651734277805946,first,1,2901,0,-6,fourth,4,300,0,-5,second,2,1322,1,-7,third,3,995,0,-5,zero,0,825,0,-6
1597651734389751928,first,1,2901,0,-6,fourth,4,300,0,-6,second,2,1326,1,-7,third,3,995,0,-7,zero,0,826,0,-6
1597651734501944908,first,1,2901,0,-6,fourth,4,300,0,-5,second,2,1329,1,-7,third,3,995,0,-6,zero,0,825,0,-6
1597651734613698414,first,1,2901,0,-6,fourth,4,301,0,-1,second,2,1332,1,-6,third,3,995,0,-6,zero,0,826,0,-5
1597651734725749628,first,1,2901,0,-6,fourth,4,305,0,-7,second,2,1335,0,-6,third,3,995,0,-5,zero,0,825,0,-5
1597651734837789585,first,1,2901,0,-6,fourth,4,308,0,-8,second,2,1338,0,-4,third,3,995,0,-5,zero,0,825,0,-8
1597651734949610185,first,1,2901,0,-6,fourth,4,311,0,-6,second,2,1340,0,-6,third,3,995,0,-5,zero,0,825,0,-4
1597651735061677678,first,1,2901,0,-6,fourth,4,312,0,-5,second,2,1342,0,-6,third,3,995,0,-6,zero,0,826,0,-5
1597651735173804532,first,1,2901,0,-6,fourth,4,311,0,-6,second,2,1345,0,-6,third,3,995,0,-5,zero,0,826,0,-5
1597651735285742299,first,1,2901,0,-6,fourth,4,311,0,-5,second,2,1347,0,-5,third,3,995,0,-6,zero,0,825,0,-6
1597651735397745621,first,1,2901,0,-5,fourth,4,312,0,-5,second,2,1349,0,-6,third,3,994,0,-5,zero,0,826,0,-5
1597651735509730959,first,1,2901,0,-6,fourth,4,312,0,-5,second,2,1351,0,-6,third,3,995,0,-6,zero,0,825,0,-5
1597651735621684952,first,1,2901,0,-6,fourth,4,312,0,-6,second,2,1353,0,-4,third,3,995,0,-6,zero,0,825,0,-6
1597651735733483780,first,1,2902,0,-6,fourth,4,311,0,-5,second,2,1356,0,-5,third,3,995,0,-5,zero,0,825,0,-5
1597651735845562949,first,1,2903,0,-6,fourth,4,312,0,-6,second,2,1359,0,-7,third,3,995,0,-4,zero,0,825,0,-5
1597651735845630827,first,1,2903,0,-6,fourth,4,312,0,-6,second,2,1359,0,-7,third,3,995,0,-4,zero,0,825,0,-5
1597651735957705815,first,1,2903,0,-5,fourth,4,312,0,-5,second,2,1362,0,-5,third,3,995,0,-5,zero,0,825,0,-6
1597651736069588768,first,1,2903,0,-7,fourth,4,312,0,-5,second,2,1364,0,-5,third,3,995,0,-4,zero,0,825,0,-4
1597651736181726419,first,1,2903,0,-6,fourth,4,312,0,-5,second,2,1367,0,-5,third,3,995,0,-5,zero,0,825,0,-4
1597651736293713148,first,1,2903,0,-5,fourth,4,312,0,-5,second,2,1371,0,-7,third,3,995,0,-7,zero,0,825,0,-7
1597651736405812529,first,1,2904,0,-5,fourth,4,312,0,-6,second,2,1373,0,-6,third,3,995,0,-6,zero,0,825,0,-6
1597651736517450522,first,1,2904,0,-6,fourth,4,312,0,-7,second,2,1376,0,-7,third,3,995,0,-5,zero,0,825,0,-5
1597651736629464700,first,1,2904,0,-5,fourth,4,312,0,-4,second,2,1379,0,-5,third,3,995,0,-6,zero,0,825,0,-5
1597651736741537351,first,1,2904,0,-7,fourth,4,312,0,-7,second,2,1382,0,-6,third,3,995,0,-7,zero,0,825,0,-4
1597651736853516232,first,1,2904,0,-6,fourth,4,312,0,-4,second,2,1384,0,-5,third,3,995,0,-4,zero,0,825,0,-5
1597651736965553295,first,1,2905,0,-5,fourth,4,312,0,-4,second,2,1386,0,-7,third,3,995,0,-6,zero,0,825,0,-7
1597651737077526486,first,1,2905,0,-6,fourth,4,312,0,-6,second,2,1389,0,-6,third,3,995,0,-7,zero,0,825,0,-5
1597651737077591906,first,1,2905,0,-6,fourth,4,312,0,-6,second,2,1389,0,-6,third,3,995,0,-7,zero,0,825,0,-5
1597651737189531231,first,1,2905,0,-6,fourth,4,312,0,-6,second,2,1392,0,-3,third,3,995,0,-6,zero,0,825,0,-6
1597651737301514749,first,1,2905,0,-5,fourth,4,312,0,-5,second,2,1393,0,-6,third,3,995,0,-6,zero,0,825,0,-5
1597651737413619080,first,1,2905,0,-5,fourth,4,312,0,-5,second,2,1396,0,-6,third,3,995,0,-7,zero,0,825,0,-5
1597651737526454162,first,1,2906,0,-6,fourth,4,312,0,-6,second,2,1398,0,-6,third,3,995,0,-7,zero,0,825,0,-5
1597651737637596202,first,1,2906,0,-6,fourth,4,312,0,-5,second,2,1399,0,-6,third,3,995,0,-4,zero,0,825,0,-5
1597651737749558416,first,1,2909,0,-5,fourth,4,312,0,-5,second,2,1399,0,-6,third,3,995,0,-5,zero,0,825,0,-6
1597651737861654448,first,1,2910,0,-6,fourth,4,312,0,-4,second,2,1398,0,-5,third,3,994,0,-6,zero,0,825,0,-6
1597651737973550912,first,1,2910,0,-5,fourth,4,312,0,-5,second,2,1398,0,-6,third,3,995,0,-6,zero,0,825,0,-5
1597651738085624526,first,1,2910,0,-5,fourth,4,312,0,-5,second,2,1399,0,-6,third,3,994,0,-5,zero,0,825,0,-6
1597651738197619741,first,1,2910,0,-5,fourth,4,312,0,-6,second,2,1399,0,-7,third,3,995,0,-5,zero,0,825,0,-6
1597651738309775613,first,1,2910,0,-5,fourth,4,312,0,-6,second,2,1399,0,-6,third,3,995,0,-6,zero,0,824,0,-6
1597651738421569647,first,1,2910,0,-5,fourth,4,312,0,-5,second,2,1399,0,-6,third,3,994,0,-6,zero,0,825,0,-6
1597651738533557394,first,1,2910,0,-5,fourth,4,312,0,-6,second,2,1398,0,-5,third,3,995,0,-7,zero,0,824,0,-6
1597651738644942457,first,1,2910,0,-5,fourth,4,312,0,-5,second,2,1399,0,-5,third,3,995,0,-5,zero,0,824,0,-5
1597651738757095318,first,1,2910,0,-5,fourth,4,312,0,-6,second,2,1399,0,-5,third,3,995,0,-5,zero,0,825,0,-4
1597651738869489917,first,1,2910,0,-5,fourth,4,312,0,-5,second,2,1399,0,-5,third,3,995,0,-6,zero,0,824,0,-6
1597651738981383058,first,1,2910,0,-5,fourth,4,312,0,-6,second,2,1399,0,-4,third,3,995,0,-6,zero,0,824,0,-4
1597651739093382704,first,1,2910,0,-5,fourth,4,312,0,-6,second,2,1399,0,-5,third,3,995,0,-5,zero,0,824,0,-6
1597651739205494582,first,1,2910,0,-5,fourth,4,312,0,-6,second,2,1399,0,-6,third,3,995,0,-4,zero,0,824,0,-5
1597651739205716883,first,1,2910,0,-5,fourth,4,312,0,-6,second,2,1399,0,-6,third,3,995,0,-4,zero,0,824,0,-5
1597651739317200016,first,1,2910,0,-5,fourth,4,312,0,-6,second,2,1399,0,0,third,3,995,0,-6,zero,0,824,0,-6
1597651739429580848,first,1,2910,0,-6,fourth,4,312,0,-5,second,2,1399,0,-6,third,3,995,0,-6,zero,0,824,0,-6
1597651739541508023,first,1,2910,0,-6,fourth,4,312,0,-6,second,2,1399,0,-6,third,3,995,0,-5,zero,0,824,0,-4
1597651739653390980,first,1,2910,0,-6,fourth,4,312,0,-5,second,2,1399,0,-6,third,3,995,0,-5,zero,0,824,0,-6
1597651739765496124,first,1,2910,0,-6,fourth,4,312,0,-5,second,2,1399,0,-5,third,3,994,0,-6,zero,0,824,0,-4
1597651739877488918,first,1,2910,0,-6,fourth,4,312,0,-6,second,2,1399,0,-4,third,3,995,0,-5,zero,0,824,0,-5
1597651739989332411,first,1,2910,0,-6,fourth,4,312,0,-5,second,2,1400,0,-5,third,3,995,0,-5,zero,0,824,0,-3
1597651740101426863,first,1,2910,0,-6,fourth,4,312,0,-6,second,2,1399,0,-6,third,3,995,0,-6,zero,0,823,0,-7
1597651740212968636,first,1,2911,0,-6,fourth,4,312,0,-5,second,2,1399,0,-6,third,3,995,0,-6,zero,0,823,0,-3
