1599314173720975926,one,1,12600,-10,-7
1599314173816715809,one,1,12583,-10,-6
1599314173912774269,one,1,12567,-10,-6
1599314174008691760,one,1,12550,-10,-6
1599314174104662790,one,1,12533,-10,-6
1599314174232712917,one,1,12511,-10,-6
1599314174328794719,one,1,12494,-10,-6
1599314174424774609,one,1,12478,-10,-6
1599314174520877179,one,1,12461,-10,-6
1599314174616792255,one,1,12446,-10,-6
1599314174712609959,one,1,12429,-10,-6
1599314174808884145,one,1,12413,-10,-6
1599314174904753719,one,1,12397,-10,-6
1599314175032766321,one,1,12375,-10,-7
1599314175128740229,one,1,12359,-10,-7
1599314175224619700,one,1,12343,-10,-7
1599314175320792930,one,1,12326,-10,-7
1599314175416849701,one,1,12309,-10,-7
1599314175512171604,one,1,12293,-10,-7
1599314175608690197,one,1,12277,-10,-7
1599314175704664600,one,1,12260,-10,-7
1599314175832770889,one,1,12237,-10,-6
1599314175928821744,one,1,12220,-10,-7
1599314176024721369,one,1,12204,-10,-7
1599314176120768206,one,1,12187,-10,-7
1599314176216561717,one,1,12171,-10,-7
1599314176312905718,one,1,12155,-10,-7
1599314176408700542,one,1,12139,-10,-7
1599314176504585619,one,1,12122,-10,-7
1599314176632596150,one,1,12101,-10,-7
1599314176728680618,one,1,12084,-10,-7
1599314176824620116,one,1,12068,-10,-7
1599314176920736788,one,1,12051,-10,-6
1599314177016515156,one,1,12035,-10,-6
1599314177112658347,one,1,12018,-10,-6
1599314177208906792,one,1,12002,-10,-6
1599314177304679322,one,1,11986,-10,-6
1599314177432657455,one,1,11964,-10,-6
1599314177528751754,one,1,11947,-10,-6
1599314177624559933,one,1,11931,-10,-6
1599314177720525181,one,1,11914,-10,-7
1599314177816713784,one,1,11898,-10,-7
1599314177912550075,one,1,11881,-10,-7
1599314178008515009,one,1,11865,-10,-7
1599314178104552887,one,1,11848,-10,-7
1599314178232545010,one,1,11826,-10,-7
1599314178328615536,one,1,11810,-10,-7
1599314178424699729,one,1,11793,-10,-7
1599314178520589234,one,1,11776,-10,-7
1599314178616396097,one,1,11760,-10,-7
1599314178712391345,one,1,11743,-10,-7
1599314178808511216,one,1,11727,-10,-7
1599314178904471984,one,1,11710,-10,-7
1599314179032605304,one,1,11688,-10,-7
1599314179128699252,one,1,11671,-10,-7
1599314179224429473,one,1,11655,-10,-7
1599314179320483499,one,1,11638,-10,-7
1599314179416519011,one,1,11622,-10,-7
1599314179512531109,one,1,11606,-10,-7
1599314179608545370,one,1,11589,-10,-7
1599314179704610038,one,1,11572,-10,-7
1599314179832395983,one,1,11551,-10,-7
1599314179928538759,one,1,11535,-10,-7
1599314180024466366,one,1,11518,-10,-7
1599314180120499671,one,1,11501,-10,-6
1599314180216560217,one,1,11486,-10,-7
1599314180312649605,one,1,11469,-10,-7
1599314180408611199,one,1,11453,-10,-7
1599314180504471441,one,1,11436,-10,-6
1599314180632475554,one,1,11416,-10,-6
1599314180728516685,one,1,11399,-10,-6
1599314180824567453,one,1,11383,-10,-7
1599314180920444716,one,1,11366,-10,-7
1599314181016300487,one,1,11350,-10,-7
1599314181112495789,one,1,11334,-10,-7
1599314181208503113,one,1,11318,-10,-7
1599314181304499783,one,1,11301,-10,-7
1599314181432448689,one,1,11280,-10,-7
1599314181530745728,one,1,11264,-10,-7
1599314181623807888,one,1,11248,-10,-7
1599314181720618474,one,1,11231,-10,-7
1599314181816296296,one,1,11215,-10,-7
1599314181912246197,one,1,11198,-10,-7
1599314182008470758,one,1,11182,-10,-7
1599314182104272664,one,1,11166,-10,-7
1599314182232278174,one,1,11144,-10,-7
1599314182328365903,one,1,11128,-10,-7
1599314182424215116,one,1,11111,-10,-7
1599314182520492074,one,1,11096,-10,-7
1599314182616387486,one,1,11080,-10,-7
1599314182712312281,one,1,11063,-10,-7
1599314182808267902,one,1,11048,-10,-7
1599314182904278278,one,1,11031,-10,-7
1599314183032282511,one,1,11010,-10,-7
1599314183128478376,one,1,10993,-10,-7
1599314183224541517,one,1,10977,-10,-7
1599314183320489999,one,1,10959,-10,-7
1599314183416300061,one,1,10944,-10,-7
1599314183512243987,one,1,10927,-10,-7
1599314183608117132,one,1,10911,-10,-7
1599314183704143146,one,1,10894,-10,-7
1599314183832412961,one,1,10873,-10,-6
1599314183928177398,one,1,10856,-10,-7
1599314184024341485,one,1,10839,-10,-7
1599314184120414818,one,1,10823,-10,-7
1599314184216183306,one,1,10806,-10,-7
1599314184312144421,one,1,10791,-10,-7
1599314184408210812,one,1,10774,-10,-7
1599314184504211440,one,1,10758,-10,-7
1599314184632126875,one,1,10736,-10,-7
1599314184728152511,one,1,10719,-10,-7
1599314184824086921,one,1,10703,-10,-7
1599314184920111564,one,1,10687,-10,-7
1599314185016086003,one,1,10671,-10,-7
1599314185112039937,one,1,10654,-10,-7
1599314185208056355,one,1,10637,-10,-7
1599314185304198934,one,1,10621,-10,-7
1599314185432222790,one,1,10599,-10,-7
1599314185528301867,one,1,10583,-10,-7
1599314185624143898,one,1,10567,-10,-7
1599314185720284980,one,1,10551,-9,-7
1599314185816055460,one,1,10534,-10,-7
1599314185912141508,one,1,10517,-10,-6
1599314186008082588,one,1,10500,-10,-6
1599314186104312914,one,1,10484,-10,-7
1599314186232191338,one,1,10462,-10,-7
1599314186328095147,one,1,10446,-10,-7
1599314186424168674,one,1,10430,-10,-7
1599314186520056085,one,1,10413,-10,-7
1599314186616063540,one,1,10397,-10,-7
1599314186712036744,one,1,10380,-10,-7
1599314186807989118,one,1,10364,-10,-7
1599314186903951087,one,1,10348,-10,-7
1599314187032197618,one,1,10326,-10,-7
1599314187128056585,one,1,10310,-10,-7
1599314187224190537,one,1,10294,-10,-7
1599314187320211639,one,1,10278,-10,-7
1599314187415956612,one,1,10261,-10,-7
1599314187511914650,one,1,10245,-10,-7
1599314187608175713,one,1,10229,-10,-7
1599314187704124964,one,1,10213,-10,-7
1599314187831984978,one,1,10191,-10,-7
1599314187928241873,one,1,10175,-10,-7
1599314188024113193,one,1,10159,-10,-7
1599314188120041522,one,1,10144,-9,-7
1599314188216003610,one,1,10128,-9,-7
1599314188311974313,one,1,10111,-9,-7
1599314188407841739,one,1,10095,-9,-7
1599314188503796240,one,1,10077,-9,-7
1599314188631906405,one,1,10055,-9,-7
1599314188727979082,one,1,10039,-9,-7
1599314188823839350,one,1,10022,-9,-7
1599314188919975400,one,1,10006,-9,-7
1599314189016088416,one,1,9990,-9,-7
1599314189112058241,one,1,9973,-9,-7
1599314189207875500,one,1,9956,-9,-7
1599314189303862238,one,1,9940,-9,-7
1599314189432027252,one,1,9917,-9,-7
1599314189527981617,one,1,9900,-9,-7
1599314189623948483,one,1,9884,-9,-7
1599314189719808383,one,1,9867,-9,-7
1599314189815995676,one,1,9850,-9,-7
1599314189911918911,one,1,9834,-9,-6
1599314190007953772,one,1,9815,-9,-6
1599314190103929885,one,1,9799,-9,-6
1599314190231812894,one,1,9777,-9,-6
1599314190327982126,one,1,9759,-10,-6
1599314190423841855,one,1,9743,-10,-6
1599314190519823081,one,1,9726,-10,-6
1599314190615790759,one,1,9710,-10,-6
1599314190711735237,one,1,9693,-10,-7
1599314190807728626,one,1,9676,-10,-7
1599314190903769538,one,1,9659,-10,-7
1599314191031802773,one,1,9637,-10,-7
1599314191128010313,one,1,9621,-10,-7
1599314191223737141,one,1,9604,-10,-7
1599314191319976740,one,1,9587,-10,-7
1599314191415794039,one,1,9570,-10,-6
1599314191511721306,one,1,9553,-10,-6
1599314191607711146,one,1,9536,-10,-6
1599314191703750583,one,1,9520,-10,-6
1599314191831636676,one,1,9498,-10,-7
1599314191927763383,one,1,9481,-10,-6
1599314192023722689,one,1,9465,-10,-6
1599314192119773789,one,1,9448,-10,-7
1599314192215713197,one,1,9431,-10,-7
1599314192311775210,one,1,9415,-10,-6
1599314192407643782,one,1,9398,-10,-6
1599314192503556384,one,1,9381,-10,-6
1599314192631796080,one,1,9360,-10,-6
1599314192728350038,one,1,9344,-10,-6
1599314192823678520,one,1,9327,-10,-7
1599314192919712315,one,1,9312,-10,-7
1599314193015783955,one,1,9295,-10,-7
1599314193111692362,one,1,9279,-10,-7
1599314193207616925,one,1,9262,-10,-7
1599314193303590996,one,1,9246,-10,-7
1599314193431592241,one,1,9224,-10,-6
1599314193527638506,one,1,9207,-10,-6
1599314193623590911,one,1,9191,-10,-7
1599314193719562774,one,1,9174,-10,-7
1599314193815638943,one,1,9158,-10,-7
1599314193911480080,one,1,9142,-10,-7
1599314194007657069,one,1,9125,-10,-7
1599314194103579790,one,1,9109,-10,-7
1599314194231628697,one,1,9088,-10,-7
1599314194327614334,one,1,9072,-10,-7
1599314194423669603,one,1,9055,-10,-7
1599314194519674977,one,1,9038,-10,-6
1599314194615553811,one,1,9022,-10,-6
1599314194711521283,one,1,9005,-10,-7
1599314194807536469,one,1,8989,-10,-7
1599314194903445106,one,1,8972,-10,-7
1599314195031470208,one,1,8950,-10,-7
1599314195127535719,one,1,8933,-10,-6
1599314195223605906,one,1,8917,-10,-6
1599314195319526436,one,1,8901,-10,-7
1599314195415614230,one,1,8884,-10,-7
1599314195511504646,one,1,8867,-10,-7
1599314195607578132,one,1,8851,-10,-7
1599314195703462822,one,1,8834,-10,-7
1599314195831580091,one,1,8812,-10,-7
1599314195927613971,one,1,8795,-10,-7
1599314196023513514,one,1,8778,-10,-7
1599314196119518061,one,1,8762,-10,-6
1599314196215549769,one,1,8745,-10,-6
1599314196311503323,one,1,8728,-10,-6
1599314196407522378,one,1,8712,-10,-7
1599314196503451524,one,1,8695,-10,-7
1599314196631470617,one,1,8673,-10,-6
1599314196727363472,one,1,8656,-10,-6
1599314196823547138,one,1,8640,-10,-6
1599314196919441696,one,1,8623,-10,-6
1599314197015408624,one,1,8606,-10,-7
1599314197111291390,one,1,8589,-10,-7
1599314197207404629,one,1,8572,-10,-7
1599314197303457797,one,1,8556,-10,-6
1599314197431545607,one,1,8535,-10,-6
1599314197527378023,one,1,8518,-10,-6
1599314197623375876,one,1,8501,-10,-6
1599314197719218509,one,1,8485,-10,-6
1599314197815224301,one,1,8468,-10,-6
1599314197911325878,one,1,8451,-10,-6
1599314198007440104,one,1,8435,-10,-6
1599314198103347407,one,1,8418,-10,-6
1599314198231321112,one,1,8395,-10,-6
1599314198327311161,one,1,8378,-10,-6
1599314198423422170,one,1,8362,-10,-7
1599314198519407192,one,1,8346,-10,-7
1599314198615354192,one,1,8330,-10,-6
1599314198711449691,one,1,8313,-10,-6
1599314198807464537,one,1,8296,-10,-6
1599314198903385985,one,1,8280,-10,-6
1599314199031352016,one,1,8258,-10,-6
1599314199127504251,one,1,8242,-10,-6
1599314199223381576,one,1,8225,-10,-6
1599314199319286924,one,1,8209,-10,-6
1599314199415336196,one,1,8192,-10,-6
1599314199511533946,one,1,8174,-10,-7
1599314199607278853,one,1,8158,-10,-7
1599314199703224613,one,1,8141,-10,-7
1599314199831357085,one,1,8119,-10,-7
1599314199927301990,one,1,8102,-10,-7
1599314200023363876,one,1,8086,-10,-7
1599314200119223723,one,1,8070,-10,-7
1599314200215395147,one,1,8054,-10,-7
1599314200311226189,one,1,8037,-10,-7
1599314200407309681,one,1,8021,-10,-7
1599314200503209069,one,1,8004,-10,-7
1599314200631324839,one,1,7983,-10,-7
1599314200727210856,one,1,7967,-10,-7
1599314200823140081,one,1,7950,-10,-7
1599314200919196351,one,1,7934,-10,-7
1599314201015174133,one,1,7917,-10,-7
1599314201111131379,one,1,7902,-10,-7
1599314201207174648,one,1,7886,-10,-7
1599314201303132243,one,1,7869,-10,-7
1599314201431474872,one,1,7848,-10,-7
1599314201527279029,one,1,7831,-10,-6
1599314201623218169,one,1,7815,-10,-7
1599314201719308650,one,1,7799,-10,-7
1599314201815186796,one,1,7781,-10,-7
1599314201911063292,one,1,7765,-10,-7
1599314202007154791,one,1,7748,-10,-7
1599314202103229490,one,1,7732,-10,-7
1599314202231087033,one,1,7710,-10,-7
1599314202327126716,one,1,7693,-10,-7
1599314202423309098,one,1,7677,-10,-7
1599314202519093614,one,1,7660,-10,-7
1599314202615103667,one,1,7644,-10,-7
1599314202711046313,one,1,7627,-10,-7
1599314202807053766,one,1,7611,-10,-6
1599314202903134723,one,1,7594,-10,-6
1599314203031073630,one,1,7572,-10,-6
1599314203127049032,one,1,7556,-10,-6
1599314203223052939,one,1,7539,-10,-7
1599314203319045874,one,1,7523,-10,-7
1599314203415148656,one,1,7506,-10,-7
1599314203511047411,one,1,7489,-10,-7
1599314203607328148,one,1,7472,-10,-7
1599314203703089628,one,1,7456,-10,-7
1599314203831152118,one,1,7434,-10,-7
1599314203927156333,one,1,7418,-10,-7
1599314204023165835,one,1,7402,-10,-7
1599314204119201757,one,1,7386,-10,-7
1599314204215045798,one,1,7369,-10,-7
1599314204311037336,one,1,7354,-10,-7
1599314204407009412,one,1,7337,-10,-7
1599314204502976662,one,1,7321,-10,-7
1599314204630994674,one,1,7299,-10,-7
1599314204726921031,one,1,7283,-10,-7
1599314204822986790,one,1,7266,-10,-7
1599314204918922555,one,1,7250,-10,-7
1599314205015015275,one,1,7233,-10,-7
1599314205110938896,one,1,7217,-10,-7
1599314205206994121,one,1,7200,-10,-7
1599314205302901175,one,1,7184,-10,-7
1599314205430958205,one,1,7162,-10,-6
1599314205526912560,one,1,7145,-10,-6
1599314205623028644,one,1,7129,-10,-7
1599314205719084231,one,1,7112,-10,-7
1599314205814940916,one,1,7096,-10,-7
1599314205910998260,one,1,7080,-10,-7
1599314206007067657,one,1,7064,-10,-6
1599314206102975895,one,1,7047,-10,-7
1599314206230852056,one,1,7025,-10,-7
1599314206326870298,one,1,7008,-10,-7
1599314206422830803,one,1,6994,-10,-7
1599314206518979436,one,1,6977,-10,-7
1599314206614774915,one,1,6961,-10,-7
1599314206710920693,one,1,6945,-10,-7
1599314206806930287,one,1,6929,-10,-7
1599314206902744059,one,1,6912,-10,-7
1599314207030843413,one,1,6891,-10,-7
1599314207126927274,one,1,6874,-10,-7
1599314207222936176,one,1,6858,-10,-7
1599314207318810582,one,1,6841,-10,-7
1599314207414948643,one,1,6825,-10,-7
1599314207510836386,one,1,6809,-10,-7
1599314207606754923,one,1,6793,-10,-7
1599314207702829542,one,1,6777,-10,-7
1599314207830775072,one,1,6755,-10,-7
1599314207926801882,one,1,6738,-10,-7
1599314208022811298,one,1,6722,-10,-6
1599314208118767096,one,1,6705,-10,-6
1599314208214811395,one,1,6688,-10,-7
1599314208310810646,one,1,6673,-10,-7
1599314208406799051,one,1,6656,-10,-7
1599314208502724957,one,1,6640,-10,-7
1599314208630688204,one,1,6618,-10,-7
1599314208726688516,one,1,6602,-10,-7
1599314208822693431,one,1,6585,-10,-7
1599314208918709481,one,1,6569,-10,-7
1599314209014658799,one,1,6552,-10,-7
1599314209110715822,one,1,6536,-10,-7
1599314209206749989,one,1,6519,-10,-7
1599314209302718614,one,1,6503,-10,-7
1599314209430682636,one,1,6481,-10,-7
1599314209526641102,one,1,6465,-10,-7
1599314209622703411,one,1,6448,-10,-7
1599314209718693966,one,1,6432,-10,-6
1599314209814779794,one,1,6415,-10,-6
1599314209910671470,one,1,6399,-10,-6
1599314210006624151,one,1,6383,-10,-7
1599314210102589716,one,1,6366,-9,-8
1599314210230613297,one,1,6343,-10,-7
1599314210326609270,one,1,6326,-10,-7
1599314210422706324,one,1,6309,-10,-7
1599314210518666206,one,1,6293,-10,-7
1599314210614668362,one,1,6276,-10,-7
1599314210710692080,one,1,6259,-10,-6
1599314210806720068,one,1,6242,-10,-6
1599314210902704097,one,1,6225,-10,-7
1599314211030590878,one,1,6202,-10,-7
1599314211126467561,one,1,6186,-10,-6
1599314211222517748,one,1,6167,-10,-6
1599314211318440061,one,1,6151,-10,-6
1599314211414811847,one,1,6134,-10,-7
1599314211510286803,one,1,6117,-10,-7
1599314211606776366,one,1,6100,-10,-7
1599314211702587295,one,1,6083,-10,-7
1599314211830457105,one,1,6061,-10,-7
1599314211926474968,one,1,6045,-10,-7
1599314212022650331,one,1,6028,-10,-7
1599314212118701222,one,1,6011,-10,-7
1599314212214648834,one,1,5995,-10,-7
1599314212310639697,one,1,5977,-10,-7
1599314212406640438,one,1,5961,-10,-7
1599314212502471006,one,1,5944,-10,-7
1599314212630612299,one,1,5922,-10,-7
1599314212726446195,one,1,5905,-10,-6
1599314212822737141,one,1,5888,-10,-7
1599314212918496667,one,1,5872,-10,-7
1599314213014607842,one,1,5855,-10,-7
1599314213110489528,one,1,5839,-10,-7
1599314213206436266,one,1,5822,-10,-7
1599314213302599973,one,1,5806,-10,-7
1599314213430488378,one,1,5784,-10,-7
1599314213526618158,one,1,5767,-10,-7
1599314213622438061,one,1,5750,-10,-6
1599314213718469460,one,1,5734,-10,-6
1599314213814643975,one,1,5716,-10,-6
1599314213910425588,one,1,5700,-10,-6
1599314214006442350,one,1,5682,-10,-6
1599314214102478617,one,1,5666,-10,-6
1599314214230332698,one,1,5643,-10,-6
1599314214326242773,one,1,5626,-10,-6
1599314214422464538,one,1,5609,-10,-6
1599314214518419614,one,1,5592,-10,-6
1599314214614406130,one,1,5576,-10,-6
1599314214710315809,one,1,5559,-10,-6
1599314214806394227,one,1,5543,-10,-7
1599314214902383765,one,1,5527,-10,-7
1599314215030325529,one,1,5505,-10,-7
1599314215126431402,one,1,5489,-10,-7
1599314215222444098,one,1,5473,-10,-7
1599314215318403273,one,1,5456,-10,-7
1599314215414468777,one,1,5440,-10,-6
1599314215510362735,one,1,5423,-10,-6
1599314215606369572,one,1,5407,-10,-6
1599314215702300813,one,1,5390,-10,-6
1599314215830399965,one,1,5368,-10,-6
1599314215926329557,one,1,5352,-10,-6
1599314216022334064,one,1,5335,-10,-5
1599314216118304598,one,1,5318,-10,-5
1599314216214342552,one,1,5301,-10,-5
1599314216310246507,one,1,5283,-10,-5
1599314216406391427,one,1,5268,-10,-6
1599314216502257062,one,1,5251,-10,-6
1599314216630323624,one,1,5230,-10,-7
1599314216726241459,one,1,5215,-9,-7
1599314216822351647,one,1,5197,-9,-7
1599314216918198646,one,1,5180,-10,-6
1599314217014375143,one,1,5163,-10,-6
1599314217110265652,one,1,5147,-10,-6
1599314217206189274,one,1,5130,-10,-6
1599314217302058642,one,1,5113,-10,-6
1599314217430243156,one,1,5091,-10,-6
1599314217526132107,one,1,5074,-10,-6
1599314217622229553,one,1,5058,-10,-6
1599314217718316230,one,1,5041,-10,-6
1599314217814245939,one,1,5024,-10,-6
1599314217910276790,one,1,5008,-10,-6
1599314218006291138,one,1,4992,-10,-6
1599314218102265727,one,1,4975,-10,-6
1599314218230135114,one,1,4953,-10,-6
1599314218326193142,one,1,4936,-10,-6
1599314218422193343,one,1,4920,-10,-6
1599314218518247716,one,1,4902,-10,-6
1599314218614082642,one,1,4886,-10,-6
1599314218710177636,one,1,4870,-10,-6
1599314218806203707,one,1,4852,-10,-6
1599314218902155918,one,1,4836,-10,-6
1599314219030242339,one,1,4814,-10,-6
1599314219126186662,one,1,4797,-10,-6
1599314219221994400,one,1,4781,-10,-6
1599314219318001401,one,1,4764,-10,-6
1599314219414084275,one,1,4747,-10,-6
1599314219525615863,one,1,4729,-10,-6
1599314219622188001,one,1,4712,-10,-6
1599314219718129625,one,1,4695,-10,-6
1599314219814125724,one,1,4679,-10,-6
1599314219910007959,one,1,4662,-10,-6
1599314220006205127,one,1,4645,-10,-6
1599314220102208423,one,1,4629,-10,-6
1599314220230156608,one,1,4606,-10,-6
1599314220326070761,one,1,4589,-10,-6
1599314220421999287,one,1,4573,-10,-6
1599314220517715671,one,1,4555,-10,-6
1599314220614092444,one,1,4539,-10,-6
1599314220710052415,one,1,4522,-10,-6
1599314220806135411,one,1,4505,-10,-6
1599314220902026626,one,1,4488,-10,-6
1599314221030043855,one,1,4466,-10,-6
1599314221126003894,one,1,4450,-10,-6
1599314221221964100,one,1,4434,-10,-6
1599314221317933551,one,1,4418,-10,-6
1599314221414089164,one,1,4402,-10,-6
1599314221510221337,one,1,4386,-10,-6
1599314221606146178,one,1,4369,-10,-6
1599314221702028625,one,1,4353,-10,-6
1599314221830036070,one,1,4331,-10,-6
1599314221925936038,one,1,4314,-10,-6
1599314222021957985,one,1,4297,-10,-6
1599314222118012940,one,1,4281,-10,-6
1599314222213985666,one,1,4265,-10,-6
1599314222309891608,one,1,4249,-10,-6
1599314222406144977,one,1,4233,-10,-6
1599314222502107303,one,1,4217,-10,-6
1599314222630139212,one,1,4195,-10,-6
1599314222726053930,one,1,4179,-10,-6
1599314222822011856,one,1,4162,-10,-6
1599314222917911618,one,1,4146,-9,-6
1599314223013955447,one,1,4130,-9,-6
1599314223109895997,one,1,4113,-9,-6
1599314223205951037,one,1,4097,-9,-6
1599314223301916373,one,1,4081,-9,-6
1599314223430086983,one,1,4058,-9,-6
1599314223525797929,one,1,4040,-9,-6
1599314223622048429,one,1,4023,-9,-6
1599314223718013680,one,1,4007,-9,-6
1599314223813797508,one,1,3991,-9,-6
1599314223909750960,one,1,3974,-9,-6
1599314224005900873,one,1,3958,-9,-6
1599314224102008747,one,1,3942,-9,-6
1599314224229923460,one,1,3920,-9,-6
1599314224325954592,one,1,3904,-9,-6
1599314224421875808,one,1,3887,-9,-6
1599314224517737204,one,1,3871,-9,-6
1599314224613785873,one,1,3855,-9,-7
1599314224709880013,one,1,3839,-9,-7
1599314224805877406,one,1,3823,-9,-7
1599314224901800510,one,1,3808,-9,-7
1599314225029880707,one,1,3787,-9,-7
1599314225125913798,one,1,3770,-9,-7
1599314225221983861,one,1,3754,-9,-7
1599314225318091097,one,1,3738,-9,-7
1599314225413924596,one,1,3722,-9,-7
1599314225509803668,one,1,3706,-9,-7
1599314225605860695,one,1,3689,-9,-7
1599314225701717851,one,1,3673,-9,-7
1599314225829762384,one,1,3651,-9,-6
1599314225925681177,one,1,3636,-9,-6
1599314226021747840,one,1,3619,-9,-7
1599314226117691526,one,1,3603,-9,-7
1599314226213782455,one,1,3587,-9,-6
1599314226309662617,one,1,3571,-9,-6
1599314226405817845,one,1,3554,-9,-6
1599314226501624297,one,1,3538,-9,-6
1599314226629612484,one,1,3516,-9,-6
1599314226725589714,one,1,3500,-9,-6
1599314226821656875,one,1,3483,-9,-6
1599314226917929253,one,1,3467,-9,-6
1599314227013617199,one,1,3450,-9,-6
1599314227109588927,one,1,3434,-9,-6
1599314227205613246,one,1,3418,-9,-6
1599314227333511007,one,1,3396,-9,-6
1599314227429792745,one,1,3379,-9,-6
1599314227525684210,one,1,3363,-9,-7
1599314227621718596,one,1,3347,-9,-7
1599314227717659164,one,1,3331,-9,-7
1599314227813814298,one,1,3314,-9,-7
1599314227909764720,one,1,3298,-9,-7
1599314228005691430,one,1,3282,-9,-7
1599314228101930127,one,1,3266,-9,-7
1599314228229717897,one,1,3244,-9,-7
1599314228325663412,one,1,3229,-9,-7
1599314228421560184,one,1,3212,-9,-7
1599314228517533976,one,1,3195,-9,-7
1599314228613573898,one,1,3180,-9,-7
1599314228709505487,one,1,3164,-9,-7
1599314228805576150,one,1,3147,-9,-7
1599314228933561960,one,1,3125,-9,-7
1599314229029622032,one,1,3109,-9,-7
1599314229125523360,one,1,3093,-9,-7
1599314229221589058,one,1,3077,-9,-7
1599314229317445389,one,1,3061,-9,-7
1599314229413503609,one,1,3045,-9,-7
1599314229509633814,one,1,3028,-9,-7
1599314229605428028,one,1,3012,-9,-7
1599314229733525505,one,1,2990,-9,-7
1599314229829476298,one,1,2974,-9,-7
1599314229925553613,one,1,2957,-9,-6
1599314230021508319,one,1,2941,-9,-6
1599314230117531355,one,1,2925,-9,-6
1599314230213623529,one,1,2910,-9,-7
1599314230309423267,one,1,2894,-9,-7
1599314230405434703,one,1,2877,-9,-7
1599314230533435539,one,1,2856,-9,-7
1599314230629403558,one,1,2840,-9,-7
1599314230725330230,one,1,2824,-9,-7
1599314230821401919,one,1,2808,-9,-7
1599314230917287311,one,1,2792,-9,-7
1599314231013434840,one,1,2775,-9,-7
1599314231109512738,one,1,2758,-9,-7
1599314231205397805,one,1,2741,-9,-7
1599314231333478474,one,1,2719,-9,-7
1599314231429545649,one,1,2702,-10,-7
1599314231525476914,one,1,2686,-10,-7
1599314231621477819,one,1,2670,-10,-6
1599314231717528988,one,1,2653,-10,-6
1599314231813377951,one,1,2637,-10,-6
1599314231909306349,one,1,2621,-10,-6
1599314232005366036,one,1,2605,-10,-6
1599314232133263780,one,1,2584,-10,-7
1599314232229342611,one,1,2568,-10,-7
1599314232325299267,one,1,2552,-9,-7
1599314232421351853,one,1,2536,-9,-7
1599314232517302492,one,1,2519,-9,-7
1599314232613292411,one,1,2502,-9,-7
1599314232709261657,one,1,2485,-9,-7
1599314232805337283,one,1,2468,-9,-7
1599314232933341377,one,1,2444,-10,-6
1599314233029223723,one,1,2428,-10,-6
1599314233125198535,one,1,2411,-10,-6
1599314233221338724,one,1,2395,-10,-6
1599314233317186791,one,1,2379,-10,-6
1599314233413339166,one,1,2363,-10,-6
1599314233509480290,one,1,2347,-10,-6
1599314233605202506,one,1,2331,-10,-6
1599314233733148036,one,1,2309,-10,-6
1599314233829353401,one,1,2293,-10,-7
1599314233925338713,one,1,2277,-10,-7
1599314234021346660,one,1,2260,-10,-7
1599314234117166795,one,1,2244,-10,-7
1599314234213235382,one,1,2229,-10,-7
1599314234309185808,one,1,2212,-10,-7
1599314234405226362,one,1,2196,-10,-7
1599314234533350093,one,1,2175,-10,-7
1599314234629309515,one,1,2159,-10,-7
1599314234725272611,one,1,2142,-10,-7
1599314234821153751,one,1,2126,-10,-7
1599314234917113374,one,1,2110,-10,-7
1599314235013240245,one,1,2094,-10,-7
1599314235109129298,one,1,2077,-10,-7
1599314235205218097,one,1,2060,-10,-7
1599314235333263466,one,1,2039,-10,-7
1599314235429163866,one,1,2023,-10,-7
1599314235525431716,one,1,2007,-9,-7
1599314235621114144,one,1,1990,-10,-7
1599314235717066690,one,1,1973,-10,-7
1599314235813248576,one,1,1956,-10,-7
1599314235909152077,one,1,1941,-10,-7
1599314236005157352,one,1,1924,-10,-7
1599314236133199694,one,1,1901,-10,-7
1599314236229141397,one,1,1883,-10,-7
1599314236325305039,one,1,1866,-10,-6
1599314236421332319,one,1,1849,-10,-6
1599314236517232349,one,1,1832,-10,-7
1599314236613285908,one,1,1815,-10,-7
1599314236709157226,one,1,1798,-10,-7
1599314236805209736,one,1,1781,-10,-7
1599314236933006269,one,1,1759,-10,-7
1599314237029061260,one,1,1742,-10,-7
1599314237124935245,one,1,1726,-10,-7
1599314237221239890,one,1,1709,-10,-7
1599314237317048416,one,1,1692,-10,-7
1599314237413010855,one,1,1676,-10,-7
1599314237509137816,one,1,1659,-10,-7
1599314237605007670,one,1,1642,-10,-7
1599314237732940892,one,1,1619,-10,-7
1599314237829140531,one,1,1602,-10,-7
1599314237924999798,one,1,1585,-10,-7
1599314238021040885,one,1,1568,-10,-7
1599314238117048529,one,1,1551,-10,-7
1599314238213155860,one,1,1534,-10,-7
1599314238309100862,one,1,1517,-10,-7
1599314238405055728,one,1,1501,-10,-7
1599314238532916749,one,1,1478,-10,-6
1599314238629047919,one,1,1461,-10,-6
1599314238724968401,one,1,1444,-10,-6
1599314238820879802,one,1,1427,-10,-7
1599314238916865372,one,1,1410,-10,-7
1599314239012996041,one,1,1393,-10,-7
1599314239108888469,one,1,1376,-10,-6
1599314239204955731,one,1,1359,-10,-6
1599314239332865040,one,1,1338,-10,-6
1599314239429052342,one,1,1323,-10,-6
1599314239524989162,one,1,1307,-10,-6
1599314239621098949,one,1,1290,-9,-6
1599314239716876592,one,1,1273,-9,-6
1599314239812894923,one,1,1257,-9,-6
1599314239909016357,one,1,1240,-9,-6
1599314240004927415,one,1,1224,-9,-6
1599314240133077176,one,1,1202,-9,-6
1599314240228902302,one,1,1185,-9,-6
1599314240324890274,one,1,1169,-9,-6
1599314240420837246,one,1,1152,-9,-6
1599314240516836545,one,1,1136,-9,-6
1599314240612761866,one,1,1120,-9,-6
1599314240708954838,one,1,1103,-9,-7
1599314240804898704,one,1,1086,-9,-7
1599314240932779340,one,1,1064,-9,-7
1599314241028851526,one,1,1048,-9,-7
1599314241125073907,one,1,1032,-9,-7
1599314241220956352,one,1,1014,-9,-7
1599314241316922175,one,1,998,-9,-7
1599314241413089632,one,1,981,-9,-7
1599314241508753657,one,1,964,-9,-7
1599314241604797913,one,1,948,-9,-7
1599314241732333741,one,1,926,-9,-7
1599314241828955882,one,1,910,-9,-7
1599314241924728439,one,1,894,-9,-7
1599314242020742097,one,1,876,-9,-7
1599314242116770457,one,1,860,-9,-7
1599314242212771764,one,1,843,-9,-7
1599314242308716220,one,1,826,-9,-7
1599314242404758629,one,1,810,-9,-7
1599314242532765909,one,1,788,-9,-7
1599314242628702926,one,1,771,-9,-7
1599314242724668079,one,1,755,-9,-7
1599314242820795944,one,1,738,-9,-7
1599314242916624996,one,1,722,-9,-7
1599314243012764344,one,1,705,-9,-7
1599314243108603376,one,1,689,-9,-7
1599314243204675072,one,1,672,-9,-7
1599314243332779256,one,1,650,-9,-7
1599314243428666113,one,1,634,-9,-7
1599314243524733840,one,1,618,-9,-6
1599314243620748525,one,1,601,-9,-7
1599314243716579187,one,1,585,-9,-7
1599314243812694248,one,1,568,-9,-7
1599314243908654220,one,1,552,-9,-7
1599314244004658432,one,1,536,-9,-7
1599314244132770255,one,1,514,-9,-7
1599314244228702684,one,1,498,-9,-7
1599314244324784533,one,1,481,-9,-7
1599314244420556541,one,1,465,-9,-7
1599314244516586762,one,1,449,-9,-7
1599314244612645989,one,1,433,-9,-7
1599314244708660735,one,1,416,-9,-7
1599314244804723244,one,1,399,-9,-7
1599314244932645373,one,1,378,-9,-7
1599314245028707554,one,1,362,-9,-7
1599314245124548707,one,1,346,-9,-7
1599314245220575751,one,1,329,-9,-7
1599314245316541764,one,1,313,-9,-7
1599314245412581826,one,1,296,-9,-7
1599314245508655889,one,1,279,-9,-5
1599314245604707652,one,1,262,-9,-6
1599314245732725134,one,1,240,-9,-7
1599314245828729115,one,1,223,-9,-7
1599314245924548797,one,1,206,-9,-7
1599314246020629299,one,1,189,-9,-7
1599314246116500967,one,1,173,-9,-7
1599314246212481961,one,1,157,-9,-7
1599314246308529449,one,1,141,-9,-7
1599314246404588696,one,1,124,-9,-7
1599314246532475933,one,1,101,-9,-7
1599314246628528728,one,1,85,-9,-7
1599314246724392534,one,1,68,-9,-7
1599314246820633867,one,1,52,-9,-7
1599314246916499076,one,1,36,-9,-7
1599314247012468357,one,1,18,-9,-7
1599314247108465314,one,1,2,-9,-6
1599314247204676165,one,1,-15,-9,-6
1599314247332512343,one,1,-38,-9,-7
1599314247428557690,one,1,-55,-9,-7
1599314247524363130,one,1,-72,-9,-7
1599314247620669231,one,1,-89,-9,-7
1599314247716419541,one,1,-105,-9,-7
1599314247812575136,one,1,-122,-9,-7
1599314247908393797,one,1,-137,-9,-7
1599314248004455466,one,1,-154,-9,-7
1599314248132540943,one,1,-176,-9,-7
1599314248228397034,one,1,-193,-9,-7
1599314248324378427,one,1,-209,-9,-7
1599314248420443177,one,1,-225,-9,-7
1599314248516510053,one,1,-241,-9,-7
1599314248612496118,one,1,-258,-9,-7
1599314248708363226,one,1,-274,-9,-7
1599314248804659200,one,1,-290,-9,-7
1599314248932367271,one,1,-311,-9,-7
1599314249028381012,one,1,-327,-9,-7
1599314249124323975,one,1,-343,-9,-7
1599314249220398953,one,1,-360,-9,-7
1599314249316391043,one,1,-376,-9,-7
1599314249412348449,one,1,-392,-9,-7
1599314249508475744,one,1,-408,-9,-7
1599314249604399998,one,1,-425,-9,-7
1599314249732442996,one,1,-446,-9,-7
1599314249828264391,one,1,-463,-9,-7
1599314249924374850,one,1,-478,-9,-7
1599314250020364755,one,1,-494,-9,-7
1599314250116336849,one,1,-511,-9,-7
1599314250212291939,one,1,-527,-9,-7
1599314250308527194,one,1,-543,-9,-7
1599314250404407274,one,1,-559,-9,-7
1599314250532239973,one,1,-581,-9,-7
1599314250628249113,one,1,-597,-9,-7
1599314250724264704,one,1,-613,-9,-7
1599314250820385041,one,1,-629,-9,-7
1599314250916260394,one,1,-646,-9,-7
1599314251012189137,one,1,-662,-9,-7
1599314251108213392,one,1,-678,-9,-7
1599314251204505111,one,1,-694,-9,-7
1599314251332380692,one,1,-716,-9,-7
1599314251428322203,one,1,-732,-9,-7
1599314251524311326,one,1,-748,-9,-7
1599314251620237731,one,1,-765,-9,-7
1599314251716152116,one,1,-781,-9,-7
1599314251812194986,one,1,-797,-9,-7
1599314251908344470,one,1,-812,-9,-7
1599314252004337076,one,1,-829,-9,-7
1599314252132191462,one,1,-851,-9,-6
1599314252228142644,one,1,-866,-9,-7
1599314252324145798,one,1,-883,-9,-7
1599314252420215270,one,1,-899,-9,-7
1599314252516042277,one,1,-915,-9,-7
1599314252612133371,one,1,-931,-9,-7
1599314252708101730,one,1,-948,-9,-7
1599314252804176905,one,1,-965,-9,-7
1599314252932085198,one,1,-986,-9,-7
1599314253028181333,one,1,-1002,-9,-7
1599314253124012363,one,1,-1019,-9,-7
1599314253220138966,one,1,-1035,-9,-7
1599314253316039538,one,1,-1052,-9,-7
1599314253412039282,one,1,-1068,-9,-7
1599314253508189107,one,1,-1084,-9,-7
1599314253604214354,one,1,-1100,-9,-7
1599314253732078010,one,1,-1122,-9,-7
1599314253828151174,one,1,-1138,-9,-7
1599314253924038097,one,1,-1155,-9,-7
1599314254020236365,one,1,-1171,-9,-7
1599314254116182673,one,1,-1187,-9,-7
1599314254212166851,one,1,-1202,-9,-7
1599314254308116008,one,1,-1219,-9,-7
1599314254404305509,one,1,-1235,-9,-7
1599314254532152455,one,1,-1257,-9,-7
1599314254627991107,one,1,-1273,-9,-7
1599314254724114775,one,1,-1289,-9,-7
1599314254820019888,one,1,-1306,-9,-7
1599314254915975612,one,1,-1323,-9,-7
1599314255012134507,one,1,-1339,-9,-7
1599314255107980019,one,1,-1355,-9,-7
1599314255204267103,one,1,-1371,-9,-7
1599314255332195329,one,1,-1393,-9,-6
1599314255428051564,one,1,-1409,-9,-7
1599314255524002189,one,1,-1426,-9,-7
1599314255619955539,one,1,-1443,-9,-7
1599314255715913360,one,1,-1458,-9,-7
1599314255812022473,one,1,-1475,-9,-7
1599314255907976064,one,1,-1491,-9,-7
1599314256004186684,one,1,-1507,-9,-7
1599314256132019394,one,1,-1528,-9,-7
1599314256228108716,one,1,-1544,-9,-7
1599314256324006307,one,1,-1560,-9,-7
1599314256420002033,one,1,-1576,-9,-7
1599314256515980898,one,1,-1592,-9,-7
1599314256612089158,one,1,-1608,-9,-7
1599314256707975959,one,1,-1623,-9,-7
1599314256804107585,one,1,-1640,-9,-7
1599314256931936778,one,1,-1662,-9,-7
1599314257027976914,one,1,-1679,-9,-7
1599314257123860819,one,1,-1694,-9,-7
1599314257219875657,one,1,-1710,-9,-7
1599314257315794949,one,1,-1726,-9,-7
1599314257411942560,one,1,-1743,-9,-7
1599314257507903376,one,1,-1759,-9,-7
1599314257604093291,one,1,-1774,-9,-7
1599314257731795302,one,1,-1796,-9,-7
1599314257827833576,one,1,-1813,-9,-7
1599314257923757126,one,1,-1830,-9,-7
1599314258019874170,one,1,-1846,-9,-7
1599314258116178075,one,1,-1862,-9,-7
1599314258212048771,one,1,-1879,-9,-7
1599314258307733141,one,1,-1895,-9,-7
1599314258403814202,one,1,-1911,-9,-7
1599314258531737120,one,1,-1933,-9,-6
1599314258627786428,one,1,-1949,-9,-6
1599314258723699971,one,1,-1965,-9,-6
1599314258819792837,one,1,-1982,-9,-6
1599314258915689020,one,1,-1998,-9,-6
1599314259011829224,one,1,-2014,-9,-6
1599314259107727215,one,1,-2032,-9,-6
1599314259203815388,one,1,-2048,-9,-7
1599314259331751701,one,1,-2070,-9,-7
1599314259427922731,one,1,-2086,-9,-7
1599314259523751455,one,1,-2103,-9,-7
1599314259619760952,one,1,-2120,-9,-7
1599314259715725903,one,1,-2135,-9,-7
1599314259811853409,one,1,-2151,-9,-7
1599314259907683632,one,1,-2167,-9,-7
1599314260003956552,one,1,-2184,-9,-7
1599314260131732490,one,1,-2205,-9,-7
1599314260227772853,one,1,-2223,-9,-7
1599314260323803456,one,1,-2240,-9,-7
1599314260419793610,one,1,-2256,-9,-7
1599314260515731891,one,1,-2272,-9,-6
1599314260611754824,one,1,-2288,-9,-6
1599314260707640668,one,1,-2305,-9,-6
1599314260803637294,one,1,-2321,-9,-6
1599314260931715040,one,1,-2343,-9,-6
1599314261027714629,one,1,-2360,-9,-6
1599314261123547054,one,1,-2376,-9,-6
1599314261219858660,one,1,-2393,-9,-6
1599314261315540831,one,1,-2409,-9,-6
1599314261412430487,one,1,-2425,-9,-7
1599314261507644901,one,1,-2441,-9,-7
1599314261603632911,one,1,-2458,-9,-7
1599314261731703262,one,1,-2481,-9,-7
1599314261827702057,one,1,-2497,-9,-7
1599314261923662864,one,1,-2514,-9,-7
1599314262019579170,one,1,-2530,-9,-6
1599314262115691576,one,1,-2546,-9,-6
1599314262211700750,one,1,-2563,-9,-6
1599314262307717672,one,1,-2579,-9,-6
1599314262403671093,one,1,-2596,-9,-7
1599314262531583582,one,1,-2617,-9,-7
1599314262627662480,one,1,-2634,-9,-7
1599314262723528500,one,1,-2650,-9,-7
1599314262819807989,one,1,-2666,-9,-7
1599314262915714203,one,1,-2682,-9,-7
1599314263011594325,one,1,-2699,-9,-7
1599314263107558854,one,1,-2715,-9,-7
1599314263203517117,one,1,-2732,-9,-7
1599314263331658123,one,1,-2753,-9,-6
1599314263427585504,one,1,-2770,-9,-6
1599314263523514681,one,1,-2787,-9,-6
1599314263619589306,one,1,-2803,-9,-6
1599314263715463974,one,1,-2819,-9,-6
1599314263811501801,one,1,-2836,-9,-6
1599314263907477154,one,1,-2852,-9,-6
1599314264003384383,one,1,-2869,-9,-7
1599314264131642777,one,1,-2890,-9,-6
1599314264227400036,one,1,-2907,-9,-6
1599314264323431652,one,1,-2923,-9,-6
1599314264419620202,one,1,-2939,-9,-6
1599314264515407638,one,1,-2956,-9,-7
1599314264611582722,one,1,-2972,-9,-7
1599314264707535412,one,1,-2988,-9,-6
1599314264803393445,one,1,-3005,-9,-6
1599314264931398713,one,1,-3027,-9,-6
1599314265027531015,one,1,-3044,-9,-6
1599314265123446160,one,1,-3060,-9,-6
1599314265219455343,one,1,-3077,-9,-6
1599314265315434529,one,1,-3094,-9,-6
1599314265411953520,one,1,-3111,-9,-6
1599314265507413607,one,1,-3128,-9,-6
1599314265603300189,one,1,-3144,-9,-6
1599314265731475285,one,1,-3167,-9,-6
1599314265827638311,one,1,-3182,-9,-6
1599314265923302310,one,1,-3199,-9,-6
1599314266019486761,one,1,-3216,-9,-6
1599314266115296410,one,1,-3233,-9,-6
1599314266211311672,one,1,-3249,-9,-6
1599314266307399118,one,1,-3266,-9,-6
1599314266403361886,one,1,-3282,-9,-6
1599314266531335966,one,1,-3306,-9,-6
1599314266627677069,one,1,-3322,-9,-6
1599314266723275818,one,1,-3338,-9,-7
1599314266819461534,one,1,-3355,-9,-6
1599314266915449997,one,1,-3371,-9,-6
1599314267011345012,one,1,-3388,-9,-6
1599314267107313203,one,1,-3405,-9,-6
1599314267203284153,one,1,-3421,-9,-7
1599314267331266499,one,1,-3444,-9,-7
1599314267427350691,one,1,-3460,-9,-7
1599314267523265153,one,1,-3476,-9,-7
1599314267619460891,one,1,-3493,-9,-7
1599314267715286931,one,1,-3509,-9,-7
1599314267811184107,one,1,-3526,-9,-7
1599314267907193351,one,1,-3542,-9,-7
1599314268003219746,one,1,-3559,-9,-7
1599314268131247260,one,1,-3581,-9,-7
1599314268227354293,one,1,-3597,-9,-7
1599314268323380534,one,1,-3613,-9,-7
1599314268419364917,one,1,-3630,-9,-7
1599314268515227914,one,1,-3646,-9,-7
1599314268611232226,one,1,-3662,-9,-7
1599314268707355574,one,1,-3679,-9,-7
1599314268803303215,one,1,-3695,-9,-7
1599314268931400761,one,1,-3717,-9,-7
1599314269027309044,one,1,-3733,-9,-7
1599314269123135877,one,1,-3749,-9,-7
1599314269219239331,one,1,-3765,-9,-7
1599314269315130527,one,1,-3781,-9,-7
1599314269411194317,one,1,-3797,-9,-7
1599314269507176221,one,1,-3813,-9,-7
1599314269603144004,one,1,-3830,-9,-7
1599314269731270826,one,1,-3852,-9,-7
1599314269827212346,one,1,-3868,-9,-7
1599314269923255312,one,1,-3886,-9,-7
1599314270019362484,one,1,-3902,-9,-7
1599314270115435246,one,1,-3918,-9,-6
1599314270211133088,one,1,-3935,-9,-6
1599314270307235239,one,1,-3950,-9,-6
1599314270403208971,one,1,-3967,-9,-6
1599314270531320750,one,1,-3989,-9,-7
1599314270627324379,one,1,-4005,-9,-7
1599314270723079444,one,1,-4022,-9,-7
1599314270819197910,one,1,-4038,-9,-7
1599314270915280827,one,1,-4055,-9,-7
1599314271011238639,one,1,-4071,-9,-7
1599314271107138441,one,1,-4088,-9,-7
1599314271202994246,one,1,-4104,-9,-7
1599314271331025706,one,1,-4127,-9,-7
1599314271427250618,one,1,-4145,-9,-7
1599314271523102463,one,1,-4161,-9,-7
1599314271619418165,one,1,-4178,-9,-7
1599314271715229880,one,1,-4195,-9,-7
1599314271811063069,one,1,-4211,-9,-7
1599314271907076411,one,1,-4228,-9,-7
1599314272002984426,one,1,-4244,-9,-7
1599314272130979056,one,1,-4266,-9,-7
1599314272227104813,one,1,-4283,-9,-7
1599314272322925064,one,1,-4299,-9,-7
1599314272418947132,one,1,-4315,-9,-7
1599314272514970914,one,1,-4331,-9,-7
1599314272610946288,one,1,-4348,-9,-7
1599314272706960335,one,1,-4364,-9,-7
1599314272802945773,one,1,-4382,-9,-7
1599314272931143832,one,1,-4401,-9,-7
1599314273027148958,one,1,-4418,-9,-7
1599314273123157109,one,1,-4434,-9,-7
1599314273219008540,one,1,-4451,-9,-7
1599314273314940916,one,1,-4467,-9,-7
1599314273410954419,one,1,-4483,-9,-7
1599314273507116608,one,1,-4500,-9,-7
1599314273602947044,one,1,-4517,-9,-7
1599314273731088428,one,1,-4539,-9,-7
1599314273826976215,one,1,-4555,-9,-7
1599314273922876764,one,1,-4571,-9,-7
1599314274018947265,one,1,-4588,-9,-7
1599314274114878283,one,1,-4604,-9,-7
1599314274210923222,one,1,-4620,-9,-7
1599314274306980604,one,1,-4637,-9,-7
1599314274402893865,one,1,-4653,-9,-7
1599314274530937020,one,1,-4675,-9,-7
1599314274627029617,one,1,-4691,-9,-7
1599314274723008578,one,1,-4708,-9,-7
1599314274818939522,one,1,-4723,-9,-7
1599314274914958857,one,1,-4740,-9,-7
1599314275010748470,one,1,-4756,-9,-7
1599314275107044958,one,1,-4772,-9,-7
1599314275202895705,one,1,-4788,-9,-7
1599314275330927420,one,1,-4810,-9,-7
1599314275427134661,one,1,-4826,-9,-7
1599314275522835701,one,1,-4842,-9,-7
1599314275618862052,one,1,-4858,-9,-7
1599314275714874424,one,1,-4874,-9,-7
1599314275810852644,one,1,-4891,-9,-7
1599314275906877753,one,1,-4906,-9,-7
1599314276002832017,one,1,-4921,-9,-7
1599314276130884545,one,1,-4943,-9,-7
1599314276226833660,one,1,-4959,-9,-7
1599314276322861309,one,1,-4975,-9,-7
1599314276418973212,one,1,-4991,-9,-7
1599314276515006185,one,1,-5008,-9,-7
1599314276610737994,one,1,-5024,-9,-7
1599314276706713828,one,1,-5040,-9,-7
1599314276802800479,one,1,-5057,-9,-7
1599314276930766826,one,1,-5078,-9,-7
1599314277026856904,one,1,-5095,-9,-7
1599314277122707977,one,1,-5111,-9,-7
1599314277218696832,one,1,-5127,-9,-7
1599314277314639612,one,1,-5144,-9,-7
1599314277410681147,one,1,-5160,-9,-7
1599314277506719806,one,1,-5177,-9,-7
1599314277602526188,one,1,-5193,-9,-7
1599314277730749839,one,1,-5215,-9,-7
1599314277826754195,one,1,-5231,-9,-7
1599314277922742460,one,1,-5248,-9,-6
1599314278018586461,one,1,-5264,-9,-7
1599314278114701115,one,1,-5280,-9,-7
1599314278210662614,one,1,-5296,-9,-7
1599314278306695809,one,1,-5312,-9,-7
1599314278402789638,one,1,-5328,-9,-7
1599314278530780716,one,1,-5350,-9,-7
1599314278626670435,one,1,-5366,-9,-7
1599314278722617524,one,1,-5382,-9,-7
1599314278818719550,one,1,-5399,-9,-7
1599314278914732386,one,1,-5416,-9,-7
1599314279010606758,one,1,-5431,-9,-7
1599314279106827542,one,1,-5448,-9,-7
1599314279202573277,one,1,-5464,-9,-7
1599314279330594448,one,1,-5486,-9,-7
1599314279426623858,one,1,-5502,-9,-7
1599314279522771134,one,1,-5519,-9,-7
1599314279618107512,one,1,-5535,-9,-7
1599314279714662029,one,1,-5552,-9,-7
1599314279810619808,one,1,-5568,-9,-7
1599314279906531488,one,1,-5584,-9,-7
1599314280003433652,one,1,-5601,-9,-7
1599314280130601477,one,1,-5622,-9,-7
1599314280226585600,one,1,-5638,-9,-7
1599314280322630475,one,1,-5654,-9,-7
1599314280418571034,one,1,-5670,-9,-7
1599314280514616783,one,1,-5687,-9,-7
1599314280610529891,one,1,-5703,-9,-7
1599314280706711441,one,1,-5719,-9,-7
1599314280802373377,one,1,-5736,-9,-7
1599314280930678414,one,1,-5757,-9,-7
1599314281026472177,one,1,-5773,-9,-7
1599314281122528328,one,1,-5789,-9,-7
1599314281218417085,one,1,-5806,-9,-7
1599314281314455564,one,1,-5822,-9,-7
1599314281410441802,one,1,-5838,-9,-7
1599314281506455050,one,1,-5854,-9,-7
1599314281602411486,one,1,-5870,-9,-7
1599314281730489067,one,1,-5891,-9,-7
1599314281826478402,one,1,-5908,-9,-7
1599314281922524057,one,1,-5925,-9,-7
1599314282018455675,one,1,-5941,-9,-7
1599314282114516282,one,1,-5957,-9,-7
1599314282210467767,one,1,-5974,-9,-7
1599314282306649727,one,1,-5990,-9,-7
1599314282402384766,one,1,-6006,-9,-7
1599314282530701157,one,1,-6028,-9,-6
1599314282626295895,one,1,-6045,-9,-7
1599314282722450116,one,1,-6061,-9,-7
1599314282818428404,one,1,-6078,-9,-7
1599314282914441048,one,1,-6095,-9,-7
1599314283010317224,one,1,-6111,-9,-7
1599314283106320816,one,1,-6129,-9,-7
1599314283202337389,one,1,-6146,-9,-7
1599314283330436697,one,1,-6168,-9,-7
1599314283426262799,one,1,-6184,-9,-7
1599314283522693267,one,1,-6202,-9,-6
1599314283618367803,one,1,-6218,-9,-6
1599314283714325596,one,1,-6235,-9,-7
1599314283810299887,one,1,-6251,-9,-7
1599314283906402603,one,1,-6266,-9,-7
1599314284002339419,one,1,-6284,-9,-6
1599314284130476994,one,1,-6307,-9,-6
1599314284226231082,one,1,-6324,-9,-6
1599314284322235672,one,1,-6341,-9,-6
1599314284418285263,one,1,-6357,-9,-6
1599314284514270622,one,1,-6374,-9,-6
1599314284610142894,one,1,-6391,-9,-6
1599314284706401553,one,1,-6408,-9,-6
1599314284802345059,one,1,-6425,-9,-6
1599314284930200931,one,1,-6446,-9,-7
1599314285026145450,one,1,-6464,-9,-7
1599314285122386611,one,1,-6480,-9,-7
1599314285218253556,one,1,-6497,-9,-7
1599314285314369811,one,1,-6514,-9,-7
1599314285410390715,one,1,-6531,-9,-7
1599314285506400464,one,1,-6547,-9,-7
1599314285602445764,one,1,-6565,-9,-7
1599314285730181832,one,1,-6587,-9,-7
1599314285826154687,one,1,-6604,-9,-7
1599314285922229232,one,1,-6620,-9,-7
1599314286018144126,one,1,-6637,-9,-6
1599314286114354557,one,1,-6654,-9,-6
1599314286210114088,one,1,-6671,-9,-6
1599314286306245223,one,1,-6688,-9,-6
1599314286402246084,one,1,-6705,-9,-7
1599314286530105479,one,1,-6727,-9,-7
1599314286626019958,one,1,-6743,-9,-6
1599314286722101905,one,1,-6760,-9,-7
1599314286818129798,one,1,-6777,-9,-7
1599314286914067726,one,1,-6793,-9,-7
1599314287010104266,one,1,-6810,-9,-7
1599314287106308394,one,1,-6827,-9,-7
1599314287202238470,one,1,-6843,-9,-7
1599314287330100340,one,1,-6865,-9,-7
1599314287426069062,one,1,-6882,-9,-7
1599314287522148393,one,1,-6898,-9,-7
1599314287618109642,one,1,-6915,-9,-6
1599314287714122276,one,1,-6932,-9,-6
1599314287810134110,one,1,-6948,-9,-6
1599314287906073883,one,1,-6965,-9,-7
1599314288002035933,one,1,-6981,-9,-7
1599314288130052936,one,1,-7003,-9,-7
1599314288225998620,one,1,-7019,-9,-7
1599314288322052246,one,1,-7036,-9,-7
1599314288418050316,one,1,-7052,-9,-7
1599314288514053032,one,1,-7069,-9,-6
1599314288609945066,one,1,-7084,-9,-6
1599314288706036047,one,1,-7101,-9,-7
1599314288802067516,one,1,-7118,-9,-6
1599314288929961139,one,1,-7141,-9,-6
1599314289025914929,one,1,-7157,-9,-6
1599314289122021238,one,1,-7175,-9,-6
1599314289217966718,one,1,-7191,-10,-6
1599314289313960707,one,1,-7208,-10,-6
1599314289410059891,one,1,-7224,-10,-6
1599314289505486569,one,1,-7240,-10,-6
1599314289601882289,one,1,-7256,-10,-6
1599314289730038035,one,1,-7277,-10,-6
1599314289825973064,one,1,-7294,-10,-6
1599314289921988773,one,1,-7310,-10,-6
1599314290017887694,one,1,-7327,-10,-6
1599314290113950925,one,1,-7343,-10,-6
1599314290209865701,one,1,-7360,-10,-6
1599314290305492563,one,1,-7376,-10,-6
1599314290402036733,one,1,-7392,-10,-6
1599314290529899625,one,1,-7415,-10,-6
1599314290625811763,one,1,-7431,-10,-6
1599314290721898248,one,1,-7447,-10,-6
1599314290817847663,one,1,-7463,-10,-6
1599314290913897253,one,1,-7479,-10,-6
1599314291009814837,one,1,-7496,-10,-6
1599314291105902992,one,1,-7512,-10,-6
1599314291201933340,one,1,-7528,-10,-6
1599314291330018038,one,1,-7551,-10,-6
1599314291425880915,one,1,-7567,-10,-6
1599314291521910361,one,1,-7583,-10,-7
1599314291617875396,one,1,-7599,-10,-7
1599314291713901509,one,1,-7616,-9,-6
1599314291809937780,one,1,-7632,-10,-6
1599314291905856990,one,1,-7649,-10,-6
1599314292001984298,one,1,-7665,-10,-6
1599314292129906046,one,1,-7687,-10,-6
1599314292225847297,one,1,-7702,-10,-6
1599314292321891529,one,1,-7719,-10,-6
1599314292417843241,one,1,-7735,-10,-6
1599314292513431712,one,1,-7751,-10,-6
1599314292609713008,one,1,-7768,-10,-6
1599314292705760202,one,1,-7784,-10,-6
1599314292801696908,one,1,-7800,-10,-6
1599314292929668522,one,1,-7822,-10,-6
1599314293025617763,one,1,-7837,-10,-6
1599314293121831251,one,1,-7853,-10,-6
1599314293217829452,one,1,-7869,-10,-6
1599314293313813387,one,1,-7885,-10,-6
1599314293409885218,one,1,-7901,-10,-6
1599314293505858563,one,1,-7917,-10,-6
1599314293601792828,one,1,-7933,-10,-6
1599314293729755346,one,1,-7954,-10,-6
1599314293825740605,one,1,-7972,-10,-6
1599314293921907557,one,1,-7988,-10,-6
1599314294017737255,one,1,-8004,-10,-6
1599314294113865631,one,1,-8020,-10,-6
1599314294209654942,one,1,-8034,-10,-6
1599314294305966448,one,1,-8051,-10,-6
1599314294401747624,one,1,-8067,-10,-6
1599314294529738885,one,1,-8088,-10,-6
1599314294625657091,one,1,-8104,-10,-7
1599314294721701111,one,1,-8120,-10,-7
1599314294817631357,one,1,-8136,-10,-7
1599314294913648167,one,1,-8152,-10,-7
1599314295009653719,one,1,-8167,-10,-6
1599314295105667782,one,1,-8183,-10,-6
1599314295201648852,one,1,-8199,-10,-6
1599314295329839988,one,1,-8222,-10,-7
1599314295425639741,one,1,-8238,-10,-6
1599314295521177057,one,1,-8255,-10,-6
1599314295617676867,one,1,-8271,-10,-6
1599314295713632991,one,1,-8288,-10,-6
1599314295809847341,one,1,-8304,-10,-6
1599314295906035421,one,1,-8319,-10,-6
1599314296001881728,one,1,-8335,-10,-6
1599314296129693605,one,1,-8357,-10,-7
1599314296225635803,one,1,-8372,-10,-7
1599314296321509572,one,1,-8389,-10,-7
1599314296417645600,one,1,-8404,-9,-7
1599314296513688556,one,1,-8421,-9,-7
1599314296609615685,one,1,-8438,-9,-7
1599314296705688809,one,1,-8454,-9,-7
1599314296833479323,one,1,-8477,-9,-7
1599314296929633373,one,1,-8492,-9,-7
1599314297025477545,one,1,-8509,-9,-7
1599314297121575687,one,1,-8525,-9,-7
1599314297217585444,one,1,-8542,-9,-7
1599314297313607336,one,1,-8559,-9,-7
1599314297409647349,one,1,-8576,-9,-7
