1599313666007707138,one,1,10419,-39,-11
1599313666103635001,one,1,10358,-39,-10
1599313666199587738,one,1,10296,-39,-11
1599313666327722904,one,1,10214,-39,-10
1599313666423625674,one,1,10152,-39,-11
1599313666519952462,one,1,10092,-39,-10
1599313666615745313,one,1,10029,-39,-10
1599313666711596416,one,1,9967,-39,-10
1599313666807538344,one,1,9905,-39,-10
1599313666903621620,one,1,9843,-39,-10
1599313666999671140,one,1,9780,-40,-10
1599313667127551610,one,1,9697,-40,-10
1599313667223654222,one,1,9635,-40,-10
1599313667319613082,one,1,9574,-40,-10
1599313667415612455,one,1,9512,-40,-10
1599313667511706233,one,1,9451,-40,-10
1599313667607376098,one,1,9390,-40,-10
1599313667703163781,one,1,9329,-40,-10
1599313667799587455,one,1,9269,-40,-10
1599313667927617100,one,1,9188,-40,-10
1599313668023613935,one,1,9126,-40,-10
1599313668119606604,one,1,9066,-40,-11
1599313668215542074,one,1,9005,-40,-11
1599313668311636633,one,1,8943,-40,-10
1599313668407487272,one,1,8882,-40,-11
1599313668503462010,one,1,8821,-40,-10
1599313668599547385,one,1,8759,-40,-10
1599313668727504407,one,1,8677,-40,-10
1599313668823530083,one,1,8615,-40,-10
1599313668919447577,one,1,8553,-40,-10
1599313669015444798,one,1,8493,-40,-10
1599313669111745157,one,1,8431,-40,-11
1599313669207491731,one,1,8369,-40,-10
1599313669303508417,one,1,8309,-40,-10
1599313669399534000,one,1,8247,-40,-10
1599313669527384202,one,1,8165,-40,-11
1599313669623608533,one,1,8103,-40,-10
1599313669719572494,one,1,8042,-40,-10
1599313669815451607,one,1,7981,-40,-11
1599313669911372711,one,1,7920,-39,-11
1599313670007336769,one,1,7860,-39,-10
1599313670103476507,one,1,7798,-39,-10
1599313670199382124,one,1,7736,-40,-10
1599313670327387673,one,1,7654,-40,-10
1599313670423470895,one,1,7593,-40,-11
1599313670519363143,one,1,7532,-40,-11
1599313670615567346,one,1,7469,-40,-10
1599313670711622777,one,1,7409,-39,-11
1599313670807171372,one,1,7348,-39,-11
1599313670903148586,one,1,7287,-39,-10
1599313670999196890,one,1,7225,-39,-10
1599313671127293424,one,1,7143,-39,-11
1599313671223441034,one,1,7082,-39,-10
1599313671319275529,one,1,7021,-39,-10
1599313671415326802,one,1,6959,-39,-11
1599313671511264425,one,1,6898,-39,-11
1599313671607428543,one,1,6837,-39,-11
1599313671703283487,one,1,6776,-39,-11
1599313671799430908,one,1,6713,-39,-11
1599313671927294543,one,1,6630,-39,-11
1599313672023384079,one,1,6568,-39,-11
1599313672119378296,one,1,6505,-39,-10
1599313672215496620,one,1,6443,-39,-10
1599313672311371454,one,1,6381,-40,-11
1599313672407281919,one,1,6318,-40,-11
1599313672503331638,one,1,6257,-40,-10
1599313672599370706,one,1,6195,-40,-10
1599313672727216002,one,1,6112,-40,-10
1599313672823398922,one,1,6050,-40,-11
1599313672919428633,one,1,5989,-40,-11
1599313673015243425,one,1,5928,-40,-10
1599313673111171871,one,1,5866,-40,-10
1599313673207172606,one,1,5804,-40,-10
1599313673303358694,one,1,5743,-40,-10
1599313673399351166,one,1,5680,-40,-10
1599313673527160422,one,1,5597,-40,-10
1599313673623364178,one,1,5535,-40,-10
1599313673719203816,one,1,5473,-40,-10
1599313673815314503,one,1,5411,-40,-10
1599313673911185084,one,1,5350,-40,-8
1599313674007410464,one,1,5288,-40,-10
1599313674103171717,one,1,5227,-40,-10
1599313674199391389,one,1,5167,-40,-10
1599313674327183729,one,1,5085,-40,-9
1599313674423199024,one,1,5024,-40,-10
1599313674519065624,one,1,4963,-40,-10
1599313674615072709,one,1,4901,-40,-10
1599313674711122379,one,1,4841,-40,-9
1599313674807270723,one,1,4779,-40,-10
1599313674903256906,one,1,4718,-40,-10
1599313674999208896,one,1,4657,-40,-10
1599313675127198706,one,1,4575,-39,-10
1599313675223282463,one,1,4514,-39,-10
1599313675319185697,one,1,4452,-39,-10
1599313675415145965,one,1,4391,-39,-10
1599313675511091694,one,1,4330,-39,-10
1599313675607230813,one,1,4267,-39,-10
1599313675703199863,one,1,4206,-39,-10
1599313675799184575,one,1,4144,-39,-10
1599313675927100240,one,1,4061,-39,-10
1599313676023158430,one,1,3999,-39,-10
1599313676119158808,one,1,3937,-39,-10
1599313676215029950,one,1,3876,-39,-10
1599313676311118010,one,1,3815,-39,-10
1599313676407081971,one,1,3755,-39,-10
1599313676503163703,one,1,3694,-39,-10
1599313676599287864,one,1,3632,-39,-10
1599313676727093015,one,1,3552,-39,-10
1599313676823045285,one,1,3490,-39,-10
1599313676918759841,one,1,3428,-39,-10
1599313677014969910,one,1,3367,-39,-10
1599313677110942295,one,1,3305,-39,-10
1599313677207197936,one,1,3245,-39,-10
1599313677302927421,one,1,3184,-39,-10
1599313677399054018,one,1,3122,-39,-10
1599313677526987106,one,1,3041,-39,-10
1599313677623012333,one,1,2979,-39,-10
1599313677718946781,one,1,2917,-39,-10
1599313677814987841,one,1,2857,-39,-10
1599313677910838408,one,1,2796,-39,-10
1599313678006987154,one,1,2735,-39,-11
1599313678103001718,one,1,2673,-39,-10
1599313678199059183,one,1,2611,-39,-11
1599313678326957306,one,1,2529,-39,-10
1599313678422947988,one,1,2467,-39,-11
1599313678518885058,one,1,2404,-39,-10
1599313678614966744,one,1,2343,-39,-10
1599313678711017389,one,1,2281,-39,-11
1599313678807040500,one,1,2218,-39,-11
1599313678903016744,one,1,2156,-39,-10
1599313678998932857,one,1,2094,-39,-11
1599313679126931646,one,1,2010,-40,-10
1599313679223120154,one,1,1950,-40,-11
1599313679335011496,one,1,1887,-40,-10
1599313679398444701,one,1,1836,-40,-10
1599313679526965088,one,1,1755,-40,-10
1599313679622774306,one,1,1693,-40,-11
1599313679718755358,one,1,1633,-40,-10
1599313679814752215,one,1,1571,-40,-10
1599313679910714521,one,1,1509,-40,-10
1599313680007010710,one,1,1448,-40,-10
1599313680102775823,one,1,1386,-40,-10
1599313680198947090,one,1,1324,-40,-10
1599313680326290267,one,1,1241,-40,-10
1599313680422596053,one,1,1180,-40,-10
1599313680518740358,one,1,1119,-40,-10
1599313680614735193,one,1,1057,-40,-10
1599313680710745922,one,1,995,-40,-10
1599313680806706684,one,1,933,-40,-10
1599313680902288548,one,1,872,-40,-10
1599313680998952513,one,1,811,-40,-10
1599313681126701102,one,1,730,-40,-10
1599313681222738521,one,1,668,-40,-10
1599313681318632832,one,1,608,-40,-10
1599313681414774258,one,1,548,-39,-10
1599313681510759429,one,1,486,-39,-10
1599313681606730359,one,1,424,-39,-10
1599313681702791756,one,1,362,-39,-10
1599313681798819973,one,1,301,-40,-10
1599313681926814950,one,1,218,-40,-10
1599313682022785450,one,1,158,-40,-10
1599313682118928925,one,1,96,-40,-10
1599313682214858019,one,1,34,-40,-10
1599313682310791257,one,1,-29,-40,-10
1599313682406755733,one,1,-92,-40,-10
1599313682502628640,one,1,-153,-40,-10
1599313682598691065,one,1,-215,-40,-11
1599313682726814156,one,1,-296,-40,-11
1599313682822834597,one,1,-356,-40,-10
1599313682918586537,one,1,-417,-40,-11
1599313683014694016,one,1,-478,-40,-11
1599313683110759764,one,1,-539,-40,-11
1599313683206788838,one,1,-601,-39,-11
1599313683302606636,one,1,-662,-39,-11
1599313683398701224,one,1,-724,-39,-11
1599313683526657175,one,1,-806,-39,-11
1599313683622662592,one,1,-866,-39,-11
1599313683718669430,one,1,-928,-39,-11
1599313683814785032,one,1,-991,-39,-11
1599313683910767645,one,1,-1054,-39,-11
1599313684006572499,one,1,-1115,-40,-11
1599313684102660216,one,1,-1177,-40,-11
1599313684198634693,one,1,-1237,-40,-11
1599313684326636812,one,1,-1320,-40,-11
1599313684422636916,one,1,-1381,-39,-11
1599313684518636264,one,1,-1443,-39,-11
1599313684614755032,one,1,-1504,-39,-11
1599313684710489152,one,1,-1565,-39,-11
1599313684806698917,one,1,-1626,-39,-11
1599313684902468581,one,1,-1688,-39,-11
1599313684998634888,one,1,-1750,-39,-11
1599313685126596381,one,1,-1833,-39,-11
1599313685222643235,one,1,-1895,-39,-11
1599313685318648027,one,1,-1957,-39,-11
1599313685414667242,one,1,-2021,-39,-10
1599313685510473477,one,1,-2083,-40,-11
1599313685606644878,one,1,-2144,-40,-10
1599313685702642265,one,1,-2205,-40,-10
1599313685798611404,one,1,-2267,-40,-10
1599313685926597789,one,1,-2349,-39,-11
1599313686022697813,one,1,-2411,-39,-10
1599313686118522503,one,1,-2474,-39,-10
1599313686214444347,one,1,-2536,-39,-10
1599313686310486911,one,1,-2598,-39,-11
1599313686406491560,one,1,-2660,-39,-11
1599313686502310741,one,1,-2721,-39,-10
1599313686598626920,one,1,-2783,-39,-10
1599313686726584047,one,1,-2865,-39,-10
1599313686822412226,one,1,-2927,-39,-10
1599313686918507982,one,1,-2988,-39,-10
1599313687014479254,one,1,-3051,-40,-10
1599313687110489924,one,1,-3112,-40,-10
1599313687206427233,one,1,-3173,-40,-10
1599313687302376655,one,1,-3235,-40,-10
1599313687398446141,one,1,-3297,-40,-10
1599313687526420106,one,1,-3379,-39,-10
1599313687622373463,one,1,-3441,-39,-10
1599313687718285271,one,1,-3503,-39,-10
1599313687814322707,one,1,-3564,-39,-10
1599313687910398320,one,1,-3625,-39,-10
1599313688006319724,one,1,-3686,-39,-10
1599313688102355372,one,1,-3746,-39,-10
1599313688198396564,one,1,-3808,-39,-10
1599313688326339358,one,1,-3890,-39,-10
1599313688422314614,one,1,-3951,-39,-10
1599313688518261774,one,1,-4012,-39,-11
1599313688614357319,one,1,-4074,-39,-11
1599313688710368458,one,1,-4136,-39,-11
1599313688806408533,one,1,-4199,-39,-10
1599313688902229002,one,1,-4261,-39,-10
1599313688998332826,one,1,-4323,-39,-11
1599313689126194998,one,1,-4404,-39,-10
1599313689222395705,one,1,-4465,-39,-10
1599313689318340749,one,1,-4527,-39,-10
1599313689414269047,one,1,-4588,-39,-10
1599313689510198179,one,1,-4650,-39,-11
1599313689606276043,one,1,-4711,-39,-10
1599313689702201669,one,1,-4772,-39,-11
1599313689798492757,one,1,-4833,-39,-10
1599313689926223267,one,1,-4913,-39,-11
1599313690022220694,one,1,-4973,-39,-10
1599313690118177618,one,1,-5034,-39,-10
1599313690214252939,one,1,-5096,-39,-10
1599313690309768404,one,1,-5157,-39,-11
1599313690406252964,one,1,-5219,-39,-10
1599313690502194864,one,1,-5280,-39,-11
1599313690598437839,one,1,-5342,-39,-10
1599313690726341255,one,1,-5424,-39,-11
1599313690822147743,one,1,-5485,-39,-11
1599313690918088989,one,1,-5548,-39,-11
1599313691014201671,one,1,-5609,-39,-10
1599313691110487620,one,1,-5671,-39,-11
1599313691206248846,one,1,-5733,-39,-11
1599313691302056628,one,1,-5794,-39,-11
1599313691398268627,one,1,-5855,-39,-10
1599313691526152035,one,1,-5938,-39,-10
1599313691622206659,one,1,-5998,-39,-10
1599313691718232379,one,1,-6060,-39,-10
1599313691814303766,one,1,-6122,-39,-10
1599313691910157650,one,1,-6184,-39,-10
1599313692006216492,one,1,-6245,-39,-11
1599313692102133110,one,1,-6309,-39,-10
1599313692198144864,one,1,-6371,-39,-10
1599313692326124740,one,1,-6453,-39,-10
1599313692421914767,one,1,-6516,-40,-10
1599313692518197755,one,1,-6578,-40,-10
1599313692614166650,one,1,-6639,-40,-10
1599313692710120763,one,1,-6700,-40,-10
1599313692806055929,one,1,-6761,-40,-10
1599313692902032937,one,1,-6822,-40,-10
1599313692998228820,one,1,-6883,-40,-11
1599313693126262705,one,1,-6964,-40,-10
1599313693222125736,one,1,-7024,-40,-10
1599313693318070320,one,1,-7084,-40,-10
1599313693414122724,one,1,-7146,-40,-10
1599313693509887217,one,1,-7207,-40,-9
1599313693606091852,one,1,-7268,-40,-10
1599313693702125630,one,1,-7331,-40,-10
1599313693798096343,one,1,-7392,-40,-10
1599313693926009463,one,1,-7474,-40,-10
1599313694022196595,one,1,-7535,-39,-10
1599313694118122094,one,1,-7596,-39,-10
1599313694214181085,one,1,-7658,-39,-9
1599313694310055467,one,1,-7719,-39,-10
1599313694406025632,one,1,-7780,-39,-10
1599313694502084038,one,1,-7841,-39,-10
1599313694598184733,one,1,-7902,-39,-10
1599313694725892573,one,1,-7984,-39,-10
1599313694821972553,one,1,-8044,-39,-10
1599313694917897703,one,1,-8106,-39,-10
1599313695013991549,one,1,-8167,-39,-10
1599313695110041942,one,1,-8229,-39,-10
1599313695206189607,one,1,-8291,-39,-11
1599313695301945628,one,1,-8353,-39,-10
1599313695398109807,one,1,-8415,-39,-11
1599313695525936376,one,1,-8495,-39,-11
1599313695621907334,one,1,-8557,-39,-11
1599313695717813849,one,1,-8618,-39,-11
1599313695813922977,one,1,-8679,-39,-11
1599313695909869306,one,1,-8741,-39,-11
1599313696005955211,one,1,-8802,-39,-11
1599313696101838127,one,1,-8862,-39,-11
1599313696197950493,one,1,-8923,-39,-11
1599313696325905851,one,1,-9004,-39,-11
1599313696421929558,one,1,-9064,-39,-11
1599313696517796909,one,1,-9124,-39,-11
1599313696614135738,one,1,-9186,-39,-11
1599313696709782203,one,1,-9247,-39,-11
1599313696805908076,one,1,-9309,-39,-11
1599313696901937689,one,1,-9371,-39,-11
1599313696997928747,one,1,-9432,-39,-11
1599313697125852224,one,1,-9515,-39,-11
1599313697221924121,one,1,-9576,-39,-11
1599313697317757856,one,1,-9639,-39,-11
1599313697413892337,one,1,-9700,-39,-11
1599313697509904938,one,1,-9761,-39,-11
1599313697605911237,one,1,-9823,-39,-11
1599313697701902228,one,1,-9885,-39,-11
1599313697798074505,one,1,-9946,-39,-11
1599313697925787805,one,1,-10028,-39,-11
1599313698021844202,one,1,-10089,-39,-10
1599313698117775190,one,1,-10150,-39,-10
1599313698213766605,one,1,-10212,-39,-10
1599313698309754935,one,1,-10273,-39,-11
1599313698405949227,one,1,-10334,-39,-10
1599313698501707465,one,1,-10395,-39,-10
1599313698597782815,one,1,-10458,-39,-10
1599313698725791048,one,1,-10540,-39,-10
1599313698821839783,one,1,-10602,-39,-10
1599313698917908994,one,1,-10665,-39,-10
1599313699013762384,one,1,-10727,-39,-10
1599313699109775324,one,1,-10790,-39,-10
1599313699205751683,one,1,-10852,-39,-10
1599313699301778242,one,1,-10914,-39,-9
1599313699398002802,one,1,-10976,-39,-10
1599313699525651008,one,1,-11058,-39,-10
1599313699621635659,one,1,-11120,-39,-10
1599313699717924577,one,1,-11180,-39,-10
1599313699813846224,one,1,-11242,-39,-10
1599313699909790134,one,1,-11304,-39,-10
1599313700005676801,one,1,-11365,-39,-10
1599313700101809907,one,1,-11428,-40,-10
1599313700197948251,one,1,-11489,-40,-10
