1597660756706100507,first,1,3652,0,-7,fourth,4,566,0,-6,second,2,2501,0,-6,third,3,1506,0,-7,zero,0,1678,0,-6
1597660756817859852,first,1,3652,0,-5,fourth,4,566,0,-5,second,2,2501,0,-5,third,3,1506,0,-6,zero,0,1679,0,-6
1597660756817947345,first,1,3652,0,-5,fourth,4,566,0,-5,second,2,2501,0,-5,third,3,1506,0,-6,zero,0,1679,0,-6
1597660756929848567,first,1,3652,0,-6,fourth,4,566,0,-6,second,2,2501,0,-5,third,3,1506,0,-5,zero,0,1678,0,-5
1597660757041874206,first,1,3652,0,-6,fourth,4,566,0,-5,second,2,2501,0,-6,third,3,1506,0,-6,zero,0,1678,0,-6
1597660757153854813,first,1,3652,0,-6,fourth,4,566,0,-5,second,2,2501,0,-6,third,3,1506,0,-4,zero,0,1678,0,-7
1597660757265879402,first,1,3652,0,-6,fourth,4,566,0,-6,second,2,2501,0,-6,third,3,1506,0,-6,zero,0,1678,0,-7
1597660757378101139,first,1,3652,0,-6,fourth,4,566,0,-4,second,2,2501,0,-6,third,3,1506,0,-5,zero,0,1677,0,-6
1597660757490609008,first,1,3651,0,-5,fourth,4,566,0,-5,second,2,2501,0,-6,third,3,1506,0,-6,zero,0,1677,0,-4
1597660757601895067,first,1,3652,0,-7,fourth,4,566,0,-6,second,2,2501,0,-6,third,3,1506,0,-6,zero,0,1677,0,-7
1597660757713913258,first,1,3652,0,-4,fourth,4,566,0,-6,second,2,2501,0,-6,third,3,1506,0,-4,zero,0,1676,0,-5
1597660757826082131,first,1,3651,0,-6,fourth,4,566,0,-5,second,2,2501,0,-6,third,3,1506,0,-4,zero,0,1676,0,-5
1597660757937717889,first,1,3652,0,-6,fourth,4,566,0,-5,second,2,2501,0,-6,third,3,1506,0,-6,zero,0,1676,0,-8
1597660758049554961,first,1,3652,0,-6,fourth,4,566,0,-6,second,2,2501,0,-6,third,3,1506,0,-5,zero,0,1675,0,-5
1597660758161155592,first,1,3652,0,-6,fourth,4,566,0,-6,second,2,2501,0,-6,third,3,1506,0,-5,zero,0,1675,0,-6
1597660758273587864,first,1,3652,0,-6,fourth,4,566,0,-7,second,2,2501,0,-6,third,3,1506,0,-5,zero,0,1674,0,-4
1597660758385673226,first,1,3652,0,-6,fourth,4,566,0,-6,second,2,2501,0,-6,third,3,1506,0,-4,zero,0,1674,0,-5
1597660758497535222,first,1,3652,0,-6,fourth,4,565,0,-5,second,2,2501,0,-6,third,3,1506,0,-5,zero,0,1674,0,-7
1597660758609801724,first,1,3652,0,-6,fourth,4,565,0,-6,second,2,2501,0,-6,third,3,1506,0,-6,zero,0,1674,0,-5
1597660758721189058,first,1,3652,0,-6,fourth,4,565,0,-6,second,2,2501,0,-6,third,3,1506,0,-4,zero,0,1674,0,-5
1597660758721206496,first,1,3652,0,-6,fourth,4,565,0,-6,second,2,2501,0,-6,third,3,1506,0,-4,zero,0,1674,0,-5
1597660758833236956,first,1,3652,0,-6,fourth,4,566,0,-6,second,2,2501,0,-6,third,3,1506,0,-6,zero,0,1674,0,-7
1597660758945161707,first,1,3652,0,-6,fourth,4,566,0,-5,second,2,2501,0,-6,third,3,1506,0,-4,zero,0,1674,0,-5
1597660759057453137,first,1,3652,0,-6,fourth,4,566,0,-5,second,2,2501,0,-6,third,3,1506,0,-5,zero,0,1673,0,-6
1597660759169574480,first,1,3652,0,-6,fourth,4,566,0,-4,second,2,2501,0,-6,third,3,1506,0,-5,zero,0,1673,0,-5
1597660759281699226,first,1,3652,0,-6,fourth,4,566,0,-4,second,2,2501,0,-6,third,3,1506,0,-7,zero,0,1673,0,-6
1597660759393570103,first,1,3652,0,-6,fourth,4,566,0,-4,second,2,2501,0,-6,third,3,1506,0,-6,zero,0,1673,0,-7
1597660759505473531,first,1,3652,0,-6,fourth,4,566,0,-6,second,2,2501,0,-6,third,3,1506,0,-6,zero,0,1672,0,-6
1597660759617853072,first,1,3652,0,-6,fourth,4,566,0,-5,second,2,2501,0,-6,third,3,1506,0,-7,zero,0,1673,0,-7
1597660759729627451,first,1,3652,0,-6,fourth,4,566,0,-6,second,2,2501,0,-6,third,3,1506,0,-5,zero,0,1672,0,-7
1597660759841758507,first,1,3652,0,-6,fourth,4,566,0,-7,second,2,2501,0,-5,third,3,1506,0,-5,zero,0,1672,0,-5
1597660759953559650,first,1,3652,0,-6,fourth,4,566,0,-6,second,2,2501,0,-6,third,3,1506,0,-7,zero,0,1672,0,-4
1597660759953665230,first,1,3652,0,-6,fourth,4,566,0,-6,second,2,2501,0,-6,third,3,1506,0,-7,zero,0,1672,0,-4
1597660760065641418,first,1,3652,0,-6,fourth,4,566,0,-6,second,2,2501,0,-5,third,3,1506,0,-4,zero,0,1672,0,-4
1597660760177710072,first,1,3652,0,-6,fourth,4,566,0,-6,second,2,2501,0,-6,third,3,1506,0,-6,zero,0,1672,0,-8
1597660760289706508,first,1,3651,0,-6,fourth,4,565,0,-6,second,2,2501,0,-6,third,3,1506,0,-6,zero,0,1671,0,-7
1597660760401834036,first,1,3651,0,-6,fourth,4,565,0,-4,second,2,2501,0,-6,third,3,1506,0,-4,zero,0,1671,0,-7
1597660760513562968,first,1,3652,0,-6,fourth,4,565,0,-7,second,2,2501,0,-6,third,3,1506,0,-4,zero,0,1671,0,-5
1597660760625568617,first,1,3652,0,-6,fourth,4,565,0,-5,second,2,2501,0,-6,third,3,1506,0,-6,zero,0,1671,0,-5
1597660760737548214,first,1,3652,0,-6,fourth,4,565,0,-6,second,2,2501,0,-6,third,3,1506,0,-6,zero,0,1671,0,-6
1597660760737600902,first,1,3652,0,-6,fourth,4,565,0,-6,second,2,2501,0,-6,third,3,1506,0,-6,zero,0,1671,0,-6
1597660760849745530,first,1,3652,0,-6,fourth,4,565,0,-6,second,2,2501,0,-6,third,3,1506,0,-7,zero,0,1671,0,-5
1597660760961703627,first,1,3652,0,-6,fourth,4,565,0,-6,second,2,2501,0,-6,third,3,1506,0,-5,zero,0,1671,0,-4
1597660761073644595,first,1,3652,0,-6,fourth,4,565,0,-4,second,2,2501,0,-6,third,3,1506,0,-7,zero,0,1671,0,-5
1597660761185673830,first,1,3652,0,-6,fourth,4,565,0,-6,second,2,2501,0,-6,third,3,1506,0,-5,zero,0,1671,0,-6
1597660761297019283,first,1,3652,0,-6,fourth,4,565,0,-6,second,2,2501,0,-6,third,3,1506,0,-5,zero,0,1670,0,-3
1597660761409739963,first,1,3652,0,-6,fourth,4,564,0,-6,second,2,2501,0,-6,third,3,1506,0,-4,zero,0,1670,0,-6
1597660761521755414,first,1,3652,0,-6,fourth,4,565,0,-6,second,2,2501,0,-6,third,3,1506,0,-5,zero,0,1670,0,-5
1597660761633864627,first,1,3652,0,-6,fourth,4,565,0,-5,second,2,2501,0,-5,third,3,1506,0,-5,zero,0,1670,0,-5
1597660761745676169,first,1,3652,0,-6,fourth,4,565,0,-6,second,2,2501,0,-5,third,3,1506,0,-6,zero,0,1670,0,-4
1597660761857746550,first,1,3652,0,-6,fourth,4,564,0,-6,second,2,2501,0,-6,third,3,1506,0,-4,zero,0,1670,0,-5
1597660761969652582,first,1,3652,0,-6,fourth,4,564,0,-6,second,2,2501,0,-6,third,3,1506,0,-5,zero,0,1670,0,-4
1597660762081708178,first,1,3652,0,-6,fourth,4,564,0,-5,second,2,2501,0,-6,third,3,1506,0,-4,zero,0,1670,0,-5
1597660762193640379,first,1,3652,0,-6,fourth,4,564,0,-5,second,2,2501,0,-6,third,3,1506,0,-5,zero,0,1670,0,-5
1597660762305757769,first,1,3652,0,-6,fourth,4,564,0,-6,second,2,2501,0,-6,third,3,1506,0,-6,zero,0,1670,0,-6
1597660762417642880,first,1,3652,0,-6,fourth,4,565,0,-5,second,2,2501,0,-6,third,3,1506,0,-4,zero,0,1670,0,-6
1597660762529858386,first,1,3652,0,-6,fourth,4,564,0,-4,second,2,2501,0,-5,third,3,1506,0,-6,zero,0,1669,0,-3
1597660762640948558,first,1,3652,0,-6,fourth,4,565,0,-6,second,2,2501,0,-5,third,3,1506,0,-6,zero,0,1669,0,-8
1597660762753559588,first,1,3651,0,-6,fourth,4,564,0,-5,second,2,2501,0,-6,third,3,1506,0,-5,zero,0,1668,0,-7
1597660762865626966,first,1,3652,0,-6,fourth,4,564,0,-6,second,2,2501,0,-5,third,3,1506,0,-6,zero,0,1664,-1,-6
1597660762977478736,first,1,3652,0,-6,fourth,4,565,0,-5,second,2,2501,0,-5,third,3,1498,-4,-7,zero,0,1655,-3,-6
1597660762977538736,first,1,3652,0,-6,fourth,4,565,0,-5,second,2,2501,0,-5,third,3,1498,-4,-7,zero,0,1655,-3,-6
1597660763089576576,first,1,3648,0,-5,fourth,4,564,0,-5,second,2,2500,0,-6,third,3,1483,-7,-5,zero,0,1649,-2,-6
1597660763201453162,first,1,3633,-7,-4,fourth,4,564,0,-6,second,2,2500,0,-5,third,3,1483,0,-7,zero,0,1649,0,-6
1597660763313436248,first,1,3620,-7,-5,fourth,4,564,0,-5,second,2,2500,0,-5,third,3,1482,0,-5,zero,0,1645,-1,-5
1597660763425374553,first,1,3610,-5,-6,fourth,4,564,0,-5,second,2,2500,0,-5,third,3,1483,0,-6,zero,0,1630,-7,-7
1597660763425440210,first,1,3610,-5,-6,fourth,4,564,0,-5,second,2,2500,0,-5,third,3,1483,0,-6,zero,0,1630,-7,-7
1597660763537648223,first,1,3600,-4,-5,fourth,4,565,0,-6,second,2,2500,0,-5,third,3,1483,0,-6,zero,0,1612,-9,-5
1597660763649544701,first,1,3590,-4,-5,fourth,4,564,0,-5,second,2,2499,0,-6,third,3,1483,0,-7,zero,0,1596,-8,-2
1597660763761385360,first,1,3578,-6,-5,fourth,4,564,0,-6,second,2,2499,0,-3,third,3,1483,0,-5,zero,0,1583,-7,-6
1597660763873389231,first,1,3563,-6,-7,fourth,4,565,0,-5,second,2,2496,0,-5,third,3,1482,0,-5,zero,0,1567,-7,-9
1597660763985360953,first,1,3548,-7,-5,fourth,4,565,0,-5,second,2,2483,-7,-5,third,3,1483,0,-6,zero,0,1550,-8,-5
1597660764097570799,first,1,3531,-8,-6,fourth,4,565,0,-5,second,2,2455,-15,-7,third,3,1483,0,-7,zero,0,1531,-9,-9
1597660764209803299,first,1,3511,-10,-5,fourth,4,564,0,-6,second,2,2421,-17,-6,third,3,1483,0,-5,zero,0,1510,-10,-8
1597660764321488706,first,1,3488,-11,-4,fourth,4,565,0,-6,second,2,2388,-17,-6,third,3,1483,0,-6,zero,0,1488,-10,-7
1597660764433554291,first,1,3464,-11,-5,fourth,4,565,0,-5,second,2,2363,-13,-7,third,3,1483,0,-5,zero,0,1467,-10,-5
1597660764544950507,first,1,3442,-11,-6,fourth,4,565,0,-6,second,2,2346,-9,-5,third,3,1483,0,-6,zero,0,1447,-10,-8
1597660764657334042,first,1,3421,-11,-5,fourth,4,564,0,-4,second,2,2332,-7,-6,third,3,1483,0,-6,zero,0,1426,-10,-6
1597660764769457344,first,1,3398,-11,-6,fourth,4,564,0,-6,second,2,2321,-5,-6,third,3,1483,0,-6,zero,0,1404,-10,-7
1597660764769521192,first,1,3398,-11,-6,fourth,4,564,0,-6,second,2,2321,-5,-6,third,3,1483,0,-6,zero,0,1404,-10,-7
1597660764881738547,first,1,3374,-11,-6,fourth,4,565,0,-4,second,2,2312,-4,-5,third,3,1483,0,-5,zero,0,1382,-11,-8
1597660764993406195,first,1,3351,-11,-5,fourth,4,565,0,-5,second,2,2303,-4,-5,third,3,1483,0,-6,zero,0,1358,-12,-3
1597660765105454907,first,1,3329,-11,-6,fourth,4,565,0,-5,second,2,2300,0,-6,third,3,1483,0,-7,zero,0,1333,-12,-4
1597660765217270798,first,1,3306,-11,-6,fourth,4,565,0,-4,second,2,2300,0,-5,third,3,1482,0,-4,zero,0,1307,-12,-7
1597660765217339715,first,1,3306,-11,-6,fourth,4,565,0,-4,second,2,2300,0,-5,third,3,1482,0,-4,zero,0,1307,-12,-7
1597660765329355163,first,1,3283,-11,-6,fourth,4,565,0,-5,second,2,2300,0,-6,third,3,1483,0,-5,zero,0,1283,-12,-5
1597660765441479250,first,1,3259,-11,-6,fourth,4,565,0,-5,second,2,2300,0,-5,third,3,1483,0,-6,zero,0,1256,-13,-6
1597660765553542716,first,1,3235,-12,-6,fourth,4,565,0,-4,second,2,2300,0,-6,third,3,1483,0,-4,zero,0,1228,-14,-5
1597660765665430697,first,1,3212,-12,-5,fourth,4,565,0,-6,second,2,2300,0,-5,third,3,1483,0,-4,zero,0,1204,-12,-7
1597660765777407927,first,1,3190,-11,-5,fourth,4,566,0,-6,second,2,2300,0,-6,third,3,1483,0,-7,zero,0,1184,-10,-3
1597660765889524814,first,1,3169,-10,-5,fourth,4,566,0,-6,second,2,2299,0,-5,third,3,1483,0,-6,zero,0,1164,-10,-9
1597660766001534383,first,1,3149,-10,-4,fourth,4,566,0,-4,second,2,2299,0,-7,third,3,1483,0,-6,zero,0,1143,-10,-3
1597660766113282123,first,1,3129,-10,-5,fourth,4,566,0,-4,second,2,2292,-4,-6,third,3,1483,0,-5,zero,0,1124,-10,-6
1597660766225235412,first,1,3110,-10,-6,fourth,4,566,0,-6,second,2,2269,-11,-7,third,3,1484,0,-4,zero,0,1105,-10,-3
1597660766337369734,first,1,3089,-10,-4,fourth,4,568,0,-6,second,2,2246,-12,-6,third,3,1483,0,-4,zero,0,1084,-10,-8
1597660766449265500,first,1,3069,-10,-5,fourth,4,572,0,-6,second,2,2224,-11,-6,third,3,1484,0,-6,zero,0,1063,-10,-8
1597660766449314489,first,1,3069,-10,-5,fourth,4,572,0,-6,second,2,2224,-11,-6,third,3,1484,0,-6,zero,0,1063,-10,-8
1597660766561404432,first,1,3048,-10,-4,fourth,4,575,0,-5,second,2,2204,-11,-6,third,3,1483,0,-7,zero,0,1043,-10,-4
1597660766673269963,first,1,3028,-10,-6,fourth,4,579,0,-5,second,2,2185,-9,-6,third,3,1484,0,-5,zero,0,1025,-9,-4
1597660766785247981,first,1,3009,-10,-6,fourth,4,583,0,-5,second,2,2170,-7,-5,third,3,1484,0,-6,zero,0,1006,-9,-5
1597660766897421087,first,1,2991,-10,-5,fourth,4,586,0,-6,second,2,2164,-2,-6,third,3,1484,0,-4,zero,0,985,-10,-5
1597660766897967751,first,1,2991,-10,-5,fourth,4,586,0,-6,second,2,2164,-2,-6,third,3,1484,0,-4,zero,0,985,-10,-5
1597660767009719362,first,1,2972,-10,-6,fourth,4,589,0,-3,second,2,2164,0,-6,third,3,1484,0,-6,zero,0,965,-10,-4
1597660767121436164,first,1,2953,-10,-4,fourth,4,592,0,-6,second,2,2164,0,-6,third,3,1484,0,-7,zero,0,944,-10,-8
1597660767233385532,first,1,2933,-10,-6,fourth,4,595,0,-7,second,2,2164,0,-6,third,3,1484,0,-6,zero,0,926,-10,-8
1597660767345362766,first,1,2915,-10,-4,fourth,4,598,0,-6,second,2,2164,0,-6,third,3,1484,0,-6,zero,0,906,-10,-3
1597660767457273347,first,1,2897,-9,-5,fourth,4,601,0,-6,second,2,2164,0,-5,third,3,1485,0,-6,zero,0,885,-10,-3
1597660767569297888,first,1,2875,-10,-5,fourth,4,605,0,-6,second,2,2164,0,-6,third,3,1486,0,-3,zero,0,864,-11,-3
1597660767681226256,first,1,2853,-11,-4,fourth,4,608,0,-6,second,2,2164,0,-5,third,3,1489,0,-3,zero,0,843,-11,-5
1597660767793464762,first,1,2833,-11,-5,fourth,4,612,0,-7,second,2,2164,0,-5,third,3,1494,0,-7,zero,0,820,-11,-5
1597660767905430807,first,1,2814,-10,-4,fourth,4,616,0,-6,second,2,2164,0,-6,third,3,1497,0,6,zero,0,797,-12,-8
1597660767905511995,first,1,2814,-10,-4,fourth,4,616,0,-6,second,2,2164,0,-6,third,3,1497,0,6,zero,0,797,-12,-8
1597660768017698827,first,1,2794,-10,-6,fourth,4,620,0,-6,second,2,2164,0,-6,third,3,1501,0,-5,zero,0,775,-12,-5
1597660768129366594,first,1,2773,-10,-5,fourth,4,624,0,-6,second,2,2164,0,-6,third,3,1504,0,-7,zero,0,754,-11,-6
1597660768241543416,first,1,2754,-10,-5,fourth,4,628,0,-7,second,2,2164,0,-4,third,3,1507,0,1,zero,0,732,-11,-9
1597660768353268529,first,1,2736,-10,-4,fourth,4,632,0,-4,second,2,2163,0,-4,third,3,1511,0,-6,zero,0,711,-11,-6
1597660768465276562,first,1,2717,-9,-4,fourth,4,637,1,-8,second,2,2164,0,-5,third,3,1515,0,-6,zero,0,691,-10,-7
1597660768577290115,first,1,2697,-10,-4,fourth,4,642,1,-7,second,2,2163,0,-6,third,3,1519,0,-5,zero,0,670,-10,-6
1597660768690286748,first,1,2678,-10,-5,fourth,4,646,1,-4,second,2,2160,0,-6,third,3,1523,0,-7,zero,0,648,-11,-4
1597660768801219491,first,1,2660,-9,-6,fourth,4,651,1,-3,second,2,2142,-9,-6,third,3,1526,0,-6,zero,0,625,-11,-4
1597660768913547577,first,1,2641,-9,-5,fourth,4,655,1,-7,second,2,2120,-11,-6,third,3,1528,0,-5,zero,0,605,-11,-4
1597660769025466560,first,1,2623,-9,-5,fourth,4,659,1,-3,second,2,2098,-10,-6,third,3,1528,0,-5,zero,0,585,-11,-8
1597660769137241887,first,1,2604,-9,-7,fourth,4,663,1,-4,second,2,2081,-9,-6,third,3,1528,0,-5,zero,0,565,-10,-5
1597660769249215588,first,1,2586,-9,-6,fourth,4,667,1,-5,second,2,2067,-7,-6,third,3,1529,0,-4,zero,0,542,-10,-6
1597660769361187432,first,1,2568,-9,-6,fourth,4,672,1,-8,second,2,2056,-5,-5,third,3,1529,0,-4,zero,0,520,-11,-4
1597660769361232430,first,1,2568,-9,-6,fourth,4,672,1,-8,second,2,2056,-5,-5,third,3,1529,0,-4,zero,0,520,-11,-4
1597660769473214116,first,1,2550,-9,-5,fourth,4,677,1,-10,second,2,2048,-4,-6,third,3,1529,0,-4,zero,0,499,-11,-7
1597660769585451885,first,1,2532,-9,-6,fourth,4,681,1,-6,second,2,2037,-4,-6,third,3,1529,0,-5,zero,0,479,-11,-3
1597660769697087958,first,1,2514,-9,-6,fourth,4,685,1,-2,second,2,2026,-4,-6,third,3,1528,0,-6,zero,0,459,-10,-7
1597660769809122623,first,1,2495,-9,-5,fourth,4,690,1,-6,second,2,2018,-4,-5,third,3,1529,0,-5,zero,0,438,-10,-3
1597660769921454053,first,1,2475,-9,-5,fourth,4,693,1,-8,second,2,2006,-5,-5,third,3,1529,0,-4,zero,0,416,-11,-5
1597660770033138506,first,1,2455,-9,-5,fourth,4,697,1,-8,second,2,1993,-6,-5,third,3,1529,0,-5,zero,0,394,-11,-5
1597660770145128469,first,1,2436,-9,-5,fourth,4,701,1,-4,second,2,1982,-6,-5,third,3,1529,0,-6,zero,0,371,-11,-7
1597660770257206333,first,1,2415,-10,-7,fourth,4,705,1,-4,second,2,1970,-5,-5,third,3,1529,0,-6,zero,0,347,-12,-3
1597660770369166911,first,1,2391,-11,-4,fourth,4,709,1,-6,second,2,1957,-6,-6,third,3,1529,0,-6,zero,0,323,-12,-7
1597660770481081685,first,1,2369,-11,-5,fourth,4,712,1,-6,second,2,1939,-9,-5,third,3,1529,0,-6,zero,0,298,-12,-7
1597660770593208888,first,1,2344,-12,-5,fourth,4,718,1,0,second,2,1921,-9,-5,third,3,1528,0,-6,zero,0,269,-14,-5
1597660770705144233,first,1,2317,-13,-5,fourth,4,722,1,-2,second,2,1908,-7,-6,third,3,1528,0,-7,zero,0,241,-14,-7
1597660770817101290,first,1,2292,-13,-5,fourth,4,725,1,-2,second,2,1898,-5,-5,third,3,1528,0,-6,zero,0,213,-14,-5
1597660770817150291,first,1,2292,-13,-5,fourth,4,725,1,-2,second,2,1898,-5,-5,third,3,1528,0,-6,zero,0,213,-14,-5
1597660770929168334,first,1,2268,-12,-4,fourth,4,729,1,-4,second,2,1895,-1,-5,third,3,1529,0,-6,zero,0,187,-14,-5
1597660771041112488,first,1,2248,-10,-6,fourth,4,733,1,-7,second,2,1895,0,-6,third,3,1529,0,-6,zero,0,163,-13,-3
1597660771153150547,first,1,2230,-9,-6,fourth,4,737,1,0,second,2,1895,0,-5,third,3,1529,0,-4,zero,0,141,-11,-9
1597660771265038423,first,1,2213,-9,-5,fourth,4,741,1,-7,second,2,1895,0,-5,third,3,1529,0,-6,zero,0,120,-11,-7
1597660771377054533,first,1,2197,-8,-5,fourth,4,745,1,-4,second,2,1895,0,-5,third,3,1529,0,-5,zero,0,99,-11,-3
1597660771489152372,first,1,2178,-9,-6,fourth,4,749,1,-4,second,2,1895,0,-6,third,3,1528,0,-5,zero,0,77,-11,-6
1597660771601106500,first,1,2156,-11,-6,fourth,4,754,1,-1,second,2,1895,0,-5,third,3,1529,0,-6,zero,0,52,-12,-7
1597660771713172174,first,1,2133,-11,-5,fourth,4,758,1,-7,second,2,1895,0,-5,third,3,1529,0,-6,zero,0,25,-14,-5
1597660771824996260,first,1,2111,-11,-5,fourth,4,763,1,-2,second,2,1895,0,-6,third,3,1529,0,-4,zero,0,-6,-15,-5
1597660771825051312,first,1,2111,-11,-5,fourth,4,763,1,-2,second,2,1895,0,-6,third,3,1529,0,-4,zero,0,-6,-15,-5
1597660771937100063,first,1,2087,-11,-5,fourth,4,773,3,0,second,2,1895,0,-6,third,3,1529,0,-5,zero,0,-35,-16,-4
1597660772049086181,first,1,2061,-13,-6,fourth,4,781,4,-8,second,2,1895,0,-6,third,3,1529,0,-6,zero,0,-62,-14,-4
1597660772161123896,first,1,2036,-13,-5,fourth,4,785,1,-8,second,2,1890,-2,-5,third,3,1529,0,-6,zero,0,-91,-15,-7
1597660772273153250,first,1,2012,-13,-6,fourth,4,789,1,-8,second,2,1867,-11,-4,third,3,1529,0,-7,zero,0,-123,-16,-7
1597660772385193453,first,1,1985,-14,-5,fourth,4,793,1,1,second,2,1842,-13,-7,third,3,1529,0,-6,zero,0,-152,-16,-6
1597660772497033361,first,1,1957,-14,-6,fourth,4,797,1,-8,second,2,1820,-12,-6,third,3,1529,0,-5,zero,0,-184,-16,-7
1597660772609064784,first,1,1932,-14,-5,fourth,4,801,1,-7,second,2,1802,-10,-5,third,3,1528,0,-6,zero,0,-213,-16,-4
1597660772720731388,first,1,1907,-13,-5,fourth,4,805,1,-2,second,2,1785,-9,-6,third,3,1529,0,-6,zero,0,-241,-15,-7
1597660772833078642,first,1,1882,-13,-6,fourth,4,809,1,-7,second,2,1773,-6,-6,third,3,1529,0,-7,zero,0,-270,-15,-5
1597660772945065190,first,1,1857,-13,-6,fourth,4,812,1,-3,second,2,1764,-4,-6,third,3,1528,0,-4,zero,0,-298,-14,-5
1597660773056945058,first,1,1836,-11,-6,fourth,4,816,1,-5,second,2,1762,0,-6,third,3,1529,0,-5,zero,0,-320,-12,-3
1597660773168953777,first,1,1816,-11,-6,fourth,4,820,1,-8,second,2,1762,0,-6,third,3,1529,0,-6,zero,0,-344,-12,-8
1597660773280913127,first,1,1796,-10,-6,fourth,4,824,1,-7,second,2,1762,0,-6,third,3,1529,0,-5,zero,0,-370,-13,-6
1597660773392935440,first,1,1776,-10,-5,fourth,4,827,1,-5,second,2,1762,0,-6,third,3,1528,0,-7,zero,0,-398,-14,-5
1597660773504958683,first,1,1757,-10,-5,fourth,4,831,1,-4,second,2,1762,0,-5,third,3,1529,0,-5,zero,0,-422,-12,-6
1597660773616396893,first,1,1740,-9,-6,fourth,4,835,1,-6,second,2,1762,0,-5,third,3,1528,0,-6,zero,0,-442,-11,-4
1597660773616430950,first,1,1740,-9,-6,fourth,4,835,1,-6,second,2,1762,0,-5,third,3,1528,0,-6,zero,0,-442,-11,-4
1597660773729076001,first,1,1722,-9,-5,fourth,4,839,1,-3,second,2,1762,0,-6,third,3,1529,0,-6,zero,0,-462,-10,-7
1597660773840958259,first,1,1704,-9,-4,fourth,4,842,1,1,second,2,1762,0,-5,third,3,1529,0,-6,zero,0,-483,-10,-4
1597660773953063968,first,1,1686,-9,-4,fourth,4,847,1,-3,second,2,1762,0,-5,third,3,1528,0,-5,zero,0,-503,-10,-7
1597660774064928370,first,1,1671,-8,-6,fourth,4,851,1,-5,second,2,1762,0,-5,third,3,1528,0,-6,zero,0,-524,-10,-8
1597660774176875537,first,1,1654,-8,-7,fourth,4,855,1,-9,second,2,1762,0,-5,third,3,1528,0,-4,zero,0,-543,-9,-9
1597660774290994585,first,1,1637,-8,-5,fourth,4,859,1,-6,second,2,1762,0,-4,third,3,1529,0,-5,zero,0,-562,-9,-4
1597660774401025557,first,1,1619,-8,-6,fourth,4,863,1,5,second,2,1751,-6,-5,third,3,1528,0,-5,zero,0,-578,-8,-5
1597660774512959839,first,1,1604,-8,-6,fourth,4,867,1,-7,second,2,1728,-12,-6,third,3,1529,0,-6,zero,0,-596,-8,-3
1597660774624865595,first,1,1587,-8,-5,fourth,4,870,1,-5,second,2,1707,-11,-5,third,3,1529,0,-6,zero,0,-615,-9,-4
1597660774736893366,first,1,1569,-8,-5,fourth,4,874,1,-6,second,2,1688,-10,-6,third,3,1529,0,-6,zero,0,-635,-10,-7
1597660774848834373,first,1,1550,-9,-4,fourth,4,878,1,-8,second,2,1670,-9,-7,third,3,1529,0,-6,zero,0,-656,-10,-5
1597660774960877134,first,1,1529,-10,-4,fourth,4,882,1,-3,second,2,1656,-7,-6,third,3,1528,0,-5,zero,0,-676,-10,-8
1597660775072897682,first,1,1511,-9,-5,fourth,4,885,1,-4,second,2,1649,-3,-5,third,3,1528,0,-6,zero,0,-698,-11,-7
1597660775184972623,first,1,1493,-9,-6,fourth,4,887,0,-5,second,2,1649,0,-6,third,3,1528,0,-5,zero,0,-718,-11,-5
1597660775296839126,first,1,1475,-9,-4,fourth,4,890,0,-1,second,2,1649,0,-5,third,3,1528,0,-6,zero,0,-737,-10,-4
1597660775408853850,first,1,1456,-9,-4,fourth,4,894,0,-4,second,2,1649,0,-5,third,3,1528,0,-6,zero,0,-756,-10,-9
1597660775521157557,first,1,1437,-9,-6,fourth,4,898,0,-6,second,2,1649,0,-6,third,3,1528,0,-6,zero,0,-778,-11,-7
1597660775632886434,first,1,1417,-9,-5,fourth,4,902,0,-1,second,2,1649,0,-6,third,3,1528,0,-6,zero,0,-801,-11,-3
1597660775744790105,first,1,1399,-9,-6,fourth,4,906,0,-8,second,2,1649,0,-5,third,3,1528,0,-6,zero,0,-821,-11,-7
1597660775856784570,first,1,1381,-9,-6,fourth,4,910,0,-5,second,2,1649,0,-5,third,3,1528,0,-6,zero,0,-839,-10,-10
1597660775968852769,first,1,1364,-9,-4,fourth,4,914,0,-5,second,2,1649,0,-6,third,3,1528,0,-6,zero,0,-859,-10,-3
1597660776080650910,first,1,1348,-8,-5,fourth,4,918,0,-4,second,2,1649,0,-6,third,3,1528,0,-5,zero,0,-878,-10,-4
1597660776080708202,first,1,1348,-8,-5,fourth,4,918,0,-4,second,2,1649,0,-6,third,3,1528,0,-5,zero,0,-878,-10,-4
1597660776192822091,first,1,1332,-8,-5,fourth,4,922,0,-4,second,2,1649,0,-4,third,3,1529,0,-5,zero,0,-897,-10,-8
1597660776305025768,first,1,1318,-8,-6,fourth,4,925,0,-8,second,2,1649,0,-5,third,3,1528,0,-4,zero,0,-919,-10,-5
1597660776416904490,first,1,1304,-7,-5,fourth,4,929,0,-2,second,2,1649,0,-6,third,3,1528,0,-7,zero,0,-936,-9,-7
1597660776529160079,first,1,1291,-7,-6,fourth,4,932,0,-6,second,2,1649,0,-6,third,3,1528,0,-6,zero,0,-955,-9,-5
1597660776640726153,first,1,1276,-7,-6,fourth,4,935,0,-6,second,2,1649,0,-5,third,3,1528,0,-6,zero,0,-974,-9,-9
1597660776752773063,first,1,1261,-7,-5,fourth,4,939,0,-6,second,2,1649,0,-5,third,3,1528,0,-5,zero,0,-994,-10,-7
1597660776864642007,first,1,1246,-7,-5,fourth,4,941,0,-6,second,2,1649,0,-5,third,3,1523,-1,-5,zero,0,-1014,-10,-6
1597660776976776085,first,1,1235,-5,-6,fourth,4,941,0,-5,second,2,1649,0,-5,third,3,1504,-9,-6,zero,0,-1032,-9,-2
1597660777088822440,first,1,1228,-3,-6,fourth,4,941,0,-5,second,2,1648,0,-4,third,3,1488,-8,-6,zero,0,-1051,-9,-5
1597660777200768955,first,1,1228,0,-6,fourth,4,941,0,-5,second,2,1649,0,-5,third,3,1482,-2,-6,zero,0,-1066,-8,-5
1597660777312812467,first,1,1228,0,-4,fourth,4,941,0,-4,second,2,1648,0,-4,third,3,1482,0,-5,zero,0,-1069,0,-6
1597660777424734906,first,1,1228,0,-4,fourth,4,941,0,-6,second,2,1648,0,-5,third,3,1481,0,-7,zero,0,-1069,0,-7
1597660777536771588,first,1,1228,0,-6,fourth,4,941,0,-6,second,2,1648,0,-7,third,3,1464,-8,-6,zero,0,-1069,0,-6
1597660777648731696,first,1,1228,0,-6,fourth,4,941,0,-4,second,2,1648,0,-6,third,3,1445,-9,-5,zero,0,-1070,0,-8
1597660777760563859,first,1,1228,0,-5,fourth,4,941,0,-5,second,2,1648,0,-7,third,3,1432,-6,-5,zero,0,-1076,-2,-4
1597660777872541932,first,1,1228,0,-6,fourth,4,941,0,-5,second,2,1648,0,-5,third,3,1420,-6,-6,zero,0,-1090,-6,-4
1597660777984527871,first,1,1228,0,-5,fourth,4,941,0,-5,second,2,1647,0,-6,third,3,1405,-7,-6,zero,0,-1106,-7,-8
1597660778097315760,first,1,1219,-4,-5,fourth,4,941,0,-6,second,2,1645,0,-5,third,3,1389,-7,-5,zero,0,-1120,-7,-7
1597660778097388540,first,1,1219,-4,-5,fourth,4,941,0,-6,second,2,1645,0,-5,third,3,1389,-7,-5,zero,0,-1120,-7,-7
1597660778208866631,first,1,1199,-10,-6,fourth,4,941,0,-5,second,2,1624,-12,-4,third,3,1374,-7,-6,zero,0,-1135,-7,-6
1597660778320598890,first,1,1181,-10,-4,fourth,4,941,0,-6,second,2,1596,-13,-4,third,3,1357,-7,-6,zero,0,-1156,-10,-5
1597660778432612930,first,1,1163,-10,-4,fourth,4,941,0,-6,second,2,1569,-14,-6,third,3,1340,-8,-4,zero,0,-1177,-10,-7
1597660778432670576,first,1,1163,-10,-4,fourth,4,941,0,-6,second,2,1569,-14,-6,third,3,1340,-8,-4,zero,0,-1177,-10,-7
1597660778544648275,first,1,1146,-9,-5,fourth,4,941,0,-5,second,2,1542,-14,-4,third,3,1326,-7,-7,zero,0,-1198,-10,-8
1597660778656661588,first,1,1129,-8,-4,fourth,4,941,0,-6,second,2,1520,-12,-4,third,3,1320,-3,-6,zero,0,-1220,-10,-7
1597660778768618666,first,1,1112,-9,-6,fourth,4,941,0,-5,second,2,1498,-11,-6,third,3,1319,0,-5,zero,0,-1242,-11,-5
1597660778880618257,first,1,1091,-9,-5,fourth,4,941,0,-6,second,2,1479,-10,-6,third,3,1317,0,-3,zero,0,-1264,-11,-5
1597660778992704088,first,1,1073,-9,-6,fourth,4,941,0,-5,second,2,1463,-8,-6,third,3,1306,-6,-5,zero,0,-1286,-11,-5
1597660779104744950,first,1,1056,-9,-4,fourth,4,941,0,-5,second,2,1450,-7,-6,third,3,1287,-8,-5,zero,0,-1307,-11,-5
1597660779216598047,first,1,1040,-8,-6,fourth,4,940,0,-5,second,2,1439,-6,-6,third,3,1268,-9,-5,zero,0,-1330,-11,-3
1597660779328718317,first,1,1023,-8,-5,fourth,4,938,0,-6,second,2,1429,-5,-6,third,3,1252,-8,-6,zero,0,-1351,-11,-4
1597660779440449748,first,1,1006,-8,-6,fourth,4,922,-8,-5,second,2,1420,-4,-5,third,3,1236,-8,-6,zero,0,-1372,-11,-6
1597660779440500846,first,1,1006,-8,-6,fourth,4,922,-8,-5,second,2,1420,-4,-5,third,3,1236,-8,-6,zero,0,-1372,-11,-6
1597660779552678668,first,1,988,-8,-4,fourth,4,909,-6,-7,second,2,1409,-4,-6,third,3,1221,-7,-5,zero,0,-1394,-11,-5
1597660779664576324,first,1,970,-8,-6,fourth,4,906,-1,-5,second,2,1394,-7,-6,third,3,1206,-7,-6,zero,0,-1417,-11,-8
1597660779776601404,first,1,953,-8,-6,fourth,4,906,0,-5,second,2,1377,-8,-5,third,3,1190,-7,-5,zero,0,-1439,-11,-7
1597660779888552605,first,1,937,-8,-4,fourth,4,904,0,-6,second,2,1361,-8,-6,third,3,1176,-7,-5,zero,0,-1459,-11,-7
1597660780000739901,first,1,922,-8,-6,fourth,4,893,-5,-7,second,2,1348,-7,-5,third,3,1160,-7,-6,zero,0,-1480,-10,-6
1597660780112560883,first,1,908,-7,-5,fourth,4,880,-6,-4,second,2,1336,-6,-6,third,3,1136,-12,-4,zero,0,-1501,-10,-4
1597660780224575251,first,1,895,-7,-4,fourth,4,868,-6,-6,second,2,1322,-6,-5,third,3,1105,-16,-6,zero,0,-1523,-10,-4
1597660780336504987,first,1,883,-6,-4,fourth,4,857,-5,-4,second,2,1303,-9,-5,third,3,1071,-17,-4,zero,0,-1544,-10,-2
1597660780448561021,first,1,870,-6,-5,fourth,4,845,-5,-6,second,2,1283,-10,-6,third,3,1046,-13,-6,zero,0,-1564,-10,-8
1597660780560266435,first,1,859,-6,-4,fourth,4,834,-5,-6,second,2,1263,-10,-6,third,3,1025,-11,-4,zero,0,-1583,-10,-2
1597660780672512484,first,1,845,-6,-5,fourth,4,824,-5,-5,second,2,1243,-10,-5,third,3,1004,-11,-5,zero,0,-1602,-10,-8
1597660780784454335,first,1,833,-6,-5,fourth,4,812,-5,-6,second,2,1222,-11,-5,third,3,984,-11,-6,zero,0,-1619,-9,-6
1597660780896615276,first,1,824,-4,-4,fourth,4,804,-4,-6,second,2,1200,-11,-5,third,3,962,-11,-4,zero,0,-1632,-6,-6
1597660781008535569,first,1,820,-1,-4,fourth,4,798,-2,-6,second,2,1179,-11,-5,third,3,943,-9,-5,zero,0,-1635,0,-6
1597660781120520124,first,1,821,0,-5,fourth,4,790,-3,-4,second,2,1162,-10,-4,third,3,926,-9,-6,zero,0,-1635,0,-5
1597660781232482116,first,1,820,0,-5,fourth,4,778,-5,-7,second,2,1143,-10,-7,third,3,906,-9,-5,zero,0,-1635,0,-4
1597660781344523368,first,1,820,0,-6,fourth,4,766,-5,-7,second,2,1125,-9,-6,third,3,885,-10,-5,zero,0,-1635,0,-6
1597660781456515569,first,1,820,0,-6,fourth,4,752,-7,-6,second,2,1107,-9,-4,third,3,864,-11,-6,zero,0,-1635,0,-5
1597660781568534751,first,1,821,0,-6,fourth,4,740,-6,-4,second,2,1089,-9,-7,third,3,844,-10,-5,zero,0,-1635,0,-8
1597660781680409800,first,1,820,0,-6,fourth,4,730,-5,-6,second,2,1073,-8,-5,third,3,827,-9,-5,zero,0,-1635,0,-6
1597660781792367803,first,1,821,0,-5,fourth,4,719,-5,-7,second,2,1058,-8,-5,third,3,811,-8,-6,zero,0,-1641,-3,-8
1597660781904492594,first,1,821,0,-5,fourth,4,709,-5,-5,second,2,1043,-7,-5,third,3,796,-7,-5,zero,0,-1658,-8,-3
1597660782016450654,first,1,821,0,-6,fourth,4,704,-2,-5,second,2,1034,-4,-5,third,3,786,-5,-7,zero,0,-1674,-8,-9
1597660782128440980,first,1,820,0,-5,fourth,4,704,0,-6,second,2,1034,0,-5,third,3,785,0,-6,zero,0,-1677,0,-5
1597660782128549842,first,1,820,0,-5,fourth,4,704,0,-6,second,2,1034,0,-5,third,3,785,0,-6,zero,0,-1677,0,-5
1597660782240423108,first,1,820,0,-5,fourth,4,704,0,-5,second,2,1034,0,-6,third,3,785,0,-5,zero,0,-1677,0,-6
1597660782352429685,first,1,820,0,-7,fourth,4,704,0,-6,second,2,1034,0,-6,third,3,783,0,-5,zero,0,-1677,0,-6
1597660782464540371,first,1,820,0,-6,fourth,4,704,0,-6,second,2,1034,0,-5,third,3,770,-6,-6,zero,0,-1677,0,-4
1597660782576455471,first,1,820,0,-6,fourth,4,698,-2,-7,second,2,1033,0,-5,third,3,747,-11,-5,zero,0,-1678,0,-6
1597660782687782262,first,1,821,0,-5,fourth,4,681,-8,-6,second,2,1034,0,-6,third,3,720,-13,-6,zero,0,-1678,0,-4
1597660782800601516,first,1,821,0,-5,fourth,4,662,-9,-6,second,2,1033,0,-6,third,3,692,-14,-6,zero,0,-1679,0,-4
1597660782912400261,first,1,820,0,-5,fourth,4,643,-9,-6,second,2,1033,0,-5,third,3,666,-14,-7,zero,0,-1692,-7,-5
1597660783024407244,first,1,820,0,-6,fourth,4,628,-8,-4,second,2,1033,0,-6,third,3,638,-14,-6,zero,0,-1711,-9,-6
1597660783136484729,first,1,821,0,-6,fourth,4,616,-6,-6,second,2,1033,0,-6,third,3,617,-11,-6,zero,0,-1722,-4,-6
1597660783248417337,first,1,820,0,-5,fourth,4,607,-4,-5,second,2,1033,0,-6,third,3,599,-9,-4,zero,0,-1722,0,-7
1597660783360420999,first,1,820,0,-6,fourth,4,594,-5,-6,second,2,1033,0,-7,third,3,582,-8,-4,zero,0,-1722,0,-6
1597660783472378914,first,1,821,0,-5,fourth,4,583,-5,-4,second,2,1029,-1,-6,third,3,561,-9,-5,zero,0,-1722,0,-6
1597660783584187444,first,1,821,0,-7,fourth,4,567,-7,-7,second,2,1008,-11,-4,third,3,538,-11,-5,zero,0,-1722,0,-7
1597660783696351575,first,1,821,0,-6,fourth,4,550,-8,-7,second,2,979,-14,-6,third,3,511,-14,-6,zero,0,-1723,0,-5
1597660783808187874,first,1,821,0,-6,fourth,4,534,-8,-6,second,2,949,-16,-4,third,3,484,-14,-6,zero,0,-1728,-2,-3
1597660783920399138,first,1,821,0,-6,fourth,4,518,-8,-7,second,2,921,-14,-5,third,3,456,-14,-6,zero,0,-1744,-8,-4
1597660784032177402,first,1,820,0,-6,fourth,4,502,-8,-4,second,2,898,-12,-5,third,3,436,-11,-6,zero,0,-1761,-8,-5
1597660784032242034,first,1,820,0,-6,fourth,4,502,-8,-4,second,2,898,-12,-5,third,3,436,-11,-6,zero,0,-1761,-8,-5
1597660784144423478,first,1,821,0,-6,fourth,4,489,-8,-6,second,2,880,-10,-5,third,3,419,-9,-4,zero,0,-1771,-4,-6
1597660784256331791,first,1,820,0,-5,fourth,4,475,-6,-7,second,2,861,-9,-4,third,3,401,-9,-5,zero,0,-1772,0,-5
1597660784368215613,first,1,821,0,-6,fourth,4,462,-6,-4,second,2,844,-9,-5,third,3,380,-10,-6,zero,0,-1772,0,-4
1597660784480327030,first,1,821,0,-6,fourth,4,447,-6,-6,second,2,830,-8,-5,third,3,360,-10,-6,zero,0,-1771,0,-6
1597660784592350003,first,1,821,0,-7,fourth,4,432,-6,-6,second,2,817,-6,-6,third,3,339,-10,-4,zero,0,-1772,0,-4
1597660784704407014,first,1,821,0,-5,fourth,4,417,-6,-6,second,2,807,-4,-5,third,3,316,-11,-6,zero,0,-1778,-2,-4
1597660784816671370,first,1,821,0,-5,fourth,4,399,-8,-6,second,2,799,-3,-4,third,3,287,-15,-6,zero,0,-1790,-5,-8
1597660784928271026,first,1,821,0,-4,fourth,4,379,-9,-6,second,2,797,0,-5,third,3,255,-17,-3,zero,0,-1802,-5,-4
1597660785040301161,first,1,822,0,-6,fourth,4,356,-11,-4,second,2,797,0,-5,third,3,222,-17,-5,zero,0,-1805,0,-4
1597660785152238573,first,1,822,0,-5,fourth,4,337,-10,-4,second,2,797,0,-6,third,3,190,-17,-7,zero,0,-1805,0,-7
1597660785264363489,first,1,822,0,-6,fourth,4,321,-8,-7,second,2,797,0,-4,third,3,166,-13,-5,zero,0,-1805,0,-7
1597660785376319443,first,1,822,0,-5,fourth,4,310,-5,-5,second,2,797,0,-6,third,3,151,-7,-6,zero,0,-1805,0,-5
1597660785488338725,first,1,822,0,-5,fourth,4,301,-4,-4,second,2,796,0,-5,third,3,134,-8,-5,zero,0,-1806,0,-5
1597660785600308283,first,1,822,0,-6,fourth,4,283,-8,-5,second,2,796,0,-5,third,3,104,-15,-6,zero,0,-1809,-1,-6
1597660785712214314,first,1,822,0,-6,fourth,4,269,-7,-5,second,2,797,0,-6,third,3,81,-12,-6,zero,0,-1824,-7,-8
1597660785824269217,first,1,823,0,-5,fourth,4,260,-4,-7,second,2,796,0,-5,third,3,71,-4,-5,zero,0,-1839,-7,-3
1597660785936655169,first,1,823,0,-6,fourth,4,259,0,-5,second,2,796,0,-5,third,3,70,0,-4,zero,0,-1843,0,-7
1597660786048298899,first,1,823,0,-4,fourth,4,259,0,-4,second,2,796,0,-5,third,3,70,0,-6,zero,0,-1843,0,-5
1597660786160280965,first,1,823,0,-6,fourth,4,259,0,-6,second,2,796,0,-7,third,3,70,0,-6,zero,0,-1843,0,-6
1597660786272273106,first,1,823,0,-6,fourth,4,258,0,-5,second,2,796,0,-6,third,3,69,0,-7,zero,0,-1843,0,-5
1597660786384313825,first,1,823,0,-6,fourth,4,251,-3,-5,second,2,796,0,-5,third,3,55,-7,-6,zero,0,-1843,0,-6
1597660786496450688,first,1,823,0,-5,fourth,4,229,-11,-7,second,2,796,0,-5,third,3,27,-14,-6,zero,0,-1844,0,-4
1597660786608200606,first,1,823,0,-6,fourth,4,203,-12,-5,second,2,797,0,-6,third,3,-9,-20,-6,zero,0,-1844,0,-5
1597660786720360888,first,1,823,0,-5,fourth,4,180,-12,-4,second,2,796,0,-6,third,3,-45,-18,-5,zero,0,-1848,-1,-8
1597660786832254276,first,1,824,0,-5,fourth,4,161,-10,-5,second,2,796,0,-6,third,3,-74,-15,-6,zero,0,-1863,-7,-7
1597660786944181169,first,1,825,0,-5,fourth,4,145,-8,-7,second,2,796,0,-6,third,3,-96,-11,-7,zero,0,-1878,-8,-4
1597660787056156899,first,1,825,0,-6,fourth,4,129,-8,-5,second,2,796,0,-5,third,3,-115,-10,-6,zero,0,-1882,0,-9
1597660787168292519,first,1,826,0,-5,fourth,4,114,-8,-7,second,2,796,0,-6,third,3,-138,-11,-6,zero,0,-1882,0,-5
1597660787280046085,first,1,828,0,-5,fourth,4,96,-8,-5,second,2,797,0,-6,third,3,-166,-14,-6,zero,0,-1882,0,-4
1597660787392135814,first,1,831,0,-6,fourth,4,75,-10,-5,second,2,797,0,-6,third,3,-199,-17,-4,zero,0,-1883,0,-5
1597660787392198614,first,1,831,0,-6,fourth,4,75,-10,-5,second,2,797,0,-6,third,3,-199,-17,-4,zero,0,-1883,0,-5
1597660787504468734,first,1,835,0,0,fourth,4,55,-10,-5,second,2,796,0,-6,third,3,-230,-17,-6,zero,0,-1890,-3,-5
1597660787616150323,first,1,838,0,-6,fourth,4,38,-9,-6,second,2,796,0,-6,third,3,-253,-12,-6,zero,0,-1895,-1,-4
1597660787728199448,first,1,839,0,0,fourth,4,26,-6,-6,second,2,796,0,-5,third,3,-271,-9,-4,zero,0,-1895,0,-5
1597660787840102892,first,1,843,0,-5,fourth,4,18,-4,-6,second,2,796,0,-5,third,3,-284,-7,-5,zero,0,-1895,0,-4
1597660787952035719,first,1,844,0,-5,fourth,4,15,-1,-4,second,2,796,0,-5,third,3,-295,-6,-6,zero,0,-1895,0,-3
1597660788064140626,first,1,847,0,-7,fourth,4,13,0,-7,second,2,796,0,-6,third,3,-309,-6,-6,zero,0,-1895,0,-6
1597660788176022473,first,1,850,0,-2,fourth,4,-4,-8,-6,second,2,796,0,-6,third,3,-324,-7,-5,zero,0,-1896,0,-5
1597660788176073326,first,1,850,0,-2,fourth,4,-4,-8,-6,second,2,796,0,-6,third,3,-324,-7,-5,zero,0,-1896,0,-5
1597660788288020951,first,1,854,0,-7,fourth,4,-23,-9,-4,second,2,796,0,-6,third,3,-349,-13,-5,zero,0,-1896,0,-5
1597660788400091194,first,1,857,0,-8,fourth,4,-44,-10,-5,second,2,796,0,-6,third,3,-384,-18,-3,zero,0,-1896,0,-5
1597660788512026841,first,1,861,0,-8,fourth,4,-67,-10,-4,second,2,796,0,-5,third,3,-416,-18,-5,zero,0,-1897,0,-4
1597660788624224935,first,1,864,0,-5,fourth,4,-89,-11,-5,second,2,796,0,-5,third,3,-448,-17,-5,zero,0,-1905,-3,-6
1597660788736222952,first,1,867,0,-8,fourth,4,-109,-11,-4,second,2,796,0,-6,third,3,-474,-14,-4,zero,0,-1922,-8,-6
1597660788848162903,first,1,870,0,-5,fourth,4,-127,-10,-7,second,2,796,0,-6,third,3,-497,-13,-6,zero,0,-1937,-8,-4
1597660788960104167,first,1,872,0,-6,fourth,4,-144,-9,-7,second,2,796,0,-4,third,3,-521,-12,-6,zero,0,-1942,-1,-7
1597660789072107282,first,1,875,0,-5,fourth,4,-158,-7,-6,second,2,796,0,-6,third,3,-541,-11,-6,zero,0,-1942,0,-5
1597660789184061311,first,1,878,0,-8,fourth,4,-168,-5,-4,second,2,796,0,-6,third,3,-554,-6,-5,zero,0,-1942,0,-4
1597660789296105861,first,1,881,0,-3,fourth,4,-171,0,-5,second,2,796,0,-6,third,3,-556,0,-5,zero,0,-1942,0,-6
1597660789407966964,first,1,885,0,-5,fourth,4,-171,0,-6,second,2,796,0,-6,third,3,-557,0,-5,zero,0,-1942,0,-6
1597660789519972281,first,1,888,0,-6,fourth,4,-171,0,-5,second,2,796,0,-6,third,3,-556,0,-6,zero,0,-1941,0,-5
1597660789632025997,first,1,890,0,-5,fourth,4,-171,0,-6,second,2,796,0,-5,third,3,-556,0,-6,zero,0,-1942,0,-4
1597660789744017738,first,1,891,0,-6,fourth,4,-171,0,-6,second,2,796,0,-6,third,3,-556,0,-5,zero,0,-1942,0,-5
1597660789856039700,first,1,891,0,-6,fourth,4,-171,0,-6,second,2,795,0,-5,third,3,-556,0,-5,zero,0,-1942,0,-4
1597660789968081351,first,1,891,0,-6,fourth,4,-171,0,-3,second,2,796,0,-6,third,3,-556,0,-5,zero,0,-1942,0,-6
1597660790080033271,first,1,891,0,-5,fourth,4,-171,0,-6,second,2,796,0,-6,third,3,-557,0,-5,zero,0,-1942,0,-8
1597660790191816017,first,1,891,0,-6,fourth,4,-171,0,-5,second,2,796,0,-5,third,3,-557,0,-6,zero,0,-1942,0,-5
1597660790303936719,first,1,891,0,-6,fourth,4,-171,0,-6,second,2,795,0,-6,third,3,-556,0,-6,zero,0,-1942,0,-7
1597660790415857228,first,1,891,0,-6,fourth,4,-171,0,-6,second,2,795,0,-6,third,3,-556,0,-6,zero,0,-1942,0,-5
1597660790527933412,first,1,891,0,-6,fourth,4,-171,0,-6,second,2,795,0,-5,third,3,-557,0,-4,zero,0,-1943,0,-5
1597660790527999502,first,1,891,0,-6,fourth,4,-171,0,-6,second,2,795,0,-5,third,3,-557,0,-4,zero,0,-1943,0,-5
1597660790640006718,first,1,891,0,-5,fourth,4,-171,0,-5,second,2,795,0,-4,third,3,-556,0,-5,zero,0,-1942,0,-4
1597660790752115906,first,1,891,0,-4,fourth,4,-171,0,-6,second,2,795,0,-5,third,3,-556,0,-5,zero,0,-1943,0,-6
1597660790863965350,first,1,891,0,-5,fourth,4,-171,0,-6,second,2,795,0,-4,third,3,-556,0,-6,zero,0,-1942,0,-7
1597660790976155249,first,1,891,0,-5,fourth,4,-171,0,-6,second,2,795,0,-5,third,3,-557,0,-6,zero,0,-1942,0,-5
1597660791087917666,first,1,890,0,-6,fourth,4,-171,0,-6,second,2,795,0,-5,third,3,-556,0,-5,zero,0,-1942,0,-5
1597660791199892643,first,1,891,0,-5,fourth,4,-171,0,-6,second,2,795,0,-6,third,3,-556,0,-5,zero,0,-1943,0,-5
1597660791311733277,first,1,891,0,-5,fourth,4,-170,0,-6,second,2,795,0,-6,third,3,-557,0,-6,zero,0,-1942,0,-6
1597660791423828721,first,1,891,0,-5,fourth,4,-171,0,-5,second,2,795,0,-3,third,3,-556,0,-7,zero,0,-1943,0,-5
1597660791423887718,first,1,891,0,-5,fourth,4,-171,0,-5,second,2,795,0,-3,third,3,-556,0,-7,zero,0,-1943,0,-5
1597660791535818705,first,1,891,0,-6,fourth,4,-170,0,-5,second,2,795,0,-4,third,3,-557,0,-6,zero,0,-1943,0,-5
1597660791647851324,first,1,891,0,-5,fourth,4,-171,0,-6,second,2,784,-7,-4,third,3,-556,0,-5,zero,0,-1943,0,-6
1597660791759847783,first,1,891,0,-6,fourth,4,-170,0,-5,second,2,748,-19,-6,third,3,-557,0,-5,zero,0,-1943,0,-6
1597660791871694930,first,1,891,0,-6,fourth,4,-171,0,-7,second,2,699,-27,-4,third,3,-556,0,-5,zero,0,-1943,0,-5
1597660791871890691,first,1,891,0,-6,fourth,4,-171,0,-7,second,2,699,-27,-4,third,3,-556,0,-5,zero,0,-1943,0,-5
1597660791983843102,first,1,891,0,-5,fourth,4,-171,0,-6,second,2,645,-29,-5,third,3,-556,0,-6,zero,0,-1943,0,-6
1597660792095941658,first,1,891,0,-6,fourth,4,-171,0,-5,second,2,591,-29,-7,third,3,-556,0,-5,zero,0,-1943,0,-7
1597660792208000539,first,1,891,0,-5,fourth,4,-171,0,-6,second,2,539,-29,-6,third,3,-557,0,-5,zero,0,-1943,0,-7
1597660792319896883,first,1,891,0,-4,fourth,4,-170,0,-5,second,2,492,-26,-6,third,3,-557,0,-6,zero,0,-1943,0,-4
1597660792431955717,first,1,891,0,-6,fourth,4,-171,0,-5,second,2,463,-13,-6,third,3,-557,0,-5,zero,0,-1943,0,-5
1597660792543256780,first,1,891,0,-6,fourth,4,-171,0,-5,second,2,452,-3,-5,third,3,-557,0,-5,zero,0,-1943,0,-6
1597660792655290185,first,1,891,0,-6,fourth,4,-171,0,-5,second,2,452,0,-7,third,3,-557,0,-5,zero,0,-1944,0,-8
1597660792768041259,first,1,891,0,-6,fourth,4,-171,0,-6,second,2,453,0,-6,third,3,-556,0,-6,zero,0,-1944,0,-4
1597660792879961703,first,1,891,0,-5,fourth,4,-171,0,-5,second,2,452,0,-5,third,3,-557,0,-6,zero,0,-1944,0,-5
1597660792991863629,first,1,891,0,-5,fourth,4,-171,0,-5,second,2,453,0,-5,third,3,-556,0,-6,zero,0,-1944,0,-7
1597660793103994522,first,1,891,0,-6,fourth,4,-170,0,-6,second,2,453,0,-5,third,3,-557,0,-7,zero,0,-1944,0,-4
1597660793215832286,first,1,890,0,-6,fourth,4,-171,0,-6,second,2,452,0,-6,third,3,-556,0,-5,zero,0,-1944,0,-4
1597660793327857727,first,1,891,0,-6,fourth,4,-171,0,-5,second,2,452,0,-6,third,3,-556,0,-5,zero,0,-1944,0,-5
1597660793439891000,first,1,891,0,-5,fourth,4,-171,0,-6,second,2,452,0,-5,third,3,-556,0,-5,zero,0,-1944,0,-7
1597660793551798086,first,1,891,0,-6,fourth,4,-171,0,-6,second,2,452,0,-6,third,3,-557,0,-6,zero,0,-1944,0,-7
1597660793663857018,first,1,891,0,-5,fourth,4,-172,0,-6,second,2,452,0,-5,third,3,-557,0,-5,zero,0,-1944,0,-6
1597660793775767373,first,1,891,0,-6,fourth,4,-182,-4,-7,second,2,452,0,-6,third,3,-567,-4,-5,zero,0,-1944,0,-7
1597660793887885811,first,1,892,0,-5,fourth,4,-198,-8,-5,second,2,452,0,-5,third,3,-593,-14,-7,zero,0,-1944,0,-6
1597660793999898935,first,1,892,0,-7,fourth,4,-218,-9,-6,second,2,452,0,-7,third,3,-629,-18,-6,zero,0,-1945,0,-7
1597660794111055931,first,1,891,0,-6,fourth,4,-238,-10,-5,second,2,452,0,-5,third,3,-662,-18,-5,zero,0,-1947,0,-10
1597660794223412285,first,1,892,0,-5,fourth,4,-256,-10,-4,second,2,452,0,-6,third,3,-688,-14,-6,zero,0,-1959,-5,-6
1597660794335682922,first,1,892,0,-5,fourth,4,-273,-8,-7,second,2,452,0,-5,third,3,-708,-11,-5,zero,0,-1976,-8,-6
1597660794447650261,first,1,892,0,-5,fourth,4,-289,-8,-7,second,2,452,0,-6,third,3,-729,-11,-6,zero,0,-1987,-4,-4
1597660794559293550,first,1,892,0,-6,fourth,4,-303,-6,-5,second,2,452,0,-5,third,3,-749,-10,-6,zero,0,-1987,0,-7
1597660794671588556,first,1,892,0,-7,fourth,4,-318,-7,-4,second,2,452,0,-6,third,3,-769,-10,-6,zero,0,-1988,0,-8
1597660794671643524,first,1,892,0,-7,fourth,4,-318,-7,-4,second,2,452,0,-6,third,3,-769,-10,-6,zero,0,-1988,0,-8
1597660794783728360,first,1,892,0,-5,fourth,4,-335,-8,-5,second,2,452,0,-5,third,3,-791,-11,-7,zero,0,-1988,0,-4
1597660794895629400,first,1,896,0,-6,fourth,4,-353,-9,-5,second,2,452,0,-6,third,3,-816,-12,-5,zero,0,-1988,0,-5
1597660795007658271,first,1,901,1,-9,fourth,4,-372,-9,-5,second,2,452,0,-6,third,3,-837,-11,-6,zero,0,-1989,0,-5
1597660795119679289,first,1,917,8,0,fourth,4,-388,-8,-6,second,2,452,0,-6,third,3,-859,-11,-6,zero,0,-1989,0,-5
1597660795231782230,first,1,943,14,-9,fourth,4,-408,-10,-4,second,2,452,0,-6,third,3,-883,-12,-4,zero,0,-1989,0,-6
1597660795343763955,first,1,978,18,-18,fourth,4,-433,-12,-4,second,2,452,0,-5,third,3,-911,-14,-5,zero,0,-1989,0,-5
1597660795455645104,first,1,1009,16,-11,fourth,4,-460,-13,-7,second,2,452,0,-6,third,3,-942,-16,-7,zero,0,-1989,0,-4
1597660795567552061,first,1,1024,8,-7,fourth,4,-486,-14,-4,second,2,452,0,-6,third,3,-975,-17,-4,zero,0,-1988,0,-6
1597660795679701170,first,1,1029,1,-2,fourth,4,-511,-13,-5,second,2,452,0,-5,third,3,-1003,-15,-7,zero,0,-1988,0,-5
1597660795791640948,first,1,1033,1,-4,fourth,4,-532,-11,-6,second,2,452,0,-5,third,3,-1026,-12,-5,zero,0,-1989,0,-6
1597660795904016405,first,1,1036,1,-2,fourth,4,-547,-8,-6,second,2,452,0,-5,third,3,-1047,-11,-5,zero,0,-1989,0,-5
1597660796015787137,first,1,1040,1,-6,fourth,4,-562,-8,-4,second,2,452,0,-5,third,3,-1065,-9,-5,zero,0,-1989,0,-5
1597660796127615758,first,1,1045,1,-4,fourth,4,-578,-7,-5,second,2,452,0,-6,third,3,-1081,-8,-6,zero,0,-1989,0,-7
1597660796127674059,first,1,1045,1,-4,fourth,4,-578,-7,-5,second,2,452,0,-6,third,3,-1081,-8,-6,zero,0,-1989,0,-7
1597660796239751241,first,1,1054,3,-10,fourth,4,-597,-9,-5,second,2,452,0,-5,third,3,-1100,-8,-6,zero,0,-1989,0,-4
1597660796351568387,first,1,1067,6,-2,fourth,4,-618,-10,-4,second,2,452,0,-6,third,3,-1124,-12,-5,zero,0,-1989,0,-6
1597660796463689882,first,1,1086,9,1,fourth,4,-640,-11,-4,second,2,452,0,-5,third,3,-1152,-14,-5,zero,0,-1989,0,-7
1597660796575590089,first,1,1110,12,-2,fourth,4,-663,-11,-5,second,2,452,0,-6,third,3,-1177,-13,-6,zero,0,-1989,0,-6
1597660796575642222,first,1,1110,12,-2,fourth,4,-663,-11,-5,second,2,452,0,-6,third,3,-1177,-13,-6,zero,0,-1989,0,-6
1597660796687627255,first,1,1140,16,0,fourth,4,-688,-12,-6,second,2,452,0,-5,third,3,-1203,-13,-4,zero,0,-1989,0,-5
1597660796799807661,first,1,1171,16,-10,fourth,4,-712,-12,-4,second,2,452,0,-5,third,3,-1229,-13,-5,zero,0,-1989,0,-5
1597660796911804376,first,1,1188,8,-4,fourth,4,-732,-11,-4,second,2,452,0,-6,third,3,-1253,-12,-6,zero,0,-1989,0,-6
1597660797023567404,first,1,1191,1,-5,fourth,4,-748,-8,-6,second,2,452,0,-7,third,3,-1268,-7,-5,zero,0,-1989,0,-3
1597660797135681829,first,1,1193,0,-5,fourth,4,-761,-7,-5,second,2,452,0,-6,third,3,-1280,-6,-7,zero,0,-1989,0,-7
1597660797247548416,first,1,1197,0,-1,fourth,4,-777,-7,-6,second,2,452,0,-5,third,3,-1294,-6,-5,zero,0,-1988,0,-6
1597660797359781974,first,1,1201,0,-6,fourth,4,-793,-8,-6,second,2,452,0,-6,third,3,-1310,-7,-5,zero,0,-1989,0,-6
1597660797471578516,first,1,1207,1,-9,fourth,4,-808,-8,-5,second,2,452,0,-5,third,3,-1328,-7,-6,zero,0,-1988,0,-7
1597660797471620913,first,1,1207,1,-9,fourth,4,-808,-8,-5,second,2,452,0,-5,third,3,-1328,-7,-6,zero,0,-1988,0,-7
1597660797583227164,first,1,1222,7,-6,fourth,4,-821,-7,-5,second,2,452,0,-5,third,3,-1342,-7,-4,zero,0,-1988,0,-5
1597660797695633695,first,1,1241,9,-6,fourth,4,-836,-7,-5,second,2,452,0,-6,third,3,-1352,-4,-4,zero,0,-1988,0,-8
1597660797807589579,first,1,1261,10,3,fourth,4,-857,-11,-4,second,2,452,0,-6,third,3,-1353,0,-4,zero,0,-1989,0,-6
1597660797919887114,first,1,1279,10,-9,fourth,4,-879,-10,-5,second,2,452,0,-6,third,3,-1354,0,-6,zero,0,-1988,0,-5
1597660798031696267,first,1,1296,9,-12,fourth,4,-887,-4,-6,second,2,452,0,-6,third,3,-1354,0,-5,zero,0,-1988,0,-5
1597660798143641696,first,1,1311,7,-8,fourth,4,-888,0,-6,second,2,452,0,-5,third,3,-1361,-2,-5,zero,0,-1988,0,-5
1597660798255530394,first,1,1315,1,-8,fourth,4,-893,-1,-4,second,2,452,0,-6,third,3,-1371,-4,-6,zero,0,-1989,0,-6
1597660798367516685,first,1,1319,1,-6,fourth,4,-907,-6,-5,second,2,452,0,-6,third,3,-1380,-4,-6,zero,0,-1988,0,-6
1597660798479252135,first,1,1321,0,-4,fourth,4,-922,-7,-6,second,2,452,0,-7,third,3,-1395,-7,-5,zero,0,-1988,0,-6
1597660798591657228,first,1,1324,0,-5,fourth,4,-941,-9,-5,second,2,452,0,-5,third,3,-1414,-9,-5,zero,0,-1988,0,-8
1597660798703442120,first,1,1328,0,-7,fourth,4,-960,-9,-5,second,2,452,0,-5,third,3,-1430,-8,-4,zero,0,-1988,0,-6
1597660798703505130,first,1,1328,0,-7,fourth,4,-960,-9,-5,second,2,452,0,-5,third,3,-1430,-8,-4,zero,0,-1988,0,-6
1597660798815601798,first,1,1332,0,1,fourth,4,-973,-7,-7,second,2,452,0,-5,third,3,-1442,-6,-7,zero,0,-1989,0,-6
1597660798927499669,first,1,1336,0,-7,fourth,4,-979,-2,-5,second,2,452,0,-5,third,3,-1445,-1,-7,zero,0,-1988,0,-5
1597660799039575115,first,1,1340,1,-3,fourth,4,-979,0,0,second,2,452,0,-5,third,3,-1445,0,-6,zero,0,-1988,0,-5
1597660799151460901,first,1,1351,5,-12,fourth,4,-980,0,-5,second,2,452,0,-5,third,3,-1445,0,-7,zero,0,-1988,0,-7
1597660799263496976,first,1,1367,7,-12,fourth,4,-979,0,-5,second,2,452,0,-5,third,3,-1445,0,-6,zero,0,-1988,0,-7
1597660799375310401,first,1,1387,9,-6,fourth,4,-979,0,-5,second,2,452,0,-5,third,3,-1445,0,-6,zero,0,-1988,0,-4
1597660799375379437,first,1,1387,9,-6,fourth,4,-979,0,-5,second,2,452,0,-5,third,3,-1445,0,-6,zero,0,-1988,0,-4
1597660799487692731,first,1,1404,9,-1,fourth,4,-979,0,-6,second,2,452,0,-2,third,3,-1444,0,-4,zero,0,-1986,0,-8
1597660799599436467,first,1,1413,4,-7,fourth,4,-979,0,-5,second,2,452,0,-5,third,3,-1445,0,-6,zero,0,-1978,3,-5
1597660799711564418,first,1,1417,1,-7,fourth,4,-979,0,-5,second,2,452,0,-6,third,3,-1445,0,-4,zero,0,-1957,12,-7
1597660799823361880,first,1,1423,2,-3,fourth,4,-979,0,-5,second,2,452,0,-6,third,3,-1445,0,-6,zero,0,-1925,17,-17
1597660799935434355,first,1,1448,13,-8,fourth,4,-979,0,-6,second,2,452,0,-5,third,3,-1445,0,-5,zero,0,-1888,19,1
1597660800047148900,first,1,1494,25,-3,fourth,4,-979,0,-5,second,2,452,0,-6,third,3,-1445,0,-7,zero,0,-1853,19,-22
1597660800159507320,first,1,1540,25,-10,fourth,4,-979,0,-5,second,2,452,0,-6,third,3,-1444,0,-6,zero,0,-1812,21,-10
1597660800271407761,first,1,1582,23,0,fourth,4,-979,0,-6,second,2,452,0,-5,third,3,-1444,0,-4,zero,0,-1770,22,-11
1597660800383171033,first,1,1621,21,1,fourth,4,-979,0,-4,second,2,452,0,-5,third,3,-1444,0,-5,zero,0,-1729,22,-10
1597660800495285400,first,1,1660,21,-14,fourth,4,-979,0,-5,second,2,452,0,-6,third,3,-1444,0,-4,zero,0,-1689,22,-10
1597660800607373485,first,1,1695,19,0,fourth,4,-979,0,-5,second,2,452,0,-5,third,3,-1444,0,-6,zero,0,-1649,22,-10
1597660800718758083,first,1,1729,18,-15,fourth,4,-979,0,-7,second,2,452,0,-5,third,3,-1444,0,-5,zero,0,-1610,21,0
1597660800831545053,first,1,1760,17,0,fourth,4,-979,0,-7,second,2,452,0,-5,third,3,-1444,0,-6,zero,0,-1572,21,-17
1597660800943324842,first,1,1775,7,-1,fourth,4,-979,0,-6,second,2,452,0,-6,third,3,-1444,0,-6,zero,0,-1536,19,-2
1597660801055299158,first,1,1778,1,-6,fourth,4,-979,0,-4,second,2,452,0,-5,third,3,-1444,0,-6,zero,0,-1507,14,-9
1597660801167307215,first,1,1782,1,-6,fourth,4,-979,0,-7,second,2,452,0,-5,third,3,-1444,0,-6,zero,0,-1496,2,-6
1597660801279177904,first,1,1784,1,-6,fourth,4,-979,0,-6,second,2,452,0,-4,third,3,-1444,0,-6,zero,0,-1493,1,-6
1597660801279250476,first,1,1784,1,-6,fourth,4,-979,0,-6,second,2,452,0,-4,third,3,-1444,0,-6,zero,0,-1493,1,-6
1597660801391312589,first,1,1785,0,-6,fourth,4,-979,0,-6,second,2,452,0,-5,third,3,-1444,0,-6,zero,0,-1490,1,-8
1597660801503224712,first,1,1786,0,-6,fourth,4,-979,0,-5,second,2,452,0,-5,third,3,-1444,0,-4,zero,0,-1485,1,-4
1597660801615901967,first,1,1786,0,-5,fourth,4,-979,0,-6,second,2,452,0,-6,third,3,-1444,0,-6,zero,0,-1482,1,-7
1597660801727473417,first,1,1785,0,-5,fourth,4,-979,0,-6,second,2,452,0,-7,third,3,-1444,0,-6,zero,0,-1478,1,-6
1597660801839458652,first,1,1786,0,-6,fourth,4,-979,0,-6,second,2,451,0,-5,third,3,-1444,0,-6,zero,0,-1474,1,-2
1597660801951316250,first,1,1785,0,-5,fourth,4,-979,0,-7,second,2,452,0,-6,third,3,-1444,0,-5,zero,0,-1471,1,-5
1597660802063364409,first,1,1785,0,-5,fourth,4,-978,0,-6,second,2,452,0,-4,third,3,-1444,0,-6,zero,0,-1470,0,-6
1597660802175289630,first,1,1786,0,-6,fourth,4,-978,0,-5,second,2,451,0,-6,third,3,-1444,0,-5,zero,0,-1470,0,-6
1597660802287238959,first,1,1785,0,-6,fourth,4,-979,0,-5,second,2,451,0,-6,third,3,-1444,0,-6,zero,0,-1470,0,-4
1597660802399176488,first,1,1786,0,-5,fourth,4,-978,0,-5,second,2,452,0,-4,third,3,-1444,0,-7,zero,0,-1470,0,-4
1597660802511311256,first,1,1785,0,-6,fourth,4,-979,0,-5,second,2,452,0,-6,third,3,-1444,0,-4,zero,0,-1470,0,-5
1597660802622758797,first,1,1785,0,-6,fourth,4,-979,0,-5,second,2,451,0,-6,third,3,-1444,0,-4,zero,0,-1470,0,-6
1597660802735318436,first,1,1786,0,-5,fourth,4,-979,0,-5,second,2,451,0,-4,third,3,-1444,0,-5,zero,0,-1470,0,-7
1597660802847240850,first,1,1785,0,-5,fourth,4,-978,0,-5,second,2,442,-6,-5,third,3,-1444,0,-6,zero,0,-1470,0,-5
1597660802959025158,first,1,1785,0,-5,fourth,4,-978,0,-6,second,2,405,-20,-6,third,3,-1444,0,-5,zero,0,-1470,0,-7
1597660802959078757,first,1,1785,0,-5,fourth,4,-978,0,-6,second,2,405,-20,-6,third,3,-1444,0,-5,zero,0,-1470,0,-7
1597660803071248312,first,1,1785,0,-5,fourth,4,-978,0,-6,second,2,354,-28,-5,third,3,-1444,0,-7,zero,0,-1470,0,-5
1597660803183325801,first,1,1785,0,-5,fourth,4,-978,0,-5,second,2,300,-30,-5,third,3,-1444,0,-5,zero,0,-1470,0,-4
1597660803295222027,first,1,1785,0,-6,fourth,4,-978,0,-5,second,2,248,-28,-5,third,3,-1443,0,-6,zero,0,-1470,0,-6
1597660803407272325,first,1,1785,0,-6,fourth,4,-978,0,-6,second,2,199,-27,-6,third,3,-1444,0,-6,zero,0,-1471,0,-6
1597660803519197579,first,1,1785,0,-6,fourth,4,-978,0,-5,second,2,160,-20,-6,third,3,-1444,0,-6,zero,0,-1470,0,-6
1597660803631418895,first,1,1785,0,-6,fourth,4,-978,0,-5,second,2,137,-12,-6,third,3,-1444,0,-5,zero,0,-1470,0,-6
1597660803743154117,first,1,1786,0,-5,fourth,4,-978,0,-5,second,2,120,-8,-5,third,3,-1444,0,-5,zero,0,-1470,0,-5
1597660803854996922,first,1,1786,0,-6,fourth,4,-978,0,-6,second,2,114,-2,-5,third,3,-1444,0,-4,zero,0,-1470,0,-6
1597660803967067104,first,1,1786,0,-6,fourth,4,-978,0,-6,second,2,113,0,-5,third,3,-1444,0,-6,zero,0,-1470,0,-9
1597660803967134113,first,1,1786,0,-6,fourth,4,-978,0,-6,second,2,113,0,-5,third,3,-1444,0,-6,zero,0,-1470,0,-9
1597660804079295346,first,1,1785,0,-5,fourth,4,-978,0,-7,second,2,114,0,-5,third,3,-1444,0,-5,zero,0,-1471,0,-5
1597660804190878230,first,1,1786,0,-6,fourth,4,-978,0,-5,second,2,113,0,-5,third,3,-1443,0,-5,zero,0,-1470,0,-7
1597660804303345870,first,1,1786,0,-5,fourth,4,-978,0,-6,second,2,113,0,-6,third,3,-1443,0,-4,zero,0,-1470,0,-4
1597660804414986799,first,1,1786,0,-6,fourth,4,-978,0,-6,second,2,113,0,-6,third,3,-1443,0,-6,zero,0,-1470,0,-8
1597660804527376614,first,1,1786,0,-6,fourth,4,-978,0,-6,second,2,113,0,-6,third,3,-1443,0,-4,zero,0,-1470,0,-6
1597660804639188702,first,1,1786,0,-5,fourth,4,-977,0,-6,second,2,113,0,-6,third,3,-1443,0,-5,zero,0,-1470,0,-6
1597660804751187397,first,1,1786,0,-5,fourth,4,-978,0,-6,second,2,113,0,-7,third,3,-1442,0,-6,zero,0,-1470,0,-4
1597660804863079826,first,1,1786,0,-5,fourth,4,-978,0,-5,second,2,113,0,-5,third,3,-1438,0,-4,zero,0,-1470,0,-4
1597660804975091873,first,1,1786,0,-5,fourth,4,-978,0,-4,second,2,113,0,-5,third,3,-1435,0,-5,zero,0,-1470,0,-5
1597660805087230518,first,1,1786,0,-5,fourth,4,-977,0,-5,second,2,113,0,-5,third,3,-1430,0,-5,zero,0,-1470,0,-5
1597660805198972773,first,1,1786,0,-6,fourth,4,-977,0,-5,second,2,113,0,-6,third,3,-1426,0,-5,zero,0,-1470,0,-6
1597660805310922714,first,1,1787,0,-4,fourth,4,-978,0,-6,second,2,113,0,-6,third,3,-1422,0,-8,zero,0,-1470,0,-5
1597660805423078494,first,1,1787,0,-5,fourth,4,-977,0,-5,second,2,113,0,-6,third,3,-1418,0,-6,zero,0,-1470,0,-5
1597660805423135052,first,1,1787,0,-5,fourth,4,-977,0,-5,second,2,113,0,-6,third,3,-1418,0,-6,zero,0,-1470,0,-5
1597660805535162552,first,1,1787,0,-6,fourth,4,-977,0,-6,second,2,113,0,-6,third,3,-1414,1,-7,zero,0,-1470,0,-4
1597660805647096009,first,1,1787,0,-5,fourth,4,-976,0,-7,second,2,113,0,-5,third,3,-1409,1,0,zero,0,-1470,0,-5
1597660805759144913,first,1,1787,0,-5,fourth,4,-972,0,-6,second,2,113,0,-5,third,3,-1397,5,-3,zero,0,-1470,0,-5
1597660805871129222,first,1,1788,0,-6,fourth,4,-968,0,-7,second,2,113,0,-5,third,3,-1381,7,-6,zero,0,-1470,0,-9
1597660805983051265,first,1,1788,0,-4,fourth,4,-962,1,-4,second,2,113,0,-5,third,3,-1365,7,-7,zero,0,-1470,0,-6
1597660806095220981,first,1,1788,0,-5,fourth,4,-948,7,-5,second,2,113,0,-6,third,3,-1357,3,-7,zero,0,-1470,0,-6
1597660806207119364,first,1,1788,0,-6,fourth,4,-935,7,-4,second,2,112,0,-6,third,3,-1352,2,-8,zero,0,-1470,0,-5
1597660806319055452,first,1,1788,0,-4,fourth,4,-925,5,-2,second,2,113,0,-5,third,3,-1345,3,-11,zero,0,-1470,0,-6
1597660806431030819,first,1,1788,0,-6,fourth,4,-921,2,-5,second,2,113,0,-6,third,3,-1326,9,-15,zero,0,-1470,0,-4
1597660806542542818,first,1,1788,0,-6,fourth,4,-916,1,-3,second,2,113,0,-6,third,3,-1301,11,-2,zero,0,-1470,0,-5
1597660806654812667,first,1,1788,0,-6,fourth,4,-906,4,-10,second,2,113,0,-5,third,3,-1273,14,-13,zero,0,-1469,0,-6
1597660806766895916,first,1,1789,0,-5,fourth,4,-878,15,-5,second,2,113,0,-5,third,3,-1248,13,-3,zero,0,-1465,1,-8
1597660806878838785,first,1,1789,0,-4,fourth,4,-842,19,1,second,2,113,0,-5,third,3,-1218,15,-10,zero,0,-1447,11,-9
1597660806990993096,first,1,1789,0,-4,fourth,4,-811,16,-14,second,2,112,0,-6,third,3,-1176,23,0,zero,0,-1404,24,-5
1597660807103060521,first,1,1791,0,1,fourth,4,-793,10,-2,second,2,112,0,-5,third,3,-1135,22,1,zero,0,-1357,25,2
1597660807103106302,first,1,1791,0,1,fourth,4,-793,10,-2,second,2,112,0,-5,third,3,-1135,22,1,zero,0,-1357,25,2
1597660807214954072,first,1,1796,0,-2,fourth,4,-778,8,-9,second,2,112,0,-6,third,3,-1098,20,-1,zero,0,-1316,22,0
1597660807326980528,first,1,1806,4,-1,fourth,4,-760,8,0,second,2,112,0,-6,third,3,-1069,16,1,zero,0,-1278,20,-16
1597660807439156406,first,1,1838,17,2,fourth,4,-741,10,-10,second,2,111,0,-7,third,3,-1050,9,-5,zero,0,-1244,19,1
1597660807551040971,first,1,1880,22,-18,fourth,4,-733,3,3,second,2,111,0,-5,third,3,-1033,9,-1,zero,0,-1206,19,-23
1597660807662981632,first,1,1920,22,-1,fourth,4,-730,0,-5,second,2,111,0,-6,third,3,-1016,8,-3,zero,0,-1165,21,-11
1597660807774953510,first,1,1956,20,3,fourth,4,-729,0,-5,second,2,111,0,-6,third,3,-1004,6,-8,zero,0,-1123,22,-23
1597660807886989724,first,1,1991,19,1,fourth,4,-727,0,-5,second,2,111,0,-5,third,3,-1000,2,0,zero,0,-1081,23,-22
1597660807998980700,first,1,2026,19,0,fourth,4,-727,0,-5,second,2,111,0,-5,third,3,-996,1,-5,zero,0,-1042,22,-8
1597660808111074377,first,1,2057,17,0,fourth,4,-727,0,-4,second,2,110,0,-4,third,3,-992,1,0,zero,0,-1002,22,0
1597660808222925311,first,1,2089,17,1,fourth,4,-727,0,-6,second,2,111,0,-5,third,3,-987,1,-7,zero,0,-963,21,0
1597660808334891642,first,1,2118,15,0,fourth,4,-727,0,-5,second,2,111,0,-5,third,3,-984,1,-4,zero,0,-927,20,-15
1597660808446918477,first,1,2136,9,-3,fourth,4,-727,0,-4,second,2,111,0,-5,third,3,-980,1,-8,zero,0,-896,17,-13
1597660808558967989,first,1,2148,6,-4,fourth,4,-727,0,-7,second,2,110,0,-5,third,3,-976,1,-7,zero,0,-870,13,-13
1597660808670844842,first,1,2156,4,-6,fourth,4,-727,0,-4,second,2,111,0,-6,third,3,-971,1,-7,zero,0,-858,5,-5
1597660808783017642,first,1,2160,2,-7,fourth,4,-727,0,-6,second,2,111,0,-6,third,3,-967,1,-7,zero,0,-854,2,-7
1597660808894875883,first,1,2165,1,-3,fourth,4,-727,0,-6,second,2,111,0,-5,third,3,-964,1,-7,zero,0,-849,2,-6
1597660809006900270,first,1,2169,1,-8,fourth,4,-727,0,-4,second,2,110,0,-4,third,3,-959,1,-8,zero,0,-844,2,-5
1597660809118902499,first,1,2173,1,-6,fourth,4,-727,0,-6,second,2,110,0,-6,third,3,-955,1,-8,zero,0,-840,2,-7
1597660809231055355,first,1,2178,1,-7,fourth,4,-727,0,-6,second,2,111,0,-6,third,3,-950,1,-6,zero,0,-836,2,-3
1597660809342836741,first,1,2182,1,-6,fourth,4,-727,0,-4,second,2,110,0,-3,third,3,-945,1,-1,zero,0,-831,1,-5
1597660809454946025,first,1,2186,1,-8,fourth,4,-727,0,-6,second,2,110,0,-5,third,3,-940,1,-5,zero,0,-826,1,-7
1597660809566384477,first,1,2191,1,-6,fourth,4,-727,0,-6,second,2,111,0,-7,third,3,-935,1,-8,zero,0,-819,1,0
1597660809678895652,first,1,2201,4,-3,fourth,4,-727,0,-6,second,2,111,0,-5,third,3,-930,1,-4,zero,0,-807,5,-6
1597660809790894426,first,1,2212,4,-10,fourth,4,-727,0,-5,second,2,111,0,-6,third,3,-921,4,-5,zero,0,-792,7,-5
1597660809902871822,first,1,2224,5,-10,fourth,4,-727,0,-5,second,2,111,0,-6,third,3,-907,7,-4,zero,0,-767,13,-15
1597660810015057540,first,1,2240,7,-10,fourth,4,-727,0,-5,second,2,111,0,-6,third,3,-894,7,-2,zero,0,-730,19,1
1597660810127023702,first,1,2262,11,-7,fourth,4,-727,0,-6,second,2,111,0,-7,third,3,-880,7,-5,zero,0,-692,20,3
1597660810238872720,first,1,2298,19,1,fourth,4,-727,0,-6,second,2,111,0,-5,third,3,-868,5,-3,zero,0,-653,20,-23
1597660810350872909,first,1,2334,19,-4,fourth,4,-727,0,-6,second,2,111,0,-6,third,3,-858,5,1,zero,0,-614,20,-10
1597660810462761858,first,1,2370,19,2,fourth,4,-727,0,-6,second,2,111,0,-6,third,3,-851,2,-1,zero,0,-573,22,-3
1597660810574689363,first,1,2403,18,1,fourth,4,-727,0,-6,second,2,111,0,-5,third,3,-847,2,-8,zero,0,-534,21,1
1597660810686639442,first,1,2429,13,-8,fourth,4,-727,0,-6,second,2,112,0,-5,third,3,-843,2,4,zero,0,-494,21,1
1597660810686751023,first,1,2429,13,-8,fourth,4,-727,0,-6,second,2,112,0,-5,third,3,-843,2,4,zero,0,-494,21,1
1597660810798864349,first,1,2443,7,-4,fourth,4,-727,0,-6,second,2,112,0,-6,third,3,-838,2,-8,zero,0,-458,19,2
1597660810910819362,first,1,2450,2,-2,fourth,4,-727,0,-6,second,2,111,0,-6,third,3,-829,4,-11,zero,0,-426,17,-16
1597660811022921015,first,1,2453,1,-6,fourth,4,-727,0,-6,second,2,112,0,-5,third,3,-821,3,-3,zero,0,-406,10,-10
1597660811134841410,first,1,2457,1,-7,fourth,4,-722,0,-7,second,2,112,0,-6,third,3,-813,3,-6,zero,0,-400,2,-6
1597660811246800175,first,1,2461,1,-6,fourth,4,-718,1,-3,second,2,112,0,-5,third,3,-796,8,-2,zero,0,-396,1,-8
1597660811358799295,first,1,2466,1,-5,fourth,4,-707,4,0,second,2,112,0,-6,third,3,-775,10,0,zero,0,-392,1,-7
1597660811470626664,first,1,2469,1,-5,fourth,4,-684,11,1,second,2,112,0,-5,third,3,-747,13,-1,zero,0,-386,2,-7
1597660811470735289,first,1,2469,1,-5,fourth,4,-684,11,1,second,2,112,0,-5,third,3,-747,13,-1,zero,0,-386,2,-7
1597660811582787778,first,1,2470,0,-5,fourth,4,-652,16,0,second,2,112,0,-6,third,3,-710,20,-6,zero,0,-372,6,-4
1597660811695159691,first,1,2470,0,-6,fourth,4,-624,14,0,second,2,113,0,-7,third,3,-672,20,2,zero,0,-355,8,-2
1597660811806833535,first,1,2470,0,-6,fourth,4,-611,6,-3,second,2,115,0,-8,third,3,-637,19,0,zero,0,-331,12,-2
1597660811918827212,first,1,2470,0,-6,fourth,4,-604,3,-10,second,2,118,0,-6,third,3,-615,11,-4,zero,0,-302,15,-6
1597660812030629646,first,1,2471,0,-4,fourth,4,-595,3,-4,second,2,122,0,-8,third,3,-608,2,-5,zero,0,-279,11,1
1597660812142677212,first,1,2474,0,-6,fourth,4,-591,1,-6,second,2,126,0,-5,third,3,-604,2,-3,zero,0,-268,4,-4
1597660812142782453,first,1,2474,0,-6,fourth,4,-591,1,-6,second,2,126,0,-5,third,3,-604,2,-3,zero,0,-268,4,-4
1597660812254785344,first,1,2479,0,-7,fourth,4,-588,1,-3,second,2,129,0,-8,third,3,-600,2,-6,zero,0,-264,1,-7
1597660812366855700,first,1,2483,0,-2,fourth,4,-584,1,1,second,2,133,0,-5,third,3,-595,1,0,zero,0,-260,1,-7
1597660812478710770,first,1,2487,0,-7,fourth,4,-580,1,-7,second,2,136,0,-4,third,3,-583,5,0,zero,0,-255,1,-7
1597660812590716363,first,1,2492,1,-5,fourth,4,-575,1,-8,second,2,139,0,-7,third,3,-564,9,-6,zero,0,-248,2,-7
1597660812702489318,first,1,2499,2,-7,fourth,4,-565,4,-4,second,2,143,0,-4,third,3,-542,10,-10,zero,0,-238,4,-7
1597660812814689107,first,1,2502,2,-3,fourth,4,-555,4,-9,second,2,147,1,-8,third,3,-522,10,-5,zero,0,-225,5,-10
1597660812926786173,first,1,2506,1,-7,fourth,4,-545,4,-3,second,2,159,6,-2,third,3,-505,9,-12,zero,0,-210,6,-1
1597660813038711999,first,1,2510,1,-8,fourth,4,-533,5,-5,second,2,188,16,1,third,3,-488,8,1,zero,0,-196,6,-8
1597660813150756244,first,1,2515,1,-8,fourth,4,-522,5,-4,second,2,226,20,-8,third,3,-470,9,-9,zero,0,-181,7,-10
1597660813262589846,first,1,2522,2,-10,fourth,4,-507,6,-1,second,2,267,21,-19,third,3,-453,9,-2,zero,0,-166,7,-12
1597660813374551035,first,1,2536,6,-2,fourth,4,-490,7,-2,second,2,304,20,2,third,3,-431,10,-12,zero,0,-150,7,-1
1597660813486672139,first,1,2553,8,-1,fourth,4,-470,10,0,second,2,341,20,1,third,3,-401,16,1,zero,0,-128,11,-13
1597660813598620802,first,1,2567,7,-4,fourth,4,-450,10,-9,second,2,378,20,1,third,3,-363,20,-9,zero,0,-103,13,-3
1597660813710640347,first,1,2578,5,-1,fourth,4,-429,10,0,second,2,412,19,0,third,3,-330,18,-8,zero,0,-70,17,-1
1597660813822565946,first,1,2591,5,-10,fourth,4,-410,10,-12,second,2,448,19,1,third,3,-297,17,-5,zero,0,-32,20,1
1597660813934700512,first,1,2611,10,-7,fourth,4,-389,10,-5,second,2,481,18,1,third,3,-266,17,1,zero,0,1,18,-18
1597660814046486066,first,1,2644,17,1,fourth,4,-373,9,0,second,2,513,17,2,third,3,-239,14,-2,zero,0,34,18,0
1597660814046537511,first,1,2644,17,1,fourth,4,-373,9,0,second,2,513,17,2,third,3,-239,14,-2,zero,0,34,18,0
1597660814158666827,first,1,2680,18,-15,fourth,4,-366,2,-6,second,2,545,17,-2,third,3,-213,14,-1,zero,0,72,20,-2
1597660814270614040,first,1,2712,18,-20,fourth,4,-362,2,-3,second,2,573,15,0,third,3,-192,11,1,zero,0,115,22,-10
1597660814382744818,first,1,2739,14,-2,fourth,4,-353,3,-1,second,2,599,12,-2,third,3,-179,6,-4,zero,0,157,23,-21
1597660814494745003,first,1,2754,7,-4,fourth,4,-340,6,-4,second,2,613,7,-1,third,3,-165,6,-2,zero,0,198,23,-2
1597660814606670153,first,1,2760,2,-7,fourth,4,-330,5,0,second,2,621,3,-7,third,3,-146,10,-3,zero,0,238,21,-15
1597660814718636846,first,1,2765,2,-4,fourth,4,-315,6,-2,second,2,624,1,-5,third,3,-113,16,2,zero,0,269,16,-15
1597660814830583610,first,1,2778,6,-11,fourth,4,-297,8,-11,second,2,627,1,-6,third,3,-79,18,1,zero,0,289,9,-10
1597660814942618788,first,1,2791,6,-5,fourth,4,-280,8,-7,second,2,631,1,-5,third,3,-55,13,-8,zero,0,296,3,-7
1597660815054463894,first,1,2801,5,-6,fourth,4,-270,4,0,second,2,634,1,-5,third,3,-44,4,-4,zero,0,304,2,-3
1597660815166427977,first,1,2805,2,-6,fourth,4,-267,1,-7,second,2,638,1,-3,third,3,-39,2,-7,zero,0,316,5,-4
1597660815278493684,first,1,2809,1,-6,fourth,4,-263,1,-6,second,2,642,1,-4,third,3,-34,2,-7,zero,0,326,4,-4
1597660815278565374,first,1,2809,1,-6,fourth,4,-263,1,-6,second,2,642,1,-4,third,3,-34,2,-7,zero,0,326,4,-4
1597660815390511617,first,1,2812,1,-3,fourth,4,-260,1,-6,second,2,645,1,-7,third,3,-23,4,-4,zero,0,338,5,-4
1597660815502545772,first,1,2815,1,-3,fourth,4,-256,1,-6,second,2,648,1,-7,third,3,-12,5,-7,zero,0,351,6,-4
1597660815614600862,first,1,2819,1,0,fourth,4,-252,1,-3,second,2,652,1,-5,third,3,5,8,-3,zero,0,366,7,-7
1597660815726467919,first,1,2823,1,-2,fourth,4,-245,2,-2,second,2,656,1,-5,third,3,23,8,-5,zero,0,381,7,0
1597660815838557599,first,1,2826,1,-4,fourth,4,-235,4,-9,second,2,661,1,-2,third,3,38,8,-8,zero,0,398,8,-9
1597660815950637017,first,1,2831,1,-7,fourth,4,-227,4,0,second,2,672,5,-11,third,3,54,8,-7,zero,0,409,5,-7
1597660816062584509,first,1,2834,1,-6,fourth,4,-217,4,-9,second,2,702,17,1,third,3,69,7,-11,zero,0,418,4,-6
1597660816174593837,first,1,2838,1,0,fourth,4,-206,4,-4,second,2,744,22,-7,third,3,81,6,-6,zero,0,424,2,-7
1597660816286561556,first,1,2842,1,-4,fourth,4,-201,1,-8,second,2,787,22,-13,third,3,94,6,1,zero,0,429,2,-7
1597660816398445064,first,1,2845,1,-2,fourth,4,-196,1,-9,second,2,826,21,2,third,3,111,8,-9,zero,0,435,2,-4
1597660816510490669,first,1,2849,1,-8,fourth,4,-183,6,-6,second,2,863,20,1,third,3,132,10,-3,zero,0,442,2,-10
1597660816622520650,first,1,2853,1,-7,fourth,4,-162,10,0,second,2,898,19,1,third,3,156,12,-1,zero,0,455,5,-4
1597660816734736033,first,1,2857,1,-5,fourth,4,-140,11,-6,second,2,932,18,2,third,3,183,14,-15,zero,0,471,7,-11
1597660816846415588,first,1,2860,1,-7,fourth,4,-123,9,-12,second,2,967,18,-5,third,3,211,14,-1,zero,0,489,8,-8
1597660816958460744,first,1,2864,1,-7,fourth,4,-109,6,-8,second,2,1002,18,-15,third,3,247,19,-10,zero,0,504,8,-10
1597660817070540248,first,1,2867,1,-2,fourth,4,-95,6,-9,second,2,1035,18,-15,third,3,282,19,-15,zero,0,511,3,-1
1597660817182476672,first,1,2870,1,-7,fourth,4,-78,8,-5,second,2,1068,18,-20,third,3,310,15,0,zero,0,518,2,-9
1597660817294455145,first,1,2873,1,-6,fourth,4,-55,11,-2,second,2,1099,17,-7,third,3,331,11,-8,zero,0,524,2,-5
1597660817406480345,first,1,2876,1,-6,fourth,4,-38,8,-1,second,2,1129,16,-2,third,3,347,8,-1,zero,0,530,2,3
1597660817518553413,first,1,2880,1,-5,fourth,4,-33,1,-4,second,2,1157,15,-3,third,3,360,6,-6,zero,0,536,2,-5
1597660817630429071,first,1,2883,1,-6,fourth,4,-29,1,-7,second,2,1173,8,-9,third,3,364,1,4,zero,0,541,2,-4
1597660817743036549,first,1,2886,1,-5,fourth,4,-25,1,-5,second,2,1177,0,-5,third,3,369,1,-6,zero,0,549,2,-2
1597660817854403745,first,1,2889,1,-4,fourth,4,-23,1,-6,second,2,1180,0,-3,third,3,372,1,-7,zero,0,556,2,-7
1597660817966364774,first,1,2892,1,-4,fourth,4,-21,0,-6,second,2,1182,0,-5,third,3,376,1,-6,zero,0,561,2,-6
1597660818078244782,first,1,2896,1,-6,fourth,4,-21,0,-6,second,2,1184,0,-6,third,3,378,1,-5,zero,0,566,2,-4
1597660818190159317,first,1,2899,1,-7,fourth,4,-21,0,-4,second,2,1187,0,-6,third,3,378,0,-5,zero,0,571,2,-3
1597660818302237848,first,1,2903,1,0,fourth,4,-21,0,-6,second,2,1189,0,-5,third,3,378,0,-7,zero,0,576,2,-8
1597660818414221103,first,1,2906,1,-6,fourth,4,-21,0,-6,second,2,1191,0,-6,third,3,378,0,-4,zero,0,581,1,-6
1597660818526239064,first,1,2908,0,-6,fourth,4,-20,0,-5,second,2,1193,0,-6,third,3,378,0,-4,zero,0,584,1,-6
1597660818638298997,first,1,2910,0,-5,fourth,4,-20,0,-6,second,2,1196,0,-6,third,3,378,0,-4,zero,0,587,1,-4
1597660818750301673,first,1,2912,0,-4,fourth,4,-20,0,-6,second,2,1196,0,-5,third,3,378,0,-6,zero,0,589,0,-6
1597660818750353146,first,1,2912,0,-4,fourth,4,-20,0,-6,second,2,1196,0,-5,third,3,378,0,-6,zero,0,589,0,-6
1597660818862313812,first,1,2914,0,-6,fourth,4,-20,0,-5,second,2,1196,0,-6,third,3,378,0,-5,zero,0,589,0,-4
1597660818974338989,first,1,2917,0,-5,fourth,4,-20,0,-5,second,2,1196,0,-6,third,3,378,0,-4,zero,0,589,0,-5
1597660819086241415,first,1,2919,0,-5,fourth,4,-20,0,-6,second,2,1196,0,-6,third,3,378,0,-5,zero,0,589,0,-5
1597660819198413135,first,1,2919,0,-6,fourth,4,-20,0,-6,second,2,1196,0,-5,third,3,378,0,-5,zero,0,589,0,-7
1597660819310246192,first,1,2919,0,-6,fourth,4,-20,0,-6,second,2,1196,0,-6,third,3,378,0,-5,zero,0,589,0,-6
1597660819422400493,first,1,2919,0,-5,fourth,4,-19,0,-6,second,2,1197,0,-6,third,3,378,0,-7,zero,0,589,0,-6
1597660819534347899,first,1,2920,0,-5,fourth,4,-20,0,-5,second,2,1197,0,-6,third,3,378,0,-6,zero,0,589,0,-5
1597660819646315044,first,1,2919,0,-5,fourth,4,-20,0,-5,second,2,1197,0,-6,third,3,378,0,-6,zero,0,589,0,-6
1597660819758415381,first,1,2920,0,-6,fourth,4,-20,0,-6,second,2,1197,0,-6,third,3,378,0,-6,zero,0,589,0,-4
1597660819870355337,first,1,2920,0,-6,fourth,4,-19,0,-5,second,2,1197,0,-6,third,3,378,0,-6,zero,0,589,0,-8
1597660819982332432,first,1,2920,0,-5,fourth,4,-19,0,-6,second,2,1197,0,-5,third,3,378,0,-5,zero,0,589,0,-6
1597660820094412573,first,1,2920,0,-4,fourth,4,-19,0,-5,second,2,1197,0,-6,third,3,378,0,-7,zero,0,589,0,-4
1597660820206686191,first,1,2920,0,-5,fourth,4,-20,0,-5,second,2,1197,0,-7,third,3,378,0,-6,zero,0,589,0,-6
1597660820318459350,first,1,2920,0,-6,fourth,4,-20,0,-5,second,2,1197,0,-5,third,3,378,0,-7,zero,0,589,0,-6
1597660820430322312,first,1,2921,0,-5,fourth,4,-19,0,-6,second,2,1197,0,-6,third,3,378,0,-5,zero,0,589,0,-4
1597660820542379359,first,1,2921,0,-6,fourth,4,-19,0,-6,second,2,1197,0,-6,third,3,378,0,-5,zero,0,588,0,-5
1597660820654396413,first,1,2921,0,-6,fourth,4,-19,0,-5,second,2,1197,0,-5,third,3,378,0,-5,zero,0,589,0,-5
1597660820766234968,first,1,2921,0,-5,fourth,4,-19,0,-6,second,2,1197,0,-5,third,3,378,0,-5,zero,0,589,0,-6
1597660820766357968,first,1,2921,0,-5,fourth,4,-19,0,-6,second,2,1197,0,-5,third,3,378,0,-5,zero,0,589,0,-6
1597660820878259524,first,1,2921,0,-6,fourth,4,-20,0,-5,second,2,1197,0,-6,third,3,378,0,-5,zero,0,589,0,-6
1597660820990143901,first,1,2921,0,-6,fourth,4,-19,0,-5,second,2,1197,0,-6,third,3,378,0,-4,zero,0,588,0,-6
1597660821102277776,first,1,2921,0,-5,fourth,4,-19,0,-6,second,2,1197,0,-6,third,3,378,0,-6,zero,0,589,0,-4
1597660821214472512,first,1,2921,0,-5,fourth,4,-20,0,-5,second,2,1197,0,-7,third,3,378,0,-7,zero,0,588,0,-6
1597660821326195027,first,1,2921,0,-6,fourth,4,-19,0,-6,second,2,1197,0,-5,third,3,378,0,-5,zero,0,588,0,-5
1597660821438247661,first,1,2921,0,-6,fourth,4,-19,0,-5,second,2,1198,0,-5,third,3,378,0,-6,zero,0,588,0,-7
1597660821549842846,first,1,2922,0,-6,fourth,4,-19,0,-5,second,2,1197,0,-7,third,3,378,0,-7,zero,0,588,0,-8
1597660821661534349,first,1,2922,0,-5,fourth,4,-19,0,-5,second,2,1197,0,-5,third,3,378,0,-7,zero,0,589,0,-5
1597660821773499676,first,1,2922,0,-6,fourth,4,-19,0,-5,second,2,1197,0,-5,third,3,378,0,-5,zero,0,588,0,-6
1597660821885705152,first,1,2922,0,-6,fourth,4,-19,0,-6,second,2,1197,0,-5,third,3,378,0,-6,zero,0,588,0,-7
1597660821997682062,first,1,2922,0,-5,fourth,4,-20,0,-5,second,2,1198,0,-5,third,3,378,0,-5,zero,0,588,0,-5
1597660822190242212,first,1,2947,13,-2,fourth,4,1,10,-3,second,2,1210,7,-3,third,3,378,0,-2,zero,0,594,3,0
1597660822302086650,first,1,2991,24,-2,fourth,4,34,17,-3,second,2,1246,22,-3,third,3,383,1,-2,zero,0,627,20,0
1597660822414088099,first,1,3041,27,-2,fourth,4,60,14,-2,second,2,1302,32,-3,third,3,401,9,-2,zero,0,687,35,0
1597660822526025117,first,1,3092,27,-2,fourth,4,76,8,-2,second,2,1371,39,-3,third,3,435,18,-2,zero,0,765,43,0
1597660822637455573,first,1,3144,28,-2,fourth,4,89,6,-2,second,2,1447,42,-3,third,3,474,20,-2,zero,0,849,46,0
1597660822749474019,first,1,3200,30,-2,fourth,4,104,6,-2,second,2,1526,43,-3,third,3,514,21,-1,zero,0,930,46,0
1597660822749499172,first,1,3200,30,-2,fourth,4,104,6,-2,second,2,1526,43,-3,third,3,514,21,-1,zero,0,930,46,0
1597660822861474542,first,1,3254,30,-2,fourth,4,125,10,-2,second,2,1600,42,-3,third,3,549,19,-1,zero,0,1007,42,0
1597660822974273282,first,1,3305,28,-2,fourth,4,147,11,-2,second,2,1667,37,-3,third,3,582,18,-1,zero,0,1076,38,0
1597660823086089252,first,1,3351,25,-2,fourth,4,166,10,-2,second,2,1725,32,-3,third,3,620,19,-1,zero,0,1137,35,0
1597660823198372773,first,1,3389,21,-2,fourth,4,181,8,-2,second,2,1777,28,-3,third,3,657,20,-1,zero,0,1194,31,0
1597660823310138005,first,1,3421,17,-2,fourth,4,196,7,-2,second,2,1820,24,-3,third,3,689,18,-1,zero,0,1246,28,0
1597660823422266332,first,1,3448,14,-2,fourth,4,211,7,-2,second,2,1859,21,-3,third,3,719,16,-1,zero,0,1291,25,0
1597660823533977789,first,1,3470,11,-2,fourth,4,228,7,-2,second,2,1894,18,-3,third,3,746,14,-1,zero,0,1332,21,0
1597660823646089234,first,1,3487,9,-2,fourth,4,243,7,-2,second,2,1925,17,-3,third,3,772,14,-1,zero,0,1366,18,0
1597660823758101598,first,1,3500,7,-2,fourth,4,257,7,-2,second,2,1954,16,-3,third,3,799,14,-1,zero,0,1395,16,0
1597660823869964092,first,1,3512,6,-2,fourth,4,270,6,-2,second,2,1982,15,-3,third,3,828,14,-1,zero,0,1422,14,0
1597660823982130677,first,1,3521,4,-2,fourth,4,283,6,-2,second,2,2010,15,-3,third,3,858,15,-1,zero,0,1447,13,0
1597660824094064483,first,1,3528,3,-2,fourth,4,299,7,-2,second,2,2040,15,-3,third,3,888,16,-1,zero,0,1471,13,0
1597660824206011979,first,1,3533,2,-2,fourth,4,315,7,-2,second,2,2072,16,-3,third,3,919,16,-1,zero,0,1494,12,0
1597660824318183429,first,1,3535,0,-2,fourth,4,329,7,-2,second,2,2108,18,-3,third,3,950,16,-1,zero,0,1517,11,0
1597660824430089915,first,1,3535,0,-2,fourth,4,342,7,-2,second,2,2145,20,-3,third,3,979,15,0,zero,0,1535,9,0
1597660824541944936,first,1,3535,0,-2,fourth,4,355,6,-2,second,2,2183,20,-3,third,3,1002,12,0,zero,0,1548,6,0
1597660824654076856,first,1,3535,0,-2,fourth,4,366,6,-2,second,2,2220,19,-3,third,3,1019,9,0,zero,0,1555,3,0
1597660824765960643,first,1,3535,0,-2,fourth,4,378,6,-2,second,2,2251,17,-3,third,3,1033,7,0,zero,0,1557,0,0
1597660824878027071,first,1,3535,0,-2,fourth,4,391,6,-2,second,2,2278,14,-3,third,3,1047,7,0,zero,0,1557,0,0
1597660824989847233,first,1,3535,0,-2,fourth,4,404,6,-2,second,2,2299,11,-3,third,3,1057,5,0,zero,0,1557,0,0
1597660825101884057,first,1,3535,0,-2,fourth,4,414,5,-2,second,2,2316,8,-3,third,3,1068,5,0,zero,0,1557,0,0
1597660825213971268,first,1,3535,0,-2,fourth,4,421,3,-2,second,2,2330,6,-3,third,3,1077,5,0,zero,0,1557,0,0
1597660825325978692,first,1,3535,0,-2,fourth,4,424,1,-2,second,2,2338,3,-3,third,3,1085,3,0,zero,0,1557,0,0
1597660825438027994,first,1,3535,0,-2,fourth,4,424,0,-2,second,2,2341,1,-3,third,3,1092,3,0,zero,0,1557,0,0
1597660825550332584,first,1,3535,0,-2,fourth,4,424,0,-2,second,2,2341,0,-3,third,3,1102,4,0,zero,0,1557,0,0
1597660825661938971,first,1,3535,0,-2,fourth,4,424,0,-2,second,2,2342,0,-3,third,3,1115,6,0,zero,0,1557,0,0
1597660825773841455,first,1,3535,0,-2,fourth,4,427,0,-2,second,2,2341,0,-3,third,3,1129,7,0,zero,0,1557,0,0
1597660825885805518,first,1,3535,0,-2,fourth,4,434,2,-2,second,2,2341,0,-3,third,3,1146,8,0,zero,0,1557,0,0
1597660825998221265,first,1,3535,0,-2,fourth,4,446,5,-2,second,2,2342,0,-3,third,3,1167,9,0,zero,0,1557,0,0
1597660826109737330,first,1,3535,0,-2,fourth,4,464,8,-2,second,2,2341,0,-3,third,3,1188,10,0,zero,0,1557,0,0
1597660826221910110,first,1,3535,0,-2,fourth,4,481,8,-2,second,2,2341,0,-3,third,3,1214,13,0,zero,0,1557,0,0
1597660826333709045,first,1,3535,0,-2,fourth,4,495,7,-2,second,2,2341,0,-3,third,3,1245,16,0,zero,0,1557,0,0
1597660826333755132,first,1,3535,0,-2,fourth,4,495,7,-2,second,2,2341,0,-3,third,3,1245,16,0,zero,0,1557,0,0
1597660826445826306,first,1,3535,0,-2,fourth,4,510,7,-2,second,2,2341,0,-3,third,3,1273,15,0,zero,0,1557,0,0
1597660826557917865,first,1,3535,0,-2,fourth,4,526,7,-2,second,2,2341,0,-3,third,3,1298,13,0,zero,0,1557,0,0
1597660826669842524,first,1,3535,0,-2,fourth,4,542,7,-2,second,2,2341,0,-3,third,3,1320,12,0,zero,0,1557,0,0
1597660826781784494,first,1,3535,0,-2,fourth,4,556,7,-2,second,2,2341,0,-3,third,3,1340,11,0,zero,0,1557,0,0
1597660826894054260,first,1,3535,0,-2,fourth,4,568,6,-2,second,2,2341,0,-3,third,3,1357,8,0,zero,0,1557,0,0
1597660827006478249,first,1,3535,0,-2,fourth,4,577,4,-2,second,2,2341,0,-3,third,3,1369,6,0,zero,0,1557,0,0
1597660827117923908,first,1,3535,0,-2,fourth,4,583,2,-2,second,2,2342,0,-3,third,3,1377,4,0,zero,0,1557,0,0
1597660827229817392,first,1,3535,0,-2,fourth,4,585,0,-2,second,2,2341,0,-3,third,3,1381,1,0,zero,0,1557,0,0
1597660827341850412,first,1,3535,0,-2,fourth,4,585,0,-2,second,2,2342,0,-3,third,3,1382,0,0,zero,0,1557,0,0
1597660827453712446,first,1,3535,0,-2,fourth,4,585,0,-2,second,2,2342,0,-3,third,3,1382,0,0,zero,0,1557,0,0
1597660827565380691,first,1,3535,0,-2,fourth,4,585,0,-2,second,2,2341,0,-3,third,3,1382,0,0,zero,0,1557,0,0
1597660827677865240,first,1,3535,0,-2,fourth,4,585,0,-2,second,2,2342,0,-3,third,3,1382,0,0,zero,0,1557,0,0
1597660827789556426,first,1,3535,0,-2,fourth,4,585,0,-2,second,2,2341,0,-3,third,3,1382,0,0,zero,0,1557,0,0
1597660827901523352,first,1,3535,0,-2,fourth,4,585,0,-2,second,2,2342,0,-3,third,3,1382,0,0,zero,0,1557,0,0
1597660828013503264,first,1,3535,0,-2,fourth,4,585,0,-2,second,2,2342,0,-3,third,3,1382,0,0,zero,0,1557,0,0
1597660828125838876,first,1,3535,0,-2,fourth,4,585,0,-2,second,2,2342,0,-3,third,3,1382,0,0,zero,0,1557,0,0
1597660828237857510,first,1,3535,0,-2,fourth,4,585,0,-2,second,2,2342,0,-3,third,3,1382,0,0,zero,0,1557,0,0
1597660828349083416,first,1,3535,0,-2,fourth,4,585,0,-2,second,2,2341,0,-3,third,3,1382,0,0,zero,0,1557,0,0
1597660828461975263,first,1,3535,0,-2,fourth,4,585,0,-2,second,2,2341,0,-3,third,3,1382,0,0,zero,0,1557,0,0
1597660828573809871,first,1,3535,0,-2,fourth,4,585,0,-2,second,2,2342,0,-3,third,3,1386,0,0,zero,0,1557,0,0
1597660828685854258,first,1,3535,0,-2,fourth,4,585,0,-2,second,2,2342,0,-3,third,3,1392,1,0,zero,0,1557,0,0
1597660828797734136,first,1,3535,0,-2,fourth,4,585,0,-2,second,2,2341,0,-3,third,3,1398,2,0,zero,0,1557,0,0
1597660828909673948,first,1,3535,0,-2,fourth,4,585,0,-2,second,2,2342,0,-3,third,3,1401,1,0,zero,0,1557,0,0
1597660829021738158,first,1,3535,0,-2,fourth,4,585,0,-2,second,2,2342,0,-3,third,3,1401,0,0,zero,0,1557,0,0
1597660829133679867,first,1,3535,0,-2,fourth,4,585,0,-2,second,2,2342,0,-3,third,3,1401,0,0,zero,0,1557,0,0
1597660829245675866,first,1,3535,0,-2,fourth,4,585,0,-2,second,2,2341,0,-3,third,3,1401,0,0,zero,0,1557,0,0
1597660829357880197,first,1,3535,0,-2,fourth,4,585,0,-2,second,2,2342,0,-3,third,3,1401,0,0,zero,0,1557,0,0
1597660829469648044,first,1,3535,0,-2,fourth,4,585,0,-2,second,2,2341,0,-3,third,3,1401,0,0,zero,0,1557,0,0
