1598775560236672340,1,4,2,3,0,0,0,0,0,0
1598775560348634298,1,4,2,3,0,0,0,0,0,0
1598775560460866469,1,4,2,3,0,0,0,0,0,0
1598775560573932875,1,4,2,3,0,0,0,0,0,0
1598775560684926151,1,4,2,3,0,0,0,0,0,0
1598775560796850554,1,4,2,3,0,0,0,0,0,0
1598775560908884949,1,4,2,3,0,0,0,0,0,0
1598775561020654114,1,4,2,3,0,0,0,0,0,0
1598775561020946852,1,4,2,3,0,0,0,0,0,0
1598775561133355906,1,4,2,3,0,0,0,0,0,0
1598775561245162910,1,4,2,3,0,0,0,0,0,0
1598775561357113111,1,4,2,3,0,0,0,0,0,0
1598775561469270554,1,4,2,3,0,0,0,0,0,0
1598775561581664260,1,4,2,3,0,0,0,0,0,0
1598775561693309306,1,4,2,3,0,0,0,0,0,0
1598775561804411615,1,4,2,3,0,0,0,0,0,0
1598775561916312653,1,4,2,3,0,0,0,0,0,0
1598775562028278763,1,4,2,3,0,0,0,0,0,0
1598775562140409182,1,4,2,3,0,0,0,0,0,0
1598775562252336561,1,4,2,3,0,0,0,0,0,0
1598775562364294433,1,4,2,3,0,0,0,0,0,0
1598775562476221503,1,4,2,3,0,0,0,0,0,0
1598775562588309549,1,4,2,3,0,0,0,0,0,0
1598775562700365310,1,4,2,3,0,0,0,0,0,0
1598775562812211018,1,4,2,3,0,0,0,0,0,0
1598775562924260764,1,4,2,3,0,0,0,0,0,0
1598775563036285576,1,4,2,3,0,0,0,0,0,0
1598775563149310153,1,4,2,3,0,0,0,0,0,0
1598775563260442817,1,4,2,3,0,0,0,0,0,0
1598775563373205263,1,4,2,3,0,0,0,0,0,0
1598775563484631418,1,4,2,3,0,0,0,0,0,0
1598775563596908941,1,4,2,3,0,0,0,0,0,0
1598775563708856389,1,4,2,3,0,0,0,0,0,0
1598775563820815743,1,4,2,3,0,0,0,0,0,0
1598775563933111138,1,4,2,3,0,0,0,0,0,0
1598775564044847849,1,4,2,3,0,0,0,0,0,0
1598775564156737972,1,4,2,3,0,0,0,0,0,0
1598775564348884467,1,4,2,3,0,0,0,0,0,0
1598775564460812737,1,4,2,3,0,0,0,0,0,0
1598775564460897070,1,4,2,3,0,0,0,0,0,0
1598775564572939925,1,4,2,3,0,0,0,0,0,0
1598775564684865896,1,4,2,3,0,0,0,0,0,0
1598775564797141712,1,4,2,3,0,-60,-4,-1,-32,-40
1598775564909218835,1,4,2,3,0,-148,-18,-15,-80,-117
1598775565020929240,1,4,2,3,0,-148,-18,-15,-80,-117
1598775565132925583,1,4,2,3,0,-172,-42,-48,-98,-177
1598775565244774863,1,4,2,3,0,-183,-67,-89,-107,-241
1598775565356870176,1,4,2,3,0,-183,-67,-89,-107,-241
1598775565469046369,1,4,2,3,0,-213,-85,-123,-118,-309
1598775565580820828,1,4,2,3,0,-253,-98,-155,-126,-382
1598775565692814509,1,4,2,3,0,-253,-98,-155,-126,-382
1598775565804892399,1,4,2,3,0,-298,-107,-185,-132,-458
1598775565916887200,1,4,2,3,0,-351,-113,-213,-138,-539
1598775566029105155,1,4,2,3,0,-351,-113,-213,-138,-539
1598775566140842993,1,4,2,3,0,-408,-116,-241,-143,-621
1598775566252903479,1,4,2,3,0,-472,-117,-268,-147,-707
1598775566365161827,1,4,2,3,0,-472,-117,-268,-147,-707
1598775566476676250,1,4,2,3,0,-539,-116,-294,-151,-794
1598775566588899324,1,4,2,3,0,-611,-112,-319,-156,-884
1598775566700805850,1,4,2,3,0,-611,-112,-319,-156,-884
1598775566812607521,1,4,2,3,0,-611,-112,-319,-156,-884
1598775566924836186,1,4,2,3,0,-685,-108,-344,-161,-975
1598775567036651578,1,4,2,3,0,-763,-102,-370,-166,-1067
1598775567148477786,1,4,2,3,0,-763,-102,-370,-166,-1067
1598775567260616146,1,4,2,3,0,-842,-95,-395,-173,-1160
1598775567372546793,1,4,2,3,0,-924,-87,-420,-180,-1254
1598775567484583246,1,4,2,3,0,-924,-87,-420,-180,-1254
1598775567596570040,1,4,2,3,0,-1007,-80,-446,-189,-1348
1598775567708924741,1,4,2,3,0,-1090,-72,-472,-200,-1442
1598775567820641204,1,4,2,3,0,-1090,-72,-472,-200,-1442
1598775567932758705,1,4,2,3,0,-1174,-64,-498,-212,-1536
1598775567932780539,1,4,2,3,0,-1257,-57,-526,-225,-1629
1598775568044757829,1,4,2,3,0,-1257,-57,-526,-225,-1629
1598775568157269146,1,4,2,3,0,-1341,-50,-554,-241,-1721
1598775568268590457,1,4,2,3,0,-1423,-43,-582,-258,-1812
1598775568380711518,1,4,2,3,0,-1423,-43,-582,-258,-1812
1598775568492739517,1,4,2,3,0,-1504,-38,-612,-278,-1902
1598775568604613230,1,4,2,3,0,-1583,-33,-642,-299,-1990
1598775568716620709,1,4,2,3,0,-1583,-33,-642,-299,-1990
1598775568828590756,1,4,2,3,0,-1661,-30,-673,-322,-2076
1598775568940486013,1,4,2,3,0,-1661,-30,-673,-322,-2076
1598775569052509524,1,4,2,3,0,-1736,-27,-705,-348,-2160
1598775569164563554,1,4,2,3,0,-1736,-27,-705,-348,-2160
1598775569277108272,1,4,2,3,0,-1809,-26,-738,-376,-2243
1598775569388592947,1,4,2,3,0,-1879,-27,-772,-405,-2322
1598775569500491133,1,4,2,3,0,-1879,-27,-772,-405,-2322
1598775569612466029,1,4,2,3,0,-1946,-28,-806,-437,-2399
1598775569724464333,1,4,2,3,0,-2010,-32,-842,-471,-2473
1598775569836288262,1,4,2,3,0,-2010,-32,-842,-471,-2473
1598775569948398882,1,4,2,3,0,-2070,-36,-878,-506,-2545
1598775570060430376,1,4,2,3,0,-2126,-43,-915,-544,-2612
1598775570172405529,1,4,2,3,0,-2126,-43,-915,-544,-2612
1598775570284467910,1,4,2,3,0,-2179,-51,-953,-583,-2677
1598775570396426961,1,4,2,3,0,-2228,-60,-991,-625,-2738
1598775570508437041,1,4,2,3,0,-2228,-60,-991,-625,-2738
1598775570620312146,1,4,2,3,0,-2273,-71,-1030,-667,-2796
1598775570732297888,1,4,2,3,0,-2313,-84,-1070,-712,-2849
1598775570844385810,1,4,2,3,0,-2313,-84,-1070,-712,-2849
1598775570956313308,1,4,2,3,0,-2350,-98,-1110,-757,-2900
1598775571068483516,1,4,2,3,0,-2381,-114,-1150,-805,-2945
1598775571180792203,1,4,2,3,0,-2381,-114,-1150,-805,-2945
1598775571292369663,1,4,2,3,0,-2409,-131,-1191,-853,-2987
1598775571404517094,1,4,2,3,0,-2431,-151,-1232,-902,-3024
1598775571516300117,1,4,2,3,0,-2431,-151,-1232,-902,-3024
1598775571628373388,1,4,2,3,0,-2450,-171,-1272,-952,-3058
1598775571628402632,1,4,2,3,0,-2463,-192,-1313,-1004,-3086
1598775571740403277,1,4,2,3,0,-2463,-192,-1313,-1004,-3086
1598775571852532111,1,4,2,3,0,-2472,-215,-1354,-1055,-3111
1598775571964401335,1,4,2,3,0,-2475,-239,-1395,-1107,-3130
1598775572076413565,1,4,2,3,0,-2475,-239,-1395,-1107,-3130
1598775572188661316,1,4,2,3,0,-2475,-265,-1435,-1160,-3146
1598775572300342690,1,4,2,3,0,-2469,-291,-1475,-1212,-3156
1598775572412574335,1,4,2,3,0,-2469,-291,-1475,-1212,-3156
1598775572524412435,1,4,2,3,0,-2459,-318,-1514,-1265,-3162
1598775572636354505,1,4,2,3,0,-2459,-318,-1514,-1265,-3162
1598775572748266646,1,4,2,3,0,-2444,-347,-1552,-1317,-3163
1598775572860163991,1,4,2,3,0,-2444,-347,-1552,-1317,-3163
1598775572972269802,1,4,2,3,0,-2425,-375,-1590,-1369,-3160
1598775573084373379,1,4,2,3,0,-2401,-405,-1627,-1420,-3151
1598775573196327196,1,4,2,3,0,-2401,-405,-1627,-1420,-3151
1598775573196733038,1,4,2,3,0,-2373,-435,-1663,-1471,-3139
1598775573308363301,1,4,2,3,0,-2340,-466,-1697,-1521,-3121
1598775573420532421,1,4,2,3,0,-2340,-466,-1697,-1521,-3121
1598775573532358629,1,4,2,3,0,-2303,-497,-1731,-1569,-3100
1598775573644361302,1,4,2,3,0,-2262,-528,-1763,-1617,-3073
1598775573759098641,1,4,2,3,0,-2262,-528,-1763,-1617,-3073
1598775573868367872,1,4,2,3,0,-2217,-559,-1793,-1663,-3042
1598775573980406957,1,4,2,3,0,-2168,-591,-1822,-1707,-3006
1598775574092464439,1,4,2,3,0,-2168,-591,-1822,-1707,-3006
1598775574204256857,1,4,2,3,0,-2115,-622,-1849,-1750,-2966
1598775574316211028,1,4,2,3,0,-2058,-653,-1874,-1790,-2921
1598775574428310799,1,4,2,3,0,-2058,-653,-1874,-1790,-2921
1598775574540215867,1,4,2,3,0,-1996,-685,-1899,-1830,-2869
1598775574652037820,1,4,2,3,0,-1996,-685,-1899,-1830,-2869
1598775574764245343,1,4,2,3,0,-1936,-713,-1918,-1864,-2819
1598775574764264891,1,4,2,3,0,-1936,-713,-1918,-1864,-2819
1598775574876181355,1,4,2,3,0,-1893,-733,-1932,-1887,-2783
1598775574988772442,1,4,2,3,0,-1856,-748,-1941,-1904,-2750
1598775575100333308,1,4,2,3,0,-1856,-748,-1941,-1904,-2750
1598775575211439176,1,4,2,3,0,-1815,-765,-1951,-1923,-2714
1598775575324331543,1,4,2,3,0,-1772,-782,-1960,-1941,-2675
1598775575436272871,1,4,2,3,0,-1772,-782,-1960,-1941,-2675
1598775575548168329,1,4,2,3,0,-1728,-799,-1968,-1958,-2636
1598775575660201785,1,4,2,3,0,-1684,-815,-1976,-1973,-2595
1598775575772394057,1,4,2,3,0,-1684,-815,-1976,-1973,-2595
1598775575884307735,1,4,2,3,0,-1638,-831,-1982,-1988,-2553
1598775575996078581,1,4,2,3,0,-1592,-846,-1987,-2001,-2509
1598775576108190178,1,4,2,3,0,-1592,-846,-1987,-2001,-2509
1598775576219687841,1,4,2,3,0,-1592,-846,-1987,-2001,-2509
1598775576332138367,1,4,2,3,0,-1545,-861,-1992,-2014,-2465
1598775576444325710,1,4,2,3,0,-1497,-876,-1996,-2025,-2418
1598775576556348317,1,4,2,3,0,-1497,-876,-1996,-2025,-2418
1598775576556413889,1,4,2,3,0,-1448,-890,-1998,-2035,-2371
1598775576668120451,1,4,2,3,0,-1399,-903,-2000,-2044,-2323
1598775576780208471,1,4,2,3,0,-1399,-903,-2000,-2044,-2323
1598775576892114656,1,4,2,3,0,-1349,-916,-2001,-2051,-2273
1598775577004068961,1,4,2,3,0,-1299,-929,-2000,-2057,-2223
1598775577116221552,1,4,2,3,0,-1299,-929,-2000,-2057,-2223
1598775577228130975,1,4,2,3,0,-1242,-942,-1999,-2063,-2166
1598775577339960930,1,4,2,3,0,-1242,-942,-1999,-2063,-2166
1598775577452119101,1,4,2,3,0,-1196,-952,-1996,-2066,-2118
1598775577563913434,1,4,2,3,0,-1196,-952,-1996,-2066,-2118
1598775577675909129,1,4,2,3,0,-1144,-963,-1993,-2068,-2065
1598775577788375903,1,4,2,3,0,-1092,-973,-1988,-2070,-2011
1598775577899985383,1,4,2,3,0,-1092,-973,-1988,-2070,-2011
1598775578011879046,1,4,2,3,0,-1039,-982,-1983,-2070,-1956
1598775578124043569,1,4,2,3,0,-986,-991,-1976,-2069,-1900
1598775578124170590,1,4,2,3,0,-986,-991,-1976,-2069,-1900
1598775578236048095,1,4,2,3,0,-933,-999,-1968,-2066,-1843
1598775578348105634,1,4,2,3,0,-880,-1006,-1959,-2062,-1785
1598775578459996721,1,4,2,3,0,-880,-1006,-1959,-2062,-1785
1598775578572353289,1,4,2,3,0,-827,-1013,-1949,-2056,-1726
1598775578684078745,1,4,2,3,0,-773,-1019,-1938,-2050,-1667
1598775578796448293,1,4,2,3,0,-773,-1019,-1938,-2050,-1667
1598775578908000555,1,4,2,3,0,-720,-1024,-1926,-2043,-1607
1598775579019973327,1,4,2,3,0,-666,-1028,-1913,-2033,-1547
1598775579131993211,1,4,2,3,0,-666,-1028,-1913,-2033,-1547
1598775579243983714,1,4,2,3,0,-613,-1032,-1898,-2022,-1486
1598775579356266611,1,4,2,3,0,-560,-1035,-1883,-2010,-1425
1598775579468313034,1,4,2,3,0,-560,-1035,-1883,-2010,-1425
1598775579580030331,1,4,2,3,0,-507,-1037,-1866,-1997,-1363
1598775579691966805,1,4,2,3,0,-454,-1038,-1848,-1982,-1302
1598775579803951835,1,4,2,3,0,-454,-1038,-1848,-1982,-1302
1598775579915867611,1,4,2,3,0,-454,-1038,-1848,-1982,-1302
1598775580027798962,1,4,2,3,0,-402,-1039,-1829,-1965,-1239
1598775580139838350,1,4,2,3,0,-349,-1038,-1810,-1948,-1177
1598775580251131245,1,4,2,3,0,-349,-1038,-1810,-1948,-1177
1598775580363869322,1,4,2,3,0,-298,-1037,-1789,-1929,-1114
1598775580475791393,1,4,2,3,0,-247,-1035,-1767,-1909,-1052
1598775580587642510,1,4,2,3,0,-247,-1035,-1767,-1909,-1052
1598775580699713693,1,4,2,3,0,-196,-1032,-1744,-1887,-989
1598775580811848622,1,4,2,3,0,-146,-1028,-1720,-1864,-927
1598775580923781985,1,4,2,3,0,-146,-1028,-1720,-1864,-927
1598775580923924582,1,4,2,3,0,-97,-1023,-1695,-1840,-864
1598775581035880529,1,4,2,3,0,-48,-1018,-1669,-1814,-802
1598775581148869546,1,4,2,3,0,-48,-1018,-1669,-1814,-802
1598775581259968495,1,4,2,3,0,-1,-1012,-1642,-1788,-740
1598775581371885824,1,4,2,3,0,46,-1005,-1614,-1760,-678
1598775581483992512,1,4,2,3,0,46,-1005,-1614,-1760,-678
1598775581595898979,1,4,2,3,0,93,-997,-1585,-1731,-617
1598775581708562530,1,4,2,3,0,138,-988,-1555,-1701,-556
1598775581819826586,1,4,2,3,0,138,-988,-1555,-1701,-556
1598775581931970379,1,4,2,3,0,182,-978,-1524,-1669,-496
1598775582043740765,1,4,2,3,0,225,-968,-1493,-1637,-436
1598775582155901352,1,4,2,3,0,225,-968,-1493,-1637,-436
1598775582267774383,1,4,2,3,0,267,-956,-1460,-1604,-377
1598775582379853696,1,4,2,3,0,308,-944,-1427,-1569,-319
1598775582491821051,1,4,2,3,0,308,-944,-1427,-1569,-319
1598775582603716613,1,4,2,3,0,347,-931,-1393,-1534,-261
1598775582715775565,1,4,2,3,0,386,-918,-1359,-1498,-205
1598775582827680223,1,4,2,3,0,386,-918,-1359,-1498,-205
1598775582939990377,1,4,2,3,0,423,-903,-1323,-1461,-149
1598775583051808314,1,4,2,3,0,458,-888,-1288,-1423,-95
1598775583163758449,1,4,2,3,0,458,-888,-1288,-1423,-95
1598775583275709215,1,4,2,3,0,492,-872,-1251,-1384,-42
1598775583387711286,1,4,2,3,0,525,-855,-1214,-1345,10
1598775583499737467,1,4,2,3,0,525,-855,-1214,-1345,10
1598775583611778973,1,4,2,3,0,556,-838,-1176,-1305,61
1598775583723677261,1,4,2,3,0,586,-820,-1138,-1265,110
1598775583835752896,1,4,2,3,0,586,-820,-1138,-1265,110
1598775583947595507,1,4,2,3,0,586,-820,-1138,-1265,110
1598775584059623111,1,4,2,3,0,613,-801,-1100,-1224,158
1598775584171499947,1,4,2,3,0,639,-782,-1061,-1183,204
1598775584283751816,1,4,2,3,0,639,-782,-1061,-1183,204
1598775584395659042,1,4,2,3,0,664,-762,-1021,-1141,248
1598775584507669381,1,4,2,3,0,686,-742,-982,-1099,291
1598775584507679801,1,4,2,3,0,686,-742,-982,-1099,291
1598775584619678525,1,4,2,3,0,707,-721,-942,-1057,331
1598775584731499551,1,4,2,3,0,707,-721,-942,-1057,331
1598775584843556943,1,4,2,3,0,725,-700,-903,-1015,370
1598775584954966629,1,4,2,3,0,725,-700,-903,-1015,370
1598775585067439285,1,4,2,3,0,742,-678,-863,-973,407
1598775585179444344,1,4,2,3,0,756,-656,-823,-931,441
1598775585291542798,1,4,2,3,0,756,-656,-823,-931,441
1598775585403323018,1,4,2,3,0,769,-634,-783,-889,473
1598775585514935838,1,4,2,3,0,779,-611,-743,-847,503
1598775585627411964,1,4,2,3,0,779,-611,-743,-847,503
1598775585627574419,1,4,2,3,0,787,-588,-704,-806,530
1598775585739597927,1,4,2,3,0,793,-564,-665,-765,555
1598775585851660909,1,4,2,3,0,793,-564,-665,-765,555
1598775585963872469,1,4,2,3,0,797,-541,-626,-725,577
1598775586075633678,1,4,2,3,0,798,-517,-588,-685,597
1598775586187531307,1,4,2,3,0,798,-517,-588,-685,597
1598775586299606650,1,4,2,3,0,797,-494,-550,-647,613
1598775586411583269,1,4,2,3,0,793,-470,-513,-609,626
1598775586523780858,1,4,2,3,0,793,-470,-513,-609,626
1598775586635666939,1,4,2,3,0,787,-446,-476,-572,636
1598775586747553423,1,4,2,3,0,779,-423,-440,-537,643
1598775586859298533,1,4,2,3,0,779,-423,-440,-537,643
1598775586971397580,1,4,2,3,0,779,-423,-440,-537,643
1598775587083440698,1,4,2,3,0,767,-400,-406,-502,647
1598775587194742447,1,4,2,3,0,754,-376,-372,-470,647
1598775587194746585,1,4,2,3,0,754,-376,-372,-470,647
1598775587307647983,1,4,2,3,0,737,-354,-339,-438,643
1598775587419503724,1,4,2,3,0,718,-331,-307,-409,637
1598775587531367940,1,4,2,3,0,718,-331,-307,-409,637
1598775587643356018,1,4,2,3,0,718,-331,-307,-409,637
1598775587755350821,1,4,2,3,0,696,-309,-277,-381,625
1598775587868161575,1,4,2,3,0,672,-288,-248,-356,611
1598775587979456870,1,4,2,3,0,672,-288,-248,-356,611
1598775588091379164,1,4,2,3,0,644,-267,-221,-332,592
1598775588203281392,1,4,2,3,0,614,-247,-195,-311,569
1598775588315307587,1,4,2,3,0,614,-247,-195,-311,569
1598775588427271553,1,4,2,3,0,580,-228,-172,-293,542
1598775588539310267,1,4,2,3,0,544,-210,-149,-277,510
1598775588651422230,1,4,2,3,0,544,-210,-149,-277,510
1598775588763214401,1,4,2,3,0,505,-192,-129,-264,474
1598775588877359955,1,4,2,3,0,463,-176,-111,-253,433
1598775588987940823,1,4,2,3,0,463,-176,-111,-253,433
1598775588987957169,1,4,2,3,0,417,-161,-96,-247,387
1598775589099559767,1,4,2,3,0,369,-147,-82,-243,337
1598775589211255580,1,4,2,3,0,369,-147,-82,-243,337
1598775589323369705,1,4,2,3,0,325,-140,-75,-257,285
1598775589435463806,1,4,2,3,0,263,-123,-63,-247,220
1598775589547195722,1,4,2,3,0,263,-123,-63,-247,220
1598775589659185454,1,4,2,3,0,263,-123,-63,-247,220
1598775589771166154,1,4,2,3,0,112,-54,-28,-111,92
1598775589883356412,1,4,2,3,0,0,0,0,0,0
1598775589995142421,1,4,2,3,0,0,0,0,0,0
1598775590107193196,1,4,2,3,0,0,0,0,0,0
1598775590219085575,1,4,2,3,0,0,0,0,0,0
1598775590331204555,1,4,2,3,0,0,0,0,0,0
1598775590443350372,1,4,2,3,0,0,0,0,0,0
1598775590555182156,1,4,2,3,0,0,0,0,0,0
1598775590667168313,1,4,2,3,0,0,0,0,0,0
1598775590779702891,1,4,2,3,0,0,0,0,0,0
1598775590891227949,1,4,2,3,0,0,0,0,0,0
1598775591002497928,1,4,2,3,0,0,0,0,0,0
1598775591115111871,1,4,2,3,0,0,0,0,0,0
1598775591227212154,1,4,2,3,0,0,0,0,0,0
1598775591339202656,1,4,2,3,0,0,0,0,0,0
1598775591451068977,1,4,2,3,0,0,0,0,0,0
1598775591563153314,1,4,2,3,0,0,0,0,0,0
1598775591675202221,1,4,2,3,0,0,0,0,0,0
1598775591787072355,1,4,2,3,0,0,0,0,0,0
1598775591899016446,1,4,2,3,0,0,0,0,0,0
1598775592011154164,1,4,2,3,0,0,0,0,0,0
1598775592011391533,1,4,2,3,0,0,0,0,0,0
1598775592123083861,1,4,2,3,0,0,0,0,0,0
1598775592235176683,1,4,2,3,0,0,0,0,0,0
1598775592347342792,1,4,2,3,0,0,0,0,0,0
1598775592459199509,1,4,2,3,0,0,0,0,0,0
1598775592571048126,1,4,2,3,0,0,0,0,0,0
