1598779952535132468,first,1,20520,0,0,fourth,4,9181,0,0,second,2,51936,0,0,third,3,22959,0,0,zero,0,17973,0,0
1598779952647351982,first,1,20520,0,0,fourth,4,9181,0,0,second,2,51936,0,0,third,3,22959,0,0,zero,0,17973,0,0
1598779952759010440,first,1,20520,0,0,fourth,4,9182,0,0,second,2,51936,0,0,third,3,22959,0,0,zero,0,17973,0,0
1598779952871141160,first,1,20520,0,0,fourth,4,9182,0,0,second,2,51936,0,0,third,3,22959,0,0,zero,0,17973,0,0
1598779952983411851,first,1,20520,0,0,fourth,4,9182,0,0,second,2,51936,0,0,third,3,22959,0,0,zero,0,17973,0,0
1598779953095316599,first,1,20520,0,0,fourth,4,9181,0,0,second,2,51936,0,0,third,3,22959,0,0,zero,0,17973,0,0
1598779953206636457,first,1,20520,0,0,fourth,4,9182,0,0,second,2,51936,0,0,third,3,22959,0,0,zero,0,17973,0,0
1598779953319221194,first,1,20520,0,0,fourth,4,9182,0,0,second,2,51936,0,0,third,3,22959,0,0,zero,0,17973,0,0
1598779953431430688,first,1,20520,0,0,fourth,4,9182,0,0,second,2,51936,0,0,third,3,22959,0,0,zero,0,17973,0,0
1598779953543442173,first,1,20520,0,0,fourth,4,9182,0,0,second,2,51936,0,0,third,3,22959,0,0,zero,0,17973,0,0
1598779953655373354,first,1,20520,0,0,fourth,4,9182,0,0,second,2,51936,0,0,third,3,22959,0,0,zero,0,17973,0,0
1598779953767480652,first,1,20520,0,0,fourth,4,9182,0,0,second,2,51936,0,0,third,3,22959,0,0,zero,0,17973,0,0
1598779953879457546,first,1,20520,0,0,fourth,4,9182,0,0,second,2,51936,0,0,third,3,22959,0,0,zero,0,17973,0,0
1598779953991287620,first,1,20520,0,0,fourth,4,9182,0,0,second,2,51936,0,0,third,3,22959,0,0,zero,0,17973,0,0
1598779954103178350,first,1,20520,0,0,fourth,4,9182,0,0,second,2,51936,0,0,third,3,22959,0,0,zero,0,17973,0,0
1598779954215236714,first,1,20520,0,0,fourth,4,9182,0,0,second,2,51936,0,0,third,3,22959,0,0,zero,0,17973,0,0
1598779954326722659,first,1,20520,0,0,fourth,4,9182,0,0,second,2,51936,0,0,third,3,22959,0,0,zero,0,17973,0,0
1598779954326742691,first,1,20520,0,0,fourth,4,9182,0,0,second,2,51936,0,0,third,3,22959,0,0,zero,0,17973,0,0
1598779954439270598,first,1,20520,0,0,fourth,4,9181,0,0,second,2,51936,0,0,third,3,22959,0,0,zero,0,17973,0,0
1598779954551274822,first,1,20520,0,0,fourth,4,9182,0,0,second,2,51936,0,0,third,3,22959,0,0,zero,0,17973,0,0
1598779954663258867,first,1,20520,0,0,fourth,4,9182,0,0,second,2,51936,0,0,third,3,22959,0,0,zero,0,17973,0,0
1598779954775404707,first,1,20520,0,0,fourth,4,9182,0,0,second,2,51936,0,0,third,3,22959,0,0,zero,0,17973,0,0
1598779954887335418,first,1,20520,0,0,fourth,4,9182,0,0,second,2,51936,0,0,third,3,22959,0,0,zero,0,17973,0,0
1598779954999111606,first,1,20520,0,0,fourth,4,9182,0,0,second,2,51936,0,0,third,3,22959,0,0,zero,0,17973,0,0
1598779955110660265,first,1,20520,0,0,fourth,4,9182,0,0,second,2,51936,0,0,third,3,22959,0,0,zero,0,17973,0,0
1598779955222606220,first,1,20520,0,0,fourth,4,9182,0,0,second,2,51936,0,0,third,3,22959,0,0,zero,0,17973,0,0
1598779955222619217,first,1,20520,0,0,fourth,4,9182,0,0,second,2,51936,0,0,third,3,22959,0,0,zero,0,17973,0,0
1598779955335322782,first,1,20520,0,0,fourth,4,9182,0,0,second,2,51936,0,0,third,3,22959,0,0,zero,0,17973,0,0
1598779955447280899,first,1,20520,0,0,fourth,4,9181,0,0,second,2,51936,0,0,third,3,22959,0,0,zero,0,17973,0,0
1598779955559288481,first,1,20520,0,0,fourth,4,9182,0,0,second,2,51936,0,0,third,3,22959,0,0,zero,0,17973,0,0
1598779955671035818,first,1,20520,0,0,fourth,4,9182,0,0,second,2,51936,0,0,third,3,22959,0,0,zero,0,17973,0,0
1598779955783125296,first,1,20520,0,0,fourth,4,9182,0,0,second,2,51936,0,0,third,3,22959,0,0,zero,0,17973,0,0
1598779955894682349,first,1,20520,0,0,fourth,4,9181,0,0,second,2,51936,0,0,third,3,22959,0,0,zero,0,17973,0,0
1598779955894707096,first,1,20520,0,0,fourth,4,9181,0,0,second,2,51936,0,0,third,3,22959,0,0,zero,0,17973,0,0
1598779956007431037,first,1,20520,0,0,fourth,4,9182,0,0,second,2,51936,0,0,third,3,22959,0,0,zero,0,17973,0,0
1598779956119279469,first,1,20520,0,0,fourth,4,9182,0,0,second,2,51936,0,0,third,3,22959,0,0,zero,0,17973,0,0
1598779956231222051,first,1,20520,0,0,fourth,4,9182,0,0,second,2,51936,0,0,third,3,22959,0,0,zero,0,17973,0,0
1598779956343240771,first,1,20520,0,0,fourth,4,9182,0,0,second,2,51936,0,0,third,3,22959,0,0,zero,0,17973,0,0
1598779956455190874,first,1,20520,0,0,fourth,4,9181,0,0,second,2,51936,0,0,third,3,22959,0,0,zero,0,17973,0,0
1598779956566561700,first,1,20520,0,0,fourth,4,9181,0,0,second,2,51936,0,0,third,3,22959,0,0,zero,0,17973,0,0
1598779956678681688,first,1,20520,0,0,fourth,4,9182,0,0,second,2,51936,0,0,third,3,22959,0,0,zero,0,17973,0,0
1598779956790555105,first,1,20520,0,0,fourth,4,9182,0,0,second,2,51936,0,0,third,3,22959,0,0,zero,0,17973,0,0
1598779956902515894,first,1,20520,0,0,fourth,4,9182,0,0,second,2,51936,0,0,third,3,22959,0,0,zero,0,17973,0,0
1598779957014471145,first,1,20520,0,0,fourth,4,9182,0,0,second,2,51936,0,0,third,3,22959,0,0,zero,0,17973,0,0
1598779957126496965,first,1,20520,0,0,fourth,4,9182,0,0,second,2,51936,0,0,third,3,22959,0,0,zero,0,17973,0,0
1598779957238618243,first,1,20520,0,0,fourth,4,9181,0,0,second,2,51935,0,0,third,3,22959,0,0,zero,0,17973,0,0
1598779957238631887,first,1,20520,0,0,fourth,4,9181,0,0,second,2,51935,0,0,third,3,22959,0,0,zero,0,17973,0,0
1598779957350495118,first,1,20520,0,0,fourth,4,9181,0,0,second,2,51935,0,0,third,3,22959,0,0,zero,0,17973,0,0
1598779957462876045,first,1,20520,0,0,fourth,4,9182,0,0,second,2,51936,0,0,third,3,22959,0,0,zero,0,17973,0,0
1598779957574473978,first,1,20520,0,0,fourth,4,9182,0,0,second,2,51936,0,0,third,3,22959,0,0,zero,0,17973,0,0
1598779957686489466,first,1,20520,0,0,fourth,4,9182,0,0,second,2,51936,0,0,third,3,22959,0,0,zero,0,17973,0,0
1598779957798494141,first,1,20520,0,0,fourth,4,9182,0,0,second,2,51936,0,0,third,3,22959,0,0,zero,0,17973,0,0
1598779957911012860,first,1,20520,0,0,fourth,4,9182,0,0,second,2,51935,0,0,third,3,22959,0,0,zero,0,17973,0,0
1598779958022997885,first,1,20520,0,0,fourth,4,9182,0,0,second,2,51935,0,0,third,3,22959,0,0,zero,0,17973,0,0
1598779958134973753,first,1,20520,0,0,fourth,4,9182,0,0,second,2,51936,0,0,third,3,22959,0,0,zero,0,17973,0,0
1598779958246991739,first,1,20520,0,0,fourth,4,9182,0,0,second,2,51936,0,0,third,3,22959,0,0,zero,0,17973,0,0
1598779958359056759,first,1,20520,0,0,fourth,4,9181,0,0,second,2,51936,0,0,third,3,22959,0,0,zero,0,17973,0,0
1598779958470941262,first,1,20520,0,0,fourth,4,9182,0,0,second,2,51936,0,0,third,3,22959,0,0,zero,0,17973,0,0
1598779958582934531,first,1,20520,0,0,fourth,4,9182,0,0,second,2,51936,0,0,third,3,22959,0,0,zero,0,17973,0,0
1598779958694963992,first,1,20520,0,0,fourth,4,9182,0,0,second,2,51935,0,0,third,3,22959,0,0,zero,0,17973,0,0
1598779958807330755,first,1,20520,0,0,fourth,4,9182,0,0,second,2,51936,0,0,third,3,22959,0,0,zero,0,17973,0,0
1598779959015217018,first,1,20520,0,0,fourth,4,9182,0,0,second,2,51936,0,0,third,3,22959,0,0,zero,0,17973,0,0
1598779959127187347,first,1,20520,0,0,fourth,4,9182,0,0,second,2,51936,0,0,third,3,22959,0,0,zero,0,17973,0,0
1598779959127292828,first,1,20520,0,0,fourth,4,9182,0,0,second,2,51936,0,0,third,3,22959,0,0,zero,0,17973,0,0
1598779959238465494,first,1,20520,0,0,fourth,4,9181,0,0,second,2,51936,0,0,third,3,22959,0,0,zero,0,17973,0,0
1598779959351256342,first,1,20520,0,0,fourth,4,9182,0,0,second,2,51936,0,0,third,3,22959,0,0,zero,0,17973,0,0
1598779959463237837,first,1,20520,0,-2,fourth,4,9181,0,-1,second,2,51936,0,0,third,3,22959,0,-2,zero,0,17973,0,0
1598779959575410113,first,1,20520,0,0,fourth,4,9182,0,-1,second,2,51936,0,0,third,3,22959,0,-2,zero,0,17973,0,0
1598779959687144410,first,1,20515,-1,-5,fourth,4,9182,0,0,second,2,51936,0,-2,third,3,22959,0,-1,zero,0,17964,-6,-7
1598779959799164667,first,1,20493,-11,-3,fourth,4,9181,0,-1,second,2,51936,0,-2,third,3,22959,0,-1,zero,0,17940,-11,-3
1598779959911257648,first,1,20461,-16,-8,fourth,4,9181,0,-1,second,2,51936,0,-3,third,3,22959,0,-2,zero,0,17907,-21,-13
1598779960023044405,first,1,20410,-27,-5,fourth,4,9182,0,-1,second,2,51935,0,-3,third,3,22959,0,-2,zero,0,17844,-35,-10
1598779960135071294,first,1,20350,-32,-8,fourth,4,9182,0,-1,second,2,51933,0,-4,third,3,22959,0,-3,zero,0,17770,-43,-15
1598779960246960631,first,1,20277,-40,-8,fourth,4,9182,0,-1,second,2,51918,-9,-5,third,3,22959,0,-3,zero,0,17677,-52,-12
1598779960358968864,first,1,20202,-41,-8,fourth,4,9182,0,-1,second,2,51888,-17,-6,third,3,22956,0,-3,zero,0,17584,-52,-16
1598779960471102812,first,1,20121,-46,-5,fourth,4,9182,0,-1,second,2,51838,-26,-5,third,3,22940,-7,-2,zero,0,17485,-56,-10
1598779960582958008,first,1,20046,-41,-8,fourth,4,9182,0,-1,second,2,51781,-32,-7,third,3,22919,-10,-3,zero,0,17387,-54,-16
1598779960695073496,first,1,19967,-43,-7,fourth,4,9182,0,-1,second,2,51716,-35,-3,third,3,22896,-11,-2,zero,0,17287,-55,-9
1598779960806896811,first,1,19896,-40,-9,fourth,4,9182,0,-1,second,2,51657,-32,-5,third,3,22870,-12,-2,zero,0,17201,-48,-13
1598779960918993452,first,1,19823,-40,-6,fourth,4,9182,0,-1,second,2,51606,-27,-1,third,3,22848,-11,-1,zero,0,17112,-48,-9
1598779961030979830,first,1,19758,-36,-9,fourth,4,9182,0,-2,second,2,51563,-23,-4,third,3,22831,-9,-1,zero,0,17037,-42,-14
1598779961142907965,first,1,19694,-35,-5,fourth,4,9182,0,-2,second,2,51525,-18,-1,third,3,22817,-7,-1,zero,0,16963,-40,-11
1598779961142959187,first,1,19694,-35,-5,fourth,4,9182,0,-2,second,2,51525,-18,-1,third,3,22817,-7,-1,zero,0,16963,-40,-11
1598779961254614194,first,1,19638,-31,-9,fourth,4,9183,0,-2,second,2,51505,-11,-2,third,3,22801,-7,-2,zero,0,16897,-35,-14
1598779961367999163,first,1,19577,-34,-7,fourth,4,9184,0,-2,second,2,51485,-10,-2,third,3,22785,-7,-1,zero,0,16831,-36,-13
1598779961479251460,first,1,19520,-31,-8,fourth,4,9184,0,-2,second,2,51466,-9,-1,third,3,22772,-7,-2,zero,0,16770,-34,-16
1598779961591141219,first,1,19461,-32,-7,fourth,4,9184,0,-2,second,2,51446,-10,-1,third,3,22757,-7,-2,zero,0,16700,-39,-13
1598779961703056260,first,1,19403,-32,-9,fourth,4,9185,0,-2,second,2,51426,-10,-3,third,3,22740,-7,-2,zero,0,16631,-38,-16
1598779961815040783,first,1,19338,-36,-6,fourth,4,9185,0,-1,second,2,51402,-12,-2,third,3,22721,-9,-2,zero,0,16558,-40,-14
1598779961926980957,first,1,19279,-33,-11,fourth,4,9186,0,-1,second,2,51379,-12,-4,third,3,22704,-9,-3,zero,0,16492,-37,-16
1598779962039060314,first,1,19216,-35,-8,fourth,4,9186,0,-1,second,2,51353,-13,-2,third,3,22685,-9,-3,zero,0,16421,-38,-14
1598779962151096863,first,1,19157,-31,-10,fourth,4,9186,0,-1,second,2,51328,-13,-2,third,3,22668,-8,-2,zero,0,16354,-37,-16
1598779962262953360,first,1,19098,-32,-7,fourth,4,9186,0,-1,second,2,51304,-13,-1,third,3,22650,-9,-2,zero,0,16285,-37,-13
1598779962375133143,first,1,19042,-30,-11,fourth,4,9186,0,-1,second,2,51280,-12,-4,third,3,22631,-9,-3,zero,0,16222,-34,-17
1598779962487000417,first,1,18985,-31,-8,fourth,4,9186,0,-2,second,2,51252,-15,-2,third,3,22610,-10,-1,zero,0,16158,-35,-12
1598779962598955533,first,1,18933,-28,-11,fourth,4,9187,0,-1,second,2,51225,-13,-3,third,3,22592,-9,-5,zero,0,16103,-30,-15
1598779962711031122,first,1,18881,-28,-7,fourth,4,9187,0,-1,second,2,51201,-13,-2,third,3,22578,-7,-2,zero,0,16044,-32,-15
1598779962823090147,first,1,18841,-21,-11,fourth,4,9187,0,-1,second,2,51177,-12,-4,third,3,22561,-8,-6,zero,0,15993,-28,-18
1598779962935075975,first,1,18801,-21,-8,fourth,4,9187,0,-1,second,2,51150,-14,-4,third,3,22542,-9,-4,zero,0,15947,-25,-13
1598779963046747582,first,1,18768,-18,-11,fourth,4,9187,0,-1,second,2,51121,-14,-5,third,3,22525,-9,-3,zero,0,15906,-22,-17
1598779963158921601,first,1,18732,-19,-10,fourth,4,9187,0,-1,second,2,51092,-15,-4,third,3,22512,-6,-2,zero,0,15865,-22,-17
1598779963270843569,first,1,18697,-18,-13,fourth,4,9187,0,-1,second,2,51063,-15,-3,third,3,22500,-5,-5,zero,0,15823,-23,-19
1598779963382916343,first,1,18660,-20,-8,fourth,4,9187,0,-1,second,2,51034,-15,-3,third,3,22485,-7,-4,zero,0,15779,-22,-16
1598779963495127204,first,1,18627,-17,-13,fourth,4,9187,0,-3,second,2,51007,-14,-3,third,3,22469,-7,-8,zero,0,15740,-21,-17
1598779963606955228,first,1,18591,-19,-9,fourth,4,9187,0,-3,second,2,50980,-14,-4,third,3,22453,-8,-6,zero,0,15698,-22,-15
1598779963718885536,first,1,18558,-17,-12,fourth,4,9187,0,-2,second,2,50957,-13,-5,third,3,22437,-8,-8,zero,0,15656,-22,-20
1598779963830770382,first,1,18519,-21,-10,fourth,4,9187,0,-3,second,2,50931,-13,-2,third,3,22421,-7,-6,zero,0,15615,-22,-15
1598779963942750238,first,1,18486,-17,-9,fourth,4,9187,0,-3,second,2,50910,-12,-4,third,3,22411,-5,-6,zero,0,15576,-21,-19
1598779963942812573,first,1,18486,-17,-9,fourth,4,9187,0,-3,second,2,50910,-12,-4,third,3,22411,-5,-6,zero,0,15576,-21,-19
1598779964054944548,first,1,18457,-15,-9,fourth,4,9187,0,-3,second,2,50890,-10,-3,third,3,22400,-5,-6,zero,0,15543,-17,-17
1598779964166934897,first,1,18434,-11,-10,fourth,4,9187,0,-2,second,2,50874,-9,-1,third,3,22389,-5,-8,zero,0,15520,-12,-17
1598779964278765202,first,1,18418,-8,-7,fourth,4,9186,0,-2,second,2,50857,-8,-3,third,3,22378,-5,-6,zero,0,15499,-11,-15
1598779964390883806,first,1,18406,-5,-10,fourth,4,9186,0,-4,second,2,50842,-8,-2,third,3,22374,-1,-6,zero,0,15482,-9,-17
1598779964502974088,first,1,18397,-4,-8,fourth,4,9186,0,-4,second,2,50827,-8,-3,third,3,22374,0,-8,zero,0,15466,-8,-12
1598779964614962578,first,1,18381,-7,-9,fourth,4,9181,-1,-3,second,2,50816,-5,-3,third,3,22374,0,-8,zero,0,15462,0,-14
1598779964726913404,first,1,18371,-5,-7,fourth,4,9179,0,-4,second,2,50810,-2,-2,third,3,22373,0,-8,zero,0,15462,0,-15
1598779964838904815,first,1,18370,0,-8,fourth,4,9179,0,-4,second,2,50810,0,-3,third,3,22372,0,-11,zero,0,15461,0,-15
1598779964950936694,first,1,18370,0,-10,fourth,4,9179,0,-4,second,2,50810,0,-3,third,3,22360,-5,-8,zero,0,15460,0,-18
1598779965062979882,first,1,18370,0,-9,fourth,4,9179,0,-4,second,2,50810,0,-4,third,3,22349,-5,-10,zero,0,15459,0,-15
1598779965174635252,first,1,18370,0,-10,fourth,4,9176,0,-4,second,2,50810,0,-2,third,3,22347,0,-9,zero,0,15459,0,-14
1598779965286858016,first,1,18370,0,-9,fourth,4,9170,-2,-4,second,2,50810,0,-6,third,3,22347,0,-9,zero,0,15458,0,-15
1598779965398822193,first,1,18370,0,-10,fourth,4,9171,0,-5,second,2,50810,0,-3,third,3,22347,0,-9,zero,0,15456,0,-16
1598779965510735708,first,1,18370,0,-11,fourth,4,9170,0,-4,second,2,50810,0,-4,third,3,22347,0,-10,zero,0,15453,0,-17
1598779965622764592,first,1,18370,0,-11,fourth,4,9171,0,-4,second,2,50810,0,-4,third,3,22347,0,-12,zero,0,15450,0,-21
1598779965623089389,first,1,18370,0,-11,fourth,4,9171,0,-4,second,2,50810,0,-4,third,3,22347,0,-12,zero,0,15450,0,-21
1598779965734850212,first,1,18370,0,-11,fourth,4,9171,0,-4,second,2,50809,0,-5,third,3,22347,0,-11,zero,0,15448,0,-19
1598779965846857356,first,1,18370,0,-12,fourth,4,9171,0,-4,second,2,50809,0,-5,third,3,22346,0,-11,zero,0,15447,0,-16
1598779965960013971,first,1,18370,0,-10,fourth,4,9171,0,-3,second,2,50805,-1,-6,third,3,22346,0,-13,zero,0,15447,0,-19
1598779966073620075,first,1,18369,0,-10,fourth,4,9170,0,-5,second,2,50785,-10,-6,third,3,22343,0,-12,zero,0,15445,0,-20
1598779966182669106,first,1,18369,0,-13,fourth,4,9167,0,-3,second,2,50765,-10,-5,third,3,22323,-9,-13,zero,0,15445,0,-19
1598779966295067545,first,1,18369,0,-11,fourth,4,9149,-8,-5,second,2,50746,-10,-4,third,3,22298,-13,-12,zero,0,15438,-3,-18
1598779966406713911,first,1,18367,0,-11,fourth,4,9130,-9,-5,second,2,50726,-10,-4,third,3,22269,-15,-13,zero,0,15412,-15,-17
1598779966406938970,first,1,18367,0,-11,fourth,4,9130,-9,-5,second,2,50726,-10,-4,third,3,22269,-15,-13,zero,0,15412,-15,-17
1598779966518894267,first,1,18345,-11,-12,fourth,4,9111,-9,-3,second,2,50705,-10,-4,third,3,22233,-19,-11,zero,0,15383,-16,-19
1598779966630988502,first,1,18314,-17,-10,fourth,4,9096,-8,-5,second,2,50686,-10,-4,third,3,22199,-18,-12,zero,0,15353,-16,-20
1598779966742928519,first,1,18283,-17,-9,fourth,4,9082,-7,-3,second,2,50668,-10,-5,third,3,22169,-16,-10,zero,0,15317,-20,-19
1598779966854733785,first,1,18256,-13,-10,fourth,4,9069,-6,-5,second,2,50649,-9,-3,third,3,22150,-9,-10,zero,0,15281,-18,-17
1598779966966581371,first,1,18236,-10,-9,fourth,4,9061,-4,-4,second,2,50629,-10,-2,third,3,22133,-9,-9,zero,0,15259,-12,-16
1598779967078137227,first,1,18221,-7,-8,fourth,4,9060,0,-2,second,2,50614,-8,-3,third,3,22116,-9,-10,zero,0,15241,-10,-17
1598779967190128378,first,1,18207,-7,-7,fourth,4,9060,0,-2,second,2,50601,-7,-4,third,3,22102,-6,-8,zero,0,15222,-10,-14
1598779967302835481,first,1,18194,-7,-7,fourth,4,9054,-2,-3,second,2,50591,-5,-5,third,3,22099,0,-9,zero,0,15206,-8,-16
1598779967414826293,first,1,18183,-5,-6,fourth,4,9043,-5,-3,second,2,50584,-3,-3,third,3,22099,0,-9,zero,0,15199,-2,-12
1598779967526589643,first,1,18182,0,-5,fourth,4,9042,0,-2,second,2,50583,0,-4,third,3,22099,0,-11,zero,0,15199,0,-18
1598779967638559483,first,1,18181,0,-7,fourth,4,9043,0,-2,second,2,50583,0,-4,third,3,22098,0,-11,zero,0,15199,0,-14
1598779967750746233,first,1,18182,0,-6,fourth,4,9044,0,-4,second,2,50584,0,-5,third,3,22098,0,-12,zero,0,15198,0,-16
1598779967862594398,first,1,18182,0,-7,fourth,4,9043,0,-3,second,2,50584,0,-4,third,3,22098,0,-12,zero,0,15198,0,-14
1598779967975006598,first,1,18182,0,-7,fourth,4,9044,0,-4,second,2,50584,0,-5,third,3,22096,0,-13,zero,0,15198,0,-12
1598779968086541816,first,1,18182,0,-5,fourth,4,9043,0,-3,second,2,50584,0,-4,third,3,22089,-2,-10,zero,0,15198,0,-14
1598779968198592948,first,1,18182,0,-7,fourth,4,9041,0,-6,second,2,50584,0,-6,third,3,22084,-2,-11,zero,0,15197,0,-16
1598779968310311644,first,1,18182,0,-7,fourth,4,9032,-4,-4,second,2,50584,0,-4,third,3,22080,-1,-13,zero,0,15196,0,-16
1598779968422465458,first,1,18182,0,-7,fourth,4,9026,-3,-5,second,2,50583,0,-6,third,3,22068,-5,-14,zero,0,15197,0,-14
1598779968423051795,first,1,18182,0,-7,fourth,4,9026,-3,-5,second,2,50583,0,-6,third,3,22068,-5,-14,zero,0,15197,0,-14
1598779968534767401,first,1,18182,0,-6,fourth,4,9025,0,-4,second,2,50575,-3,-5,third,3,22052,-9,-11,zero,0,15196,0,-17
1598779968646832118,first,1,18182,0,-6,fourth,4,9020,-1,-5,second,2,50555,-10,-6,third,3,22042,-4,-14,zero,0,15195,0,-15
1598779968759000050,first,1,18182,0,-6,fourth,4,9004,-8,-5,second,2,50533,-11,-5,third,3,22030,-5,-11,zero,0,15195,0,-18
1598779968870887027,first,1,18182,0,-7,fourth,4,8989,-7,-6,second,2,50515,-10,-5,third,3,22008,-10,-14,zero,0,15194,0,-16
1598779968982687400,first,1,18182,0,-6,fourth,4,8975,-7,-2,second,2,50499,-9,-5,third,3,21984,-13,-13,zero,0,15190,0,-15
1598779969094630072,first,1,18182,0,-5,fourth,4,8963,-6,-4,second,2,50486,-7,-6,third,3,21965,-9,-12,zero,0,15181,-3,-14
1598779969206154533,first,1,18181,0,-6,fourth,4,8949,-6,-3,second,2,50472,-7,-5,third,3,21947,-9,-11,zero,0,15163,-9,-16
1598779969318475674,first,1,18182,0,-5,fourth,4,8936,-6,-3,second,2,50461,-5,-4,third,3,21923,-12,-11,zero,0,15146,-8,-13
1598779969430566585,first,1,18182,0,-5,fourth,4,8922,-6,-3,second,2,50452,-4,-5,third,3,21896,-14,-10,zero,0,15143,0,-12
1598779969542619747,first,1,18181,0,-5,fourth,4,8908,-6,-4,second,2,50440,-5,-5,third,3,21878,-9,-11,zero,0,15144,0,-14
1598779969654554437,first,1,18181,0,-5,fourth,4,8895,-6,-2,second,2,50428,-5,-4,third,3,21862,-8,-9,zero,0,15144,0,-13
1598779969654691438,first,1,18181,0,-5,fourth,4,8895,-6,-2,second,2,50428,-5,-4,third,3,21862,-8,-9,zero,0,15144,0,-13
1598779969766758782,first,1,18182,0,-4,fourth,4,8889,-2,-4,second,2,50416,-5,-5,third,3,21851,-6,-12,zero,0,15143,0,-11
1598779969878842788,first,1,18182,0,-6,fourth,4,8889,0,-3,second,2,50406,-5,-4,third,3,21839,-5,-12,zero,0,15143,0,-12
1598779969990707582,first,1,18182,0,-3,fourth,4,8889,0,-3,second,2,50398,-4,-5,third,3,21838,0,-11,zero,0,15143,0,-15
1598779970102752820,first,1,18182,0,-5,fourth,4,8886,0,-3,second,2,50397,0,-4,third,3,21838,0,-12,zero,0,15144,0,-13
1598779970214682540,first,1,18182,0,-4,fourth,4,8885,0,-3,second,2,50397,0,-5,third,3,21838,0,-13,zero,0,15143,0,-12
1598779970326651035,first,1,18182,0,-1,fourth,4,8885,0,-4,second,2,50397,0,-5,third,3,21838,0,-13,zero,0,15143,0,-11
1598779970438641129,first,1,18182,0,-3,fourth,4,8885,0,-4,second,2,50396,0,-5,third,3,21838,0,-12,zero,0,15143,0,-11
1598779970550646645,first,1,18182,0,-4,fourth,4,8885,0,-4,second,2,50397,0,-4,third,3,21838,0,-11,zero,0,15143,0,-12
1598779970662685150,first,1,18182,0,-3,fourth,4,8884,0,-3,second,2,50397,0,-5,third,3,21837,0,-13,zero,0,15143,0,-12
1598779970774994647,first,1,18183,0,-3,fourth,4,8878,-2,-6,second,2,50397,0,-5,third,3,21838,0,-14,zero,0,15144,0,-10
1598779970775635473,first,1,18183,0,-3,fourth,4,8878,-2,-6,second,2,50397,0,-5,third,3,21838,0,-14,zero,0,15144,0,-10
1598779970886730652,first,1,18184,0,-3,fourth,4,8874,-1,-4,second,2,50397,0,-7,third,3,21837,0,-14,zero,0,15144,0,-14
1598779970998684793,first,1,18184,0,-3,fourth,4,8873,0,-5,second,2,50397,0,-6,third,3,21837,0,-13,zero,0,15143,0,-10
1598779971110669157,first,1,18184,0,-1,fourth,4,8874,0,-4,second,2,50397,0,-8,third,3,21837,0,-13,zero,0,15143,0,-9
1598779971221943562,first,1,18185,0,0,fourth,4,8873,0,-4,second,2,50397,0,-7,third,3,21837,0,-13,zero,0,15143,0,-13
1598779971334656678,first,1,18185,0,-1,fourth,4,8873,0,-6,second,2,50396,0,-8,third,3,21836,0,-16,zero,0,15144,0,-10
1598779971446765867,first,1,18185,0,-2,fourth,4,8873,0,-5,second,2,50397,0,-7,third,3,21836,0,-15,zero,0,15143,0,-11
1598779971558562468,first,1,18186,0,0,fourth,4,8874,0,-6,second,2,50396,0,-7,third,3,21835,0,-17,zero,0,15143,0,-10
1598779971670756365,first,1,18186,0,0,fourth,4,8873,0,-6,second,2,50396,0,-8,third,3,21826,-3,-18,zero,0,15143,0,-9
1598779971782514018,first,1,18186,0,0,fourth,4,8865,-3,-6,second,2,50395,0,-8,third,3,21807,-9,-16,zero,0,15143,0,-11
1598779971894384046,first,1,18186,0,0,fourth,4,8845,-9,-6,second,2,50381,-8,-8,third,3,21786,-11,-16,zero,0,15143,0,-12
1598779972006471863,first,1,18186,0,0,fourth,4,8828,-9,-4,second,2,50354,-13,-7,third,3,21761,-13,-17,zero,0,15143,0,-8
1598779972118441130,first,1,18187,0,0,fourth,4,8811,-8,-4,second,2,50327,-14,-7,third,3,21732,-15,-14,zero,0,15143,0,-7
1598779972230408987,first,1,18191,0,0,fourth,4,8792,-9,-6,second,2,50307,-11,-6,third,3,21709,-11,-15,zero,0,15142,0,-7
1598779972342536415,first,1,18194,1,0,fourth,4,8777,-7,-4,second,2,50287,-10,-5,third,3,21695,-7,-16,zero,0,15143,0,-8
1598779972454965115,first,1,18197,0,0,fourth,4,8770,-3,-6,second,2,50273,-7,-6,third,3,21681,-7,-13,zero,0,15142,0,-7
1598779972566393410,first,1,18203,1,0,fourth,4,8761,-3,-6,second,2,50263,-4,-5,third,3,21665,-7,-15,zero,0,15142,0,-8
1598779972678430763,first,1,18223,10,1,fourth,4,8749,-5,-5,second,2,50262,0,-6,third,3,21651,-7,-14,zero,0,15142,0,-8
1598779972790295895,first,1,18285,34,1,fourth,4,8734,-6,-5,second,2,50261,0,-6,third,3,21633,-8,-12,zero,0,15142,0,-10
1598779972902346912,first,1,18328,22,2,fourth,4,8716,-8,-5,second,2,50262,0,-5,third,3,21611,-11,-13,zero,0,15142,0,-5
1598779972902539601,first,1,18328,22,2,fourth,4,8716,-8,-5,second,2,50262,0,-5,third,3,21611,-11,-13,zero,0,15142,0,-5
1598779973014504983,first,1,18328,0,0,fourth,4,8699,-9,-4,second,2,50261,0,-5,third,3,21586,-13,-12,zero,0,15142,0,-9
1598779973126501409,first,1,18329,0,0,fourth,4,8683,-8,-3,second,2,50261,0,-6,third,3,21561,-13,-13,zero,0,15142,0,-5
1598779973237860618,first,1,18329,0,0,fourth,4,8667,-7,-3,second,2,50249,-7,-7,third,3,21544,-8,-11,zero,0,15143,0,-4
1598779973350588673,first,1,18331,0,0,fourth,4,8655,-5,-3,second,2,50226,-11,-6,third,3,21541,-1,-14,zero,0,15142,0,-4
1598779973462496919,first,1,18333,0,0,fourth,4,8654,0,-2,second,2,50207,-10,-5,third,3,21539,0,-14,zero,0,15142,0,-4
1598779973574595761,first,1,18345,6,1,fourth,4,8654,0,-4,second,2,50196,-4,-4,third,3,21539,0,-13,zero,0,15142,0,-3
1598779973686546050,first,1,18387,23,1,fourth,4,8654,0,-4,second,2,50197,0,-4,third,3,21538,0,-12,zero,0,15142,0,-6
1598779973798539917,first,1,18452,35,1,fourth,4,8654,0,-4,second,2,50197,0,-6,third,3,21538,0,-13,zero,0,15143,0,-3
1598779973910522770,first,1,18497,22,4,fourth,4,8654,0,-3,second,2,50197,0,-5,third,3,21538,0,-12,zero,0,15144,0,-3
1598779974022549149,first,1,18497,0,0,fourth,4,8654,0,-3,second,2,50197,0,-6,third,3,21538,0,-14,zero,0,15148,0,-2
1598779974134349775,first,1,18498,0,0,fourth,4,8654,0,-5,second,2,50197,0,-5,third,3,21538,0,-14,zero,0,15151,0,-2
1598779974246503553,first,1,18499,0,0,fourth,4,8654,0,-5,second,2,50197,0,-6,third,3,21538,0,-15,zero,0,15153,0,1
1598779974358287300,first,1,18502,0,0,fourth,4,8653,0,-5,second,2,50197,0,-5,third,3,21538,0,-13,zero,0,15157,0,0
1598779974470365397,first,1,18513,5,2,fourth,4,8654,0,-5,second,2,50197,0,-6,third,3,21537,0,-15,zero,0,15159,0,0
1598779974582382819,first,1,18551,20,1,fourth,4,8653,0,-5,second,2,50197,0,-4,third,3,21537,0,-15,zero,0,15161,0,-1
1598779974694457780,first,1,18591,21,1,fourth,4,8653,0,-6,second,2,50197,0,-7,third,3,21537,0,-16,zero,0,15164,0,0
1598779974694542541,first,1,18591,21,1,fourth,4,8653,0,-6,second,2,50197,0,-7,third,3,21537,0,-16,zero,0,15164,0,0
1598779974806496589,first,1,18616,12,0,fourth,4,8649,0,-6,second,2,50198,0,-6,third,3,21537,0,-15,zero,0,15166,0,0
1598779974918380406,first,1,18618,0,0,fourth,4,8646,0,-6,second,2,50197,0,-7,third,3,21535,0,-14,zero,0,15172,1,0
1598779975030450862,first,1,18621,0,0,fourth,4,8643,0,-6,second,2,50197,0,-7,third,3,21521,-6,-15,zero,0,15176,1,0
1598779975142705213,first,1,18631,5,1,fourth,4,8626,-8,-4,second,2,50197,0,-6,third,3,21495,-12,-17,zero,0,15181,1,0
1598779975253856196,first,1,18671,21,1,fourth,4,8603,-12,-5,second,2,50197,0,-5,third,3,21472,-12,-14,zero,0,15187,2,0
1598779975366464875,first,1,18712,21,1,fourth,4,8585,-9,-6,second,2,50197,0,-7,third,3,21453,-10,-14,zero,0,15208,15,1
1598779975478415471,first,1,18738,12,0,fourth,4,8569,-8,-5,second,2,50186,-5,-7,third,3,21433,-10,-14,zero,0,15272,37,1
1598779975590401838,first,1,18740,0,0,fourth,4,8551,-8,-4,second,2,50164,-11,-6,third,3,21415,-10,-12,zero,0,15322,20,2
1598779975702328588,first,1,18743,0,0,fourth,4,8532,-9,-3,second,2,50143,-11,-7,third,3,21398,-9,-12,zero,0,15331,2,0
1598779975814244760,first,1,18754,5,1,fourth,4,8515,-9,-4,second,2,50126,-9,-4,third,3,21382,-8,-13,zero,0,15333,0,0
1598779975926307877,first,1,18790,19,1,fourth,4,8504,-5,-4,second,2,50114,-6,-5,third,3,21374,-3,-11,zero,0,15335,0,0
1598779976038248531,first,1,18835,24,2,fourth,4,8505,0,-4,second,2,50111,0,-5,third,3,21374,0,-12,zero,0,15353,13,1
1598779976038328649,first,1,18835,24,2,fourth,4,8505,0,-4,second,2,50111,0,-5,third,3,21374,0,-12,zero,0,15353,13,1
1598779976150499978,first,1,18878,22,1,fourth,4,8505,0,-4,second,2,50111,0,-5,third,3,21374,0,-13,zero,0,15413,35,1
1598779976262343279,first,1,18880,0,0,fourth,4,8499,-2,-4,second,2,50111,0,-5,third,3,21374,0,-14,zero,0,15458,19,1
1598779976374410611,first,1,18883,0,0,fourth,4,8485,-7,-3,second,2,50111,0,-5,third,3,21374,0,-12,zero,0,15465,0,0
1598779976486471274,first,1,18894,5,1,fourth,4,8483,0,-4,second,2,50111,0,-5,third,3,21374,0,-12,zero,0,15466,0,0
1598779976598400406,first,1,18930,19,1,fourth,4,8484,0,-4,second,2,50111,0,-5,third,3,21374,0,-12,zero,0,15468,0,0
1598779976710490388,first,1,18975,23,1,fourth,4,8484,0,-5,second,2,50111,0,-5,third,3,21374,0,-13,zero,0,15482,10,1
1598779976822442586,first,1,19018,22,1,fourth,4,8484,0,-4,second,2,50111,0,-4,third,3,21374,0,-13,zero,0,15535,31,1
1598779976934346108,first,1,19019,0,0,fourth,4,8475,-3,-5,second,2,50111,0,-5,third,3,21374,0,-12,zero,0,15592,31,1
1598779977046492971,first,1,19023,0,0,fourth,4,8462,-5,-3,second,2,50110,0,-5,third,3,21374,0,-12,zero,0,15633,16,1
1598779977158411325,first,1,19034,5,1,fourth,4,8456,-2,-4,second,2,50111,0,-4,third,3,21373,0,-12,zero,0,15639,1,0
1598779977269855005,first,1,19071,19,1,fourth,4,8456,0,-5,second,2,50111,0,-4,third,3,21373,0,-14,zero,0,15641,0,0
1598779977382189363,first,1,19116,24,3,fourth,4,8456,0,-6,second,2,50111,0,-4,third,3,21373,0,-13,zero,0,15646,1,0
1598779977494238276,first,1,19157,21,-3,fourth,4,8456,0,-5,second,2,50111,0,-5,third,3,21373,0,-13,zero,0,15649,1,0
1598779977606146677,first,1,19160,0,0,fourth,4,8456,0,-5,second,2,50111,0,-4,third,3,21373,0,-12,zero,0,15663,10,1
1598779977718172677,first,1,19163,0,0,fourth,4,8456,0,-4,second,2,50111,0,-4,third,3,21373,0,-13,zero,0,15716,29,1
1598779977830216903,first,1,19177,6,1,fourth,4,8452,0,-7,second,2,50111,0,-4,third,3,21373,0,-12,zero,0,15771,29,1
1598779977942106435,first,1,19226,27,1,fourth,4,8438,-6,-5,second,2,50111,0,-3,third,3,21373,0,-14,zero,0,15809,15,1
1598779978054137861,first,1,19299,41,1,fourth,4,8429,-4,-6,second,2,50111,0,-3,third,3,21373,0,-14,zero,0,15813,1,0
1598779978167252314,first,1,19360,32,1,fourth,4,8428,0,-5,second,2,50111,0,-4,third,3,21373,0,-11,zero,0,15815,0,0
1598779978278222008,first,1,19363,0,0,fourth,4,8429,0,-4,second,2,50111,0,-4,third,3,21373,0,-12,zero,0,15829,10,1
1598779978390193415,first,1,19363,0,0,fourth,4,8428,0,-4,second,2,50111,0,-4,third,3,21373,0,-11,zero,0,15879,28,1
1598779978502182141,first,1,19365,0,0,fourth,4,8424,0,-5,second,2,50111,0,-4,third,3,21373,0,-11,zero,0,15934,28,1
1598779978613600968,first,1,19367,0,0,fourth,4,8409,-7,-3,second,2,50111,0,-4,third,3,21373,0,-12,zero,0,15972,15,2
1598779978613629805,first,1,19367,0,0,fourth,4,8409,-7,-3,second,2,50111,0,-4,third,3,21373,0,-12,zero,0,15972,15,2
1598779978726300076,first,1,19381,6,2,fourth,4,8403,-2,-5,second,2,50110,0,-4,third,3,21373,0,-12,zero,0,15976,1,0
1598779978838294948,first,1,19430,27,2,fourth,4,8403,0,-5,second,2,50111,0,-4,third,3,21372,0,-12,zero,0,15978,0,0
1598779978950283681,first,1,19505,41,1,fourth,4,8403,0,-5,second,2,50111,0,-3,third,3,21372,0,-14,zero,0,15991,9,1
1598779979062244245,first,1,19566,32,-12,fourth,4,8403,0,-4,second,2,50111,0,-3,third,3,21372,0,-12,zero,0,16041,27,1
1598779979174594112,first,1,19569,0,0,fourth,4,8397,-1,-6,second,2,50111,0,-3,third,3,21372,0,-11,zero,0,16093,28,1
1598779979286005389,first,1,19569,0,0,fourth,4,8382,-7,-6,second,2,50111,0,-3,third,3,21372,0,-13,zero,0,16129,14,-2
1598779979398108054,first,1,19571,0,0,fourth,4,8377,-2,-5,second,2,50111,0,-3,third,3,21372,0,-14,zero,0,16132,0,0
1598779979510017968,first,1,19574,0,0,fourth,4,8377,0,-5,second,2,50111,0,-3,third,3,21372,0,-14,zero,0,16134,0,0
1598779979622153969,first,1,19585,5,1,fourth,4,8377,0,-4,second,2,50111,0,-2,third,3,21372,0,-12,zero,0,16148,10,1
1598779979734068121,first,1,19626,23,1,fourth,4,8377,0,-5,second,2,50111,0,-3,third,3,21372,0,-11,zero,0,16199,29,1
1598779979734146727,first,1,19626,23,1,fourth,4,8377,0,-5,second,2,50111,0,-3,third,3,21372,0,-11,zero,0,16199,29,1
1598779979846577656,first,1,19694,38,1,fourth,4,8373,0,-5,second,2,50111,0,-2,third,3,21372,0,-10,zero,0,16254,29,1
1598779979958295641,first,1,19752,30,1,fourth,4,8361,-5,-3,second,2,50111,0,-2,third,3,21372,0,-12,zero,0,16290,14,-1
1598779980070241855,first,1,19754,0,0,fourth,4,8357,0,-5,second,2,50111,0,-2,third,3,21371,0,-10,zero,0,16292,0,0
1598779980181586876,first,1,19754,0,0,fourth,4,8357,0,-5,second,2,50111,0,-2,third,3,21371,0,-12,zero,0,16294,0,0
1598779980294576541,first,1,19764,4,3,fourth,4,8357,0,-5,second,2,50111,0,0,third,3,21371,0,-13,zero,0,16306,9,2
1598779980406295566,first,1,19799,19,1,fourth,4,8357,0,-4,second,2,50111,0,0,third,3,21371,0,-13,zero,0,16356,28,1
1598779980518306156,first,1,19844,24,1,fourth,4,8353,0,-4,second,2,50111,0,0,third,3,21371,0,-11,zero,0,16417,35,1
1598779980630328635,first,1,19886,22,3,fourth,4,8339,-6,-4,second,2,50111,0,-1,third,3,21371,0,-9,zero,0,16472,22,1
1598779980742197201,first,1,19887,0,0,fourth,4,8330,-4,0,second,2,50111,0,0,third,3,21371,0,-9,zero,0,16477,0,0
1598779980854292513,first,1,19886,0,0,fourth,4,8331,0,-4,second,2,50111,0,0,third,3,21371,0,-11,zero,0,16478,0,0
1598779980966087927,first,1,19896,3,1,fourth,4,8331,0,-3,second,2,50111,0,0,third,3,21371,0,-10,zero,0,16490,9,2
1598779981078046809,first,1,19932,20,1,fourth,4,8331,0,-3,second,2,50111,0,0,third,3,21371,0,-10,zero,0,16536,25,1
1598779981189497748,first,1,19978,24,2,fourth,4,8331,0,-5,second,2,50111,0,0,third,3,21371,0,-8,zero,0,16592,33,1
1598779981302189427,first,1,20020,22,5,fourth,4,8321,-4,-4,second,2,50111,0,0,third,3,21371,0,-10,zero,0,16646,21,1
1598779981414040405,first,1,20023,0,0,fourth,4,8309,-5,-5,second,2,50111,0,0,third,3,21371,0,-9,zero,0,16649,0,0
1598779981414101028,first,1,20023,0,0,fourth,4,8309,-5,-5,second,2,50111,0,0,third,3,21371,0,-9,zero,0,16649,0,0
1598779981526281588,first,1,20026,0,0,fourth,4,8309,0,-4,second,2,50111,0,0,third,3,21371,0,-10,zero,0,16650,0,0
1598779981638086787,first,1,20039,6,2,fourth,4,8309,0,-4,second,2,50113,0,0,third,3,21371,0,-7,zero,0,16662,8,2
1598779981750175764,first,1,20089,28,1,fourth,4,8309,0,-3,second,2,50115,0,0,third,3,21371,0,-9,zero,0,16706,24,1
1598779981862722594,first,1,20164,42,1,fourth,4,8310,0,-4,second,2,50117,0,0,third,3,21371,0,-7,zero,0,16759,30,2
1598779981974440334,first,1,20226,32,2,fourth,4,8304,-1,-4,second,2,50120,0,0,third,3,21371,0,-9,zero,0,16808,19,-5
1598779982086425928,first,1,20228,0,0,fourth,4,8291,-6,-4,second,2,50125,0,0,third,3,21371,0,-7,zero,0,16813,1,0
1598779982198211955,first,1,20228,0,0,fourth,4,8289,0,-2,second,2,50129,0,0,third,3,21371,0,-8,zero,0,16815,0,0
1598779982310135171,first,1,20230,0,0,fourth,4,8289,0,0,second,2,50144,10,1,third,3,21371,0,-7,zero,0,16828,10,2
1598779982421951368,first,1,20233,0,0,fourth,4,8289,0,-2,second,2,50194,28,1,third,3,21371,0,-6,zero,0,16882,33,1
1598779982533997157,first,1,20244,5,1,fourth,4,8289,0,-2,second,2,50229,13,3,third,3,21371,0,-6,zero,0,16964,47,1
1598779982534052877,first,1,20244,5,1,fourth,4,8289,0,-2,second,2,50229,13,3,third,3,21371,0,-6,zero,0,16964,47,1
1598779982646167435,first,1,20284,22,1,fourth,4,8285,0,-2,second,2,50229,0,0,third,3,21371,0,-5,zero,0,17029,25,3
1598779982758192062,first,1,20333,26,1,fourth,4,8273,-5,-2,second,2,50229,0,0,third,3,21371,0,-6,zero,0,17033,0,0
1598779982870106862,first,1,20379,23,3,fourth,4,8269,0,-1,second,2,50229,0,0,third,3,21371,0,-6,zero,0,17034,0,0
1598779982982132756,first,1,20379,0,0,fourth,4,8270,0,-2,second,2,50230,0,0,third,3,21371,0,-4,zero,0,17036,0,0
1598779983094324282,first,1,20379,0,0,fourth,4,8270,0,-2,second,2,50234,0,0,third,3,21371,0,-6,zero,0,17041,0,0
1598779983205574802,first,1,20388,4,2,fourth,4,8270,0,-2,second,2,50237,0,0,third,3,21371,0,-5,zero,0,17057,11,3
1598779983318221025,first,1,20423,19,1,fourth,4,8270,0,-2,second,2,50240,0,0,third,3,21371,0,-5,zero,0,17110,31,2
1598779983430165563,first,1,20468,23,1,fourth,4,8270,0,-2,second,2,50253,9,1,third,3,21372,0,-4,zero,0,17188,44,1
1598779983541871633,first,1,20510,22,2,fourth,4,8270,0,-2,second,2,50297,25,1,third,3,21372,0,-4,zero,0,17247,22,1
1598779983654009554,first,1,20511,0,0,fourth,4,8270,0,-2,second,2,50341,24,1,third,3,21372,0,-3,zero,0,17248,0,0
1598779983765839409,first,1,20511,0,0,fourth,4,8270,0,-2,second,2,50369,10,0,third,3,21372,0,-4,zero,0,17248,0,0
1598779983766124090,first,1,20511,0,0,fourth,4,8270,0,-2,second,2,50369,10,0,third,3,21372,0,-4,zero,0,17248,0,0
1598779983878094425,first,1,20519,3,1,fourth,4,8270,0,-1,second,2,50369,0,0,third,3,21373,0,-3,zero,0,17257,6,2
1598779983990184494,first,1,20553,18,1,fourth,4,8269,0,-1,second,2,50369,0,0,third,3,21374,0,-3,zero,0,17294,20,1
1598779984102158963,first,1,20595,22,1,fourth,4,8266,0,0,second,2,50371,0,0,third,3,21375,0,-1,zero,0,17339,26,2
1598779984214191457,first,1,20636,21,1,fourth,4,8264,0,0,second,2,50371,0,0,third,3,21376,0,-2,zero,0,17381,15,0
1598779984326107034,first,1,20637,0,0,fourth,4,8261,0,0,second,2,50373,0,0,third,3,21377,0,1,zero,0,17384,1,0
1598779984438090079,first,1,20637,0,0,fourth,4,8259,0,0,second,2,50376,0,0,third,3,21378,0,0,zero,0,17388,1,0
1598779984550175346,first,1,20645,3,1,fourth,4,8258,0,0,second,2,50388,8,1,third,3,21379,0,0,zero,0,17403,10,4
1598779984662151354,first,1,20680,19,1,fourth,4,8258,0,0,second,2,50426,23,1,third,3,21381,0,-1,zero,0,17452,29,3
1598779984773999013,first,1,20719,20,1,fourth,4,8258,0,0,second,2,50469,23,1,third,3,21383,0,0,zero,0,17522,40,1
1598779984885815442,first,1,20743,12,0,fourth,4,8258,0,0,second,2,50499,10,0,third,3,21385,0,0,zero,0,17577,20,0
1598779984998029602,first,1,20745,0,0,fourth,4,8258,0,0,second,2,50499,0,0,third,3,21387,0,1,zero,0,17579,0,0
1598779985109828626,first,1,20748,0,0,fourth,4,8258,0,0,second,2,50498,0,0,third,3,21389,0,0,zero,0,17579,0,0
1598779985221372471,first,1,20759,5,2,fourth,4,8258,0,0,second,2,50500,0,0,third,3,21392,0,0,zero,0,17588,6,1
1598779985221385358,first,1,20759,5,2,fourth,4,8258,0,0,second,2,50500,0,0,third,3,21392,0,0,zero,0,17588,6,1
1598779985334154721,first,1,20795,19,1,fourth,4,8258,0,0,second,2,50502,0,0,third,3,21399,1,0,zero,0,17624,19,1
1598779985445996122,first,1,20832,20,1,fourth,4,8258,0,0,second,2,50510,7,1,third,3,21418,9,2,zero,0,17668,25,1
1598779985558108540,first,1,20855,11,0,fourth,4,8259,0,0,second,2,50549,21,1,third,3,21476,33,1,zero,0,17707,14,0
1598779985670156882,first,1,20857,0,0,fourth,4,8260,0,0,second,2,50587,20,1,third,3,21518,21,1,zero,0,17710,0,0
1598779985781948080,first,1,20860,0,0,fourth,4,8262,0,0,second,2,50610,7,0,third,3,21519,0,0,zero,0,17713,0,0
1598779985894085396,first,1,20872,5,1,fourth,4,8265,0,0,second,2,50610,0,0,third,3,21519,0,0,zero,0,17728,9,3
1598779986006099048,first,1,20909,20,1,fourth,4,8267,0,0,second,2,50610,0,0,third,3,21519,0,0,zero,0,17775,28,1
1598779986117820480,first,1,20949,20,1,fourth,4,8270,0,0,second,2,50613,0,0,third,3,21523,1,0,zero,0,17845,39,2
1598779986229800796,first,1,20973,12,0,fourth,4,8273,0,0,second,2,50616,0,0,third,3,21525,0,0,zero,0,17899,20,3
1598779986229923704,first,1,20973,12,0,fourth,4,8273,0,0,second,2,50616,0,0,third,3,21525,0,0,zero,0,17899,20,3
1598779986341930723,first,1,20973,0,0,fourth,4,8277,0,0,second,2,50628,9,1,third,3,21538,6,1,zero,0,17900,0,0
1598779986454177535,first,1,20973,0,0,fourth,4,8282,0,0,second,2,50670,22,1,third,3,21583,24,1,zero,0,17900,0,0
1598779986566011760,first,1,20975,0,0,fourth,4,8287,1,0,second,2,50710,22,1,third,3,21626,24,1,zero,0,17908,5,2
1598779986678003625,first,1,20978,0,0,fourth,4,8293,1,0,second,2,50738,9,0,third,3,21654,13,0,zero,0,17943,18,1
1598779986790480832,first,1,20991,6,1,fourth,4,8299,1,0,second,2,50737,0,0,third,3,21655,0,0,zero,0,17984,24,1
1598779986902007551,first,1,21030,21,1,fourth,4,8305,1,0,second,2,50739,0,0,third,3,21655,0,0,zero,0,18020,12,0
1598779987013952485,first,1,21072,22,1,fourth,4,8323,9,1,second,2,50740,0,0,third,3,21658,0,0,zero,0,18022,0,0
1598779987125718970,first,1,21096,13,0,fourth,4,8374,28,1,second,2,50743,0,0,third,3,21664,1,0,zero,0,18026,0,0
1598779987237267802,first,1,21097,0,0,fourth,4,8408,17,-1,second,2,50756,8,1,third,3,21680,8,1,zero,0,18036,6,1
1598779987350124088,first,1,21096,0,0,fourth,4,8409,0,0,second,2,50795,22,1,third,3,21735,30,1,zero,0,18068,17,1
1598779987461149398,first,1,21098,0,0,fourth,4,8410,0,0,second,2,50838,22,1,third,3,21773,19,0,zero,0,18105,21,1
1598779987573925392,first,1,21102,0,0,fourth,4,8410,0,0,second,2,50864,9,0,third,3,21773,0,0,zero,0,18140,12,0
1598779987685850139,first,1,21105,0,0,fourth,4,8411,0,0,second,2,50865,0,0,third,3,21776,0,0,zero,0,18142,0,0
1598779987797737150,first,1,21108,0,0,fourth,4,8411,0,0,second,2,50867,0,0,third,3,21778,0,0,zero,0,18146,0,0
1598779987909796386,first,1,21119,5,2,fourth,4,8414,0,0,second,2,50875,6,1,third,3,21788,4,2,zero,0,18156,6,1
1598779988021724749,first,1,21155,19,1,fourth,4,8417,0,0,second,2,50913,21,1,third,3,21826,21,1,zero,0,18188,17,1
1598779988021796969,first,1,21155,19,1,fourth,4,8417,0,0,second,2,50913,21,1,third,3,21826,21,1,zero,0,18188,17,1
1598779988133983949,first,1,21178,11,0,fourth,4,8421,1,0,second,2,50954,22,1,third,3,21867,22,1,zero,0,18228,22,1
1598779988246058191,first,1,21178,0,0,fourth,4,8426,1,0,second,2,50979,9,0,third,3,21890,11,0,zero,0,18263,12,0
1598779988357849495,first,1,21178,0,0,fourth,4,8431,1,0,second,2,50979,0,0,third,3,21890,0,0,zero,0,18265,0,0
1598779988469994671,first,1,21178,0,0,fourth,4,8437,1,0,second,2,50979,0,0,third,3,21890,0,0,zero,0,18269,0,0
1598779988581970047,first,1,21180,0,0,fourth,4,8441,1,0,second,2,50988,6,2,third,3,21900,4,1,zero,0,18279,7,1
1598779988693931971,first,1,21183,0,0,fourth,4,8447,1,0,second,2,51025,20,1,third,3,21929,15,1,zero,0,18310,16,1
1598779988805882792,first,1,21186,0,0,fourth,4,8467,10,1,second,2,51063,20,1,third,3,21961,16,1,zero,0,18343,17,1
1598779988918271815,first,1,21190,0,0,fourth,4,8529,34,1,second,2,51087,8,0,third,3,21983,11,0,zero,0,18360,3,0
1598779989029854461,first,1,21193,0,0,fourth,4,8570,20,1,second,2,51089,0,0,third,3,21986,1,0,zero,0,18362,0,0
1598779989141848704,first,1,21196,0,0,fourth,4,8570,0,0,second,2,51091,0,0,third,3,21991,1,0,zero,0,18365,0,0
1598779989253149181,first,1,21199,0,0,fourth,4,8572,0,0,second,2,51103,8,1,third,3,22006,7,1,zero,0,18375,5,2
1598779989365918740,first,1,21202,0,0,fourth,4,8572,0,0,second,2,51141,21,1,third,3,22053,26,1,zero,0,18403,15,1
1598779989477852473,first,1,21206,0,0,fourth,4,8574,0,0,second,2,51181,21,1,third,3,22100,26,1,zero,0,18432,15,1
1598779989589742123,first,1,21209,0,0,fourth,4,8575,0,1,second,2,51206,9,0,third,3,22129,14,0,zero,0,18447,3,0
1598779989702021781,first,1,21213,0,0,fourth,4,8578,0,0,second,2,51206,0,0,third,3,22129,0,0,zero,0,18449,0,0
1598779989813703937,first,1,21216,0,0,fourth,4,8581,0,0,second,2,51206,0,0,third,3,22130,0,0,zero,0,18452,0,0
1598779989813764787,first,1,21216,0,0,fourth,4,8581,0,0,second,2,51206,0,0,third,3,22130,0,0,zero,0,18452,0,0
1598779989925843013,first,1,21219,0,0,fourth,4,8585,0,0,second,2,51215,6,1,third,3,22131,0,0,zero,0,18455,0,0
1598779990037776671,first,1,21223,0,0,fourth,4,8590,1,0,second,2,51253,20,1,third,3,22134,0,0,zero,0,18458,0,0
1598779990150179549,first,1,21226,0,0,fourth,4,8594,1,0,second,2,51291,20,1,third,3,22145,4,2,zero,0,18468,5,2
1598779990261811856,first,1,21229,0,0,fourth,4,8599,1,0,second,2,51315,8,0,third,3,22177,16,1,zero,0,18496,15,1
1598779990373864987,first,1,21233,0,0,fourth,4,8618,10,2,second,2,51315,0,0,third,3,22212,19,1,zero,0,18526,15,1
1598779990486104693,first,1,21236,0,0,fourth,4,8678,33,1,second,2,51315,0,0,third,3,22243,15,0,zero,0,18541,4,0
1598779990597979246,first,1,21240,0,0,fourth,4,8720,21,-7,second,2,51324,6,1,third,3,22247,1,0,zero,0,18541,0,0
1598779990709918523,first,1,21243,0,0,fourth,4,8721,0,0,second,2,51361,19,1,third,3,22252,1,0,zero,0,18541,0,0
1598779990821640610,first,1,21245,0,0,fourth,4,8721,0,0,second,2,51399,19,1,third,3,22266,7,2,zero,0,18541,0,0
1598779990821713252,first,1,21245,0,0,fourth,4,8721,0,0,second,2,51399,19,1,third,3,22266,7,2,zero,0,18541,0,0
1598779990933848279,first,1,21244,0,0,fourth,4,8722,0,0,second,2,51422,7,0,third,3,22306,21,1,zero,0,18541,0,0
1598779991045822792,first,1,21244,0,0,fourth,4,8724,0,0,second,2,51423,0,0,third,3,22346,21,1,zero,0,18543,0,0
1598779991157175528,first,1,21244,0,0,fourth,4,8725,0,0,second,2,51425,0,0,third,3,22369,11,0,zero,0,18546,0,0
1598779991269952125,first,1,21245,0,0,fourth,4,8728,0,0,second,2,51437,7,2,third,3,22370,0,0,zero,0,18550,0,0
1598779991381796020,first,1,21244,0,0,fourth,4,8732,0,0,second,2,51477,22,1,third,3,22373,0,0,zero,0,18553,0,0
1598779991493852545,first,1,21244,0,0,fourth,4,8737,1,0,second,2,51518,22,1,third,3,22381,3,1,zero,0,18556,0,0
1598779991605761208,first,1,21245,0,0,fourth,4,8742,1,0,second,2,51544,8,0,third,3,22408,13,1,zero,0,18559,0,0
1598779991717966755,first,1,21244,0,0,fourth,4,8760,9,2,second,2,51543,0,0,third,3,22436,13,1,zero,0,18562,0,0
1598779991829904640,first,1,21244,0,0,fourth,4,8817,32,1,second,2,51543,0,0,third,3,22449,6,0,zero,0,18565,0,0
1598779991941775018,first,1,21244,0,0,fourth,4,8856,20,-2,second,2,51545,0,0,third,3,22454,1,0,zero,0,18568,0,0
1598779992054050560,first,1,21244,0,0,fourth,4,8857,0,0,second,2,51548,0,0,third,3,22459,1,0,zero,0,18571,0,0
1598779992165826587,first,1,21244,0,0,fourth,4,8857,0,0,second,2,51560,7,1,third,3,22472,6,2,zero,0,18574,0,0
1598779992277811428,first,1,21244,0,0,fourth,4,8857,0,0,second,2,51599,21,1,third,3,22509,20,1,zero,0,18577,0,0
1598779992389797376,first,1,21244,0,-2,fourth,4,8858,0,0,second,2,51639,21,1,third,3,22546,20,1,zero,0,18580,0,0
1598779992502126841,first,1,21244,0,0,fourth,4,8859,0,0,second,2,51666,9,0,third,3,22568,10,0,zero,0,18583,0,0
1598779992613836807,first,1,21243,0,-1,fourth,4,8862,0,0,second,2,51666,0,0,third,3,22568,0,0,zero,0,18586,0,0
1598779992725794953,first,1,21242,0,-1,fourth,4,8867,0,0,second,2,51666,0,0,third,3,22568,0,0,zero,0,18589,0,0
1598779992837735897,first,1,21242,0,-3,fourth,4,8871,0,0,second,2,51675,6,3,third,3,22575,2,1,zero,0,18590,0,-1
1598779992949621596,first,1,21236,-1,-4,fourth,4,8875,1,0,second,2,51713,21,1,third,3,22599,12,1,zero,0,18590,0,-2
1598779993061543719,first,1,21219,-8,-4,fourth,4,8892,8,1,second,2,51754,21,1,third,3,22622,12,1,zero,0,18589,0,-1
1598779993173031282,first,1,21198,-10,-4,fourth,4,8939,26,1,second,2,51780,9,0,third,3,22637,6,0,zero,0,18588,0,-2
1598779993285602893,first,1,21180,-9,-3,fourth,4,8972,16,1,second,2,51780,0,0,third,3,22640,1,0,zero,0,18588,0,-4
1598779993397659733,first,1,21168,-6,-2,fourth,4,8972,0,0,second,2,51780,0,0,third,3,22644,1,0,zero,0,18580,-3,-1
1598779993509593974,first,1,21156,-5,-1,fourth,4,8972,0,0,second,2,51782,0,0,third,3,22658,6,1,zero,0,18563,-10,-5
1598779993621569889,first,1,21141,-7,-4,fourth,4,8972,0,0,second,2,51784,0,0,third,3,22697,20,1,zero,0,18540,-12,-2
1598779993733457427,first,1,21122,-9,-5,fourth,4,8975,0,0,second,2,51796,7,2,third,3,22735,20,1,zero,0,18520,-10,-3
1598779993845698753,first,1,21101,-11,-1,fourth,4,8979,0,0,second,2,51833,20,1,third,3,22758,10,0,zero,0,18501,-9,-2
1598779993957574964,first,1,21082,-9,-3,fourth,4,8983,0,0,second,2,51874,21,1,third,3,22758,0,0,zero,0,18485,-8,-1
1598779994069785136,first,1,21065,-8,-2,fourth,4,8987,0,0,second,2,51898,7,0,third,3,22758,0,0,zero,0,18469,-8,-1
1598779994181668147,first,1,21048,-8,-4,fourth,4,9002,7,1,second,2,51899,0,0,third,3,22758,0,0,zero,0,18454,-7,-2
1598779994293526926,first,1,21027,-10,-1,fourth,4,9046,23,1,second,2,51898,0,0,third,3,22760,0,0,zero,0,18437,-8,-1
1598779994405553838,first,1,21006,-10,-4,fourth,4,9074,14,0,second,2,51900,0,0,third,3,22762,0,0,zero,0,18421,-8,-3
1598779994517566238,first,1,20985,-10,-3,fourth,4,9075,0,0,second,2,51902,0,0,third,3,22766,0,0,zero,0,18401,-9,-1
1598779994629543997,first,1,20965,-10,-4,fourth,4,9075,0,0,second,2,51903,0,0,third,3,22770,0,0,zero,0,18380,-11,-4
1598779994741500966,first,1,20946,-10,-2,fourth,4,9075,0,0,second,2,51905,0,0,third,3,22773,0,0,zero,0,18357,-12,-2
1598779994853392337,first,1,20912,-18,-14,fourth,4,9087,6,2,second,2,51907,0,0,third,3,22791,9,7,zero,0,18321,-23,-14
1598779994965487776,first,1,20830,-46,-11,fourth,4,9140,29,2,second,2,51909,0,0,third,3,22857,36,3,zero,0,18246,-42,-8
1598779995077363421,first,1,20736,-52,-8,fourth,4,9187,25,1,second,2,51911,0,0,third,3,22948,49,1,zero,0,18162,-46,-7
1598779995189362663,first,1,20649,-48,-3,fourth,4,9189,0,0,second,2,51912,0,0,third,3,23009,30,-2,zero,0,18093,-36,-2
1598779995301613771,first,1,20582,-37,-3,fourth,4,9189,0,0,second,2,51915,0,0,third,3,23007,0,-2,zero,0,18048,-22,-1
1598779995413573050,first,1,20541,-22,-1,fourth,4,9189,0,0,second,2,51917,0,0,third,3,22997,-4,-1,zero,0,18033,-4,-1
1598779995525503661,first,1,20534,-1,0,fourth,4,9189,0,0,second,2,51919,0,0,third,3,22990,-3,-1,zero,0,18033,0,-1
1598779995637572062,first,1,20534,0,0,fourth,4,9189,0,0,second,2,51921,0,0,third,3,22989,0,0,zero,0,18033,0,-1
1598779995749457137,first,1,20534,0,0,fourth,4,9190,0,0,second,2,51924,0,0,third,3,22990,0,0,zero,0,18033,0,0
1598779995861505804,first,1,20534,0,0,fourth,4,9189,0,0,second,2,51926,0,0,third,3,22989,0,0,zero,0,18033,0,-1
1598779995973449563,first,1,20534,0,0,fourth,4,9189,0,0,second,2,51928,0,0,third,3,22989,0,0,zero,0,18033,0,-1
1598779995973505678,first,1,20534,0,0,fourth,4,9189,0,0,second,2,51928,0,0,third,3,22989,0,0,zero,0,18033,0,-1
1598779996086195183,first,1,20534,0,0,fourth,4,9189,0,0,second,2,51931,0,0,third,3,22989,0,0,zero,0,18033,0,-1
1598779996197586444,first,1,20534,0,0,fourth,4,9190,0,0,second,2,51932,0,0,third,3,22989,0,0,zero,0,18033,0,0
1598779996309616753,first,1,20534,0,0,fourth,4,9189,0,0,second,2,51934,0,0,third,3,22989,0,0,zero,0,18033,0,-1
1598779996421714815,first,1,20534,0,0,fourth,4,9189,0,0,second,2,51936,0,0,third,3,22989,0,0,zero,0,18033,0,-1
1598779996533516535,first,1,20534,0,0,fourth,4,9189,0,0,second,2,51938,0,0,third,3,22989,0,0,zero,0,18033,0,0
1598779996645761435,first,1,20534,0,0,fourth,4,9190,0,0,second,2,51940,0,0,third,3,22989,0,0,zero,0,18033,0,-1
1598779996757609376,first,1,20534,0,0,fourth,4,9189,0,0,second,2,51942,0,0,third,3,22989,0,0,zero,0,18033,0,0
1598779996869649571,first,1,20534,0,0,fourth,4,9189,0,0,second,2,51944,0,0,third,3,22989,0,0,zero,0,18033,0,-1
1598779996981551666,first,1,20534,0,0,fourth,4,9189,0,0,second,2,51946,0,0,third,3,22990,0,0,zero,0,18033,0,-1
1598779997093570475,first,1,20534,0,0,fourth,4,9190,0,0,second,2,51948,0,0,third,3,22990,0,0,zero,0,18033,0,0
1598779997204795342,first,1,20534,0,0,fourth,4,9189,0,0,second,2,51951,0,0,third,3,22989,0,0,zero,0,18033,0,0
1598779997317574223,first,1,20534,0,0,fourth,4,9190,0,0,second,2,51953,0,0,third,3,22989,0,0,zero,0,18033,0,-1
1598779997429691274,first,1,20534,0,0,fourth,4,9190,0,0,second,2,51955,0,0,third,3,22989,0,0,zero,0,18033,0,0
1598779997541533650,first,1,20534,0,0,fourth,4,9190,0,0,second,2,51957,0,0,third,3,22989,0,0,zero,0,18033,0,-1
1598779997653413001,first,1,20534,0,0,fourth,4,9190,0,0,second,2,51959,0,0,third,3,22989,0,0,zero,0,18033,0,0
1598779997765779084,first,1,20534,0,0,fourth,4,9190,0,0,second,2,51961,0,0,third,3,22989,0,0,zero,0,18033,0,-1
1598779997877577319,first,1,20534,0,0,fourth,4,9190,0,0,second,2,51964,0,0,third,3,22989,0,0,zero,0,18033,0,0
1598779997989611831,first,1,20534,0,0,fourth,4,9190,0,0,second,2,51966,0,0,third,3,22990,0,0,zero,0,18033,0,0
1598779998101349571,first,1,20534,0,0,fourth,4,9190,0,0,second,2,51969,0,0,third,3,22989,0,0,zero,0,18033,0,-1
1598779998213625361,first,1,20534,0,0,fourth,4,9190,0,0,second,2,51970,0,0,third,3,22989,0,0,zero,0,18033,0,0
1598779998325393607,first,1,20534,0,0,fourth,4,9190,0,0,second,2,51969,0,-1,third,3,22989,0,0,zero,0,18033,0,0
1598779998437543411,first,1,20534,0,0,fourth,4,9189,0,0,second,2,51970,0,0,third,3,22989,0,0,zero,0,18033,0,-1
1598779998549506609,first,1,20534,0,0,fourth,4,9190,0,0,second,2,51970,0,0,third,3,22989,0,0,zero,0,18033,0,-1
1598779998661711101,first,1,20534,0,0,fourth,4,9190,0,0,second,2,51970,0,0,third,3,22989,0,0,zero,0,18033,0,0
1598779998773486180,first,1,20534,0,0,fourth,4,9189,0,0,second,2,51969,0,0,third,3,22989,0,0,zero,0,18033,0,0
1598779998885562041,first,1,20534,0,0,fourth,4,9190,0,0,second,2,51970,0,1,third,3,22989,0,0,zero,0,18033,0,0
1598779998997394372,first,1,20534,0,0,fourth,4,9190,0,0,second,2,51970,0,0,third,3,22989,0,0,zero,0,18033,0,-1
1598779999109576099,first,1,20534,0,0,fourth,4,9189,0,0,second,2,51969,0,1,third,3,22989,0,0,zero,0,18033,0,-1
1598779999220752327,first,1,20534,0,0,fourth,4,9190,0,0,second,2,51970,0,0,third,3,22989,0,0,zero,0,18033,0,0
1598779999333414707,first,1,20534,0,0,fourth,4,9189,0,0,second,2,51970,0,-1,third,3,22989,0,0,zero,0,18033,0,0
1598779999445515373,first,1,20534,0,0,fourth,4,9189,0,0,second,2,51969,0,-1,third,3,22989,0,0,zero,0,18033,0,-1
1598779999557437976,first,1,20534,0,0,fourth,4,9189,0,0,second,2,51970,0,0,third,3,22989,0,0,zero,0,18033,0,-1
1598779999669440650,first,1,20534,0,0,fourth,4,9189,0,0,second,2,51970,0,0,third,3,22989,0,0,zero,0,18033,0,0
1598779999781491505,first,1,20535,0,0,fourth,4,9189,0,0,second,2,51969,0,0,third,3,22990,0,0,zero,0,18033,0,-1
1598779999893459846,first,1,20535,0,0,fourth,4,9189,0,0,second,2,51969,0,0,third,3,22989,0,0,zero,0,18033,0,0
1598780000005396774,first,1,20535,0,0,fourth,4,9190,0,0,second,2,51970,0,0,third,3,22989,0,0,zero,0,18033,0,-1
1598780000117464084,first,1,20534,0,0,fourth,4,9190,0,0,second,2,51970,0,0,third,3,22989,0,0,zero,0,18033,0,-1
1598780000229348090,first,1,20535,0,0,fourth,4,9189,0,0,second,2,51970,0,0,third,3,22989,0,0,zero,0,18033,0,-1
1598780000229507509,first,1,20535,0,0,fourth,4,9189,0,0,second,2,51970,0,0,third,3,22989,0,0,zero,0,18033,0,-1
1598780000341356606,first,1,20535,0,0,fourth,4,9189,0,0,second,2,51970,0,0,third,3,22989,0,0,zero,0,18033,0,-1
1598780000453597819,first,1,20534,0,0,fourth,4,9189,0,0,second,2,51970,0,0,third,3,22990,0,0,zero,0,18033,0,-1
1598780000565397750,first,1,20535,0,0,fourth,4,9189,0,0,second,2,51970,0,0,third,3,22990,0,0,zero,0,18033,0,0
1598780000677355723,first,1,20534,0,0,fourth,4,9189,0,0,second,2,51970,0,0,third,3,22990,0,0,zero,0,18033,0,0
1598780000789356098,first,1,20534,0,0,fourth,4,9189,0,0,second,2,51970,0,0,third,3,22989,0,0,zero,0,18033,0,0
1598780000901404699,first,1,20534,0,0,fourth,4,9189,0,0,second,2,51970,0,0,third,3,22989,0,0,zero,0,18033,0,0
1598780001013326938,first,1,20534,0,0,fourth,4,9190,0,0,second,2,51970,0,-1,third,3,22989,0,0,zero,0,18033,0,-1
1598780001125392849,first,1,20534,0,0,fourth,4,9189,0,0,second,2,51969,0,-1,third,3,22990,0,0,zero,0,18033,0,-2
1598780001236722642,first,1,20535,0,0,fourth,4,9190,0,0,second,2,51969,0,0,third,3,22989,0,0,zero,0,18033,0,-1
1598780001349598451,first,1,20534,0,0,fourth,4,9190,0,0,second,2,51970,0,0,third,3,22989,0,0,zero,0,18033,0,-1
1598780001461718922,first,1,20535,0,0,fourth,4,9189,0,0,second,2,51969,0,0,third,3,22989,0,0,zero,0,18033,0,-1
1598780001573266117,first,1,20534,0,0,fourth,4,9190,0,0,second,2,51969,0,0,third,3,22989,0,0,zero,0,18033,0,0
1598780001573818683,first,1,20534,0,0,fourth,4,9190,0,0,second,2,51969,0,0,third,3,22989,0,0,zero,0,18033,0,0
1598780001685462787,first,1,20534,0,0,fourth,4,9190,0,0,second,2,51970,0,0,third,3,22989,0,0,zero,0,18033,0,-1
1598780001797360918,first,1,20535,0,0,fourth,4,9189,0,0,second,2,51970,0,0,third,3,22989,0,0,zero,0,18033,0,0
1598780001909400842,first,1,20534,0,0,fourth,4,9190,0,0,second,2,51970,0,0,third,3,22989,0,0,zero,0,18033,0,-1
1598780002021483820,first,1,20535,0,0,fourth,4,9189,0,0,second,2,51970,0,0,third,3,22989,0,0,zero,0,18033,0,0
1598780002133331763,first,1,20534,0,0,fourth,4,9189,0,0,second,2,51970,0,1,third,3,22989,0,0,zero,0,18033,0,-1
1598780002245301024,first,1,20534,0,0,fourth,4,9189,0,0,second,2,51970,0,0,third,3,22989,0,0,zero,0,18033,0,0
1598780002357354056,first,1,20534,0,0,fourth,4,9190,0,0,second,2,51970,0,-1,third,3,22989,0,0,zero,0,18033,0,0
1598780002469255726,first,1,20534,0,0,fourth,4,9189,0,0,second,2,51970,0,0,third,3,22989,0,0,zero,0,18033,0,-1
1598780002581394425,first,1,20534,0,0,fourth,4,9189,0,0,second,2,51969,0,0,third,3,22989,0,0,zero,0,18033,0,-1
1598780002693242726,first,1,20534,0,0,fourth,4,9189,0,0,second,2,51970,0,0,third,3,22989,0,0,zero,0,18033,0,0
1598780002805316550,first,1,20534,0,0,fourth,4,9189,0,0,second,2,51969,0,0,third,3,22990,0,0,zero,0,18033,0,0
1598780002917163649,first,1,20534,0,0,fourth,4,9190,0,0,second,2,51970,0,0,third,3,22990,0,0,zero,0,18033,0,-1
1598780003029118840,first,1,20534,0,0,fourth,4,9190,0,0,second,2,51970,0,-1,third,3,22989,0,0,zero,0,18033,0,-1
1598780003029218084,first,1,20534,0,0,fourth,4,9190,0,0,second,2,51970,0,-1,third,3,22989,0,0,zero,0,18033,0,-1
1598780003141369025,first,1,20535,0,0,fourth,4,9190,0,0,second,2,51969,0,0,third,3,22989,0,0,zero,0,18033,0,-1
1598780003252751224,first,1,20534,0,0,fourth,4,9190,0,0,second,2,51970,0,0,third,3,22989,0,0,zero,0,18033,0,-1
1598780003365225792,first,1,20534,0,0,fourth,4,9189,0,0,second,2,51969,0,0,third,3,22990,0,0,zero,0,18033,0,-1
1598780003477250988,first,1,20534,0,0,fourth,4,9189,0,0,second,2,51970,0,0,third,3,22989,0,0,zero,0,18033,0,-1
1598780003589254854,first,1,20534,0,0,fourth,4,9189,0,0,second,2,51970,0,0,third,3,22989,0,0,zero,0,18033,0,-1
1598780003701307545,first,1,20534,0,0,fourth,4,9189,0,0,second,2,51970,0,0,third,3,22989,0,0,zero,0,18033,0,0
1598780003813222113,first,1,20534,0,0,fourth,4,9189,0,0,second,2,51969,0,0,third,3,22989,0,0,zero,0,18033,0,-1
1598780003925215359,first,1,20534,0,0,fourth,4,9189,0,0,second,2,51970,0,0,third,3,22989,0,0,zero,0,18033,0,0
1598780004037310416,first,1,20535,0,0,fourth,4,9189,0,0,second,2,51970,0,0,third,3,22989,0,0,zero,0,18033,0,0
1598780004149046309,first,1,20534,0,0,fourth,4,9190,0,0,second,2,51969,0,-1,third,3,22990,0,0,zero,0,18033,0,-1
1598780004261181662,first,1,20534,0,0,fourth,4,9190,0,0,second,2,51969,0,0,third,3,22989,0,0,zero,0,18033,0,-1
1598780004372691915,first,1,20534,0,0,fourth,4,9190,0,0,second,2,51970,0,0,third,3,22989,0,0,zero,0,18033,0,-1
1598780004484725168,first,1,20534,0,0,fourth,4,9189,0,0,second,2,51970,0,0,third,3,22989,0,0,zero,0,18033,0,0
1598780004596717936,first,1,20534,0,0,fourth,4,9189,0,0,second,2,51969,0,-1,third,3,22989,0,0,zero,0,18033,0,-1
1598780004596756162,first,1,20534,0,0,fourth,4,9189,0,0,second,2,51969,0,-1,third,3,22989,0,0,zero,0,18033,0,-1
1598780004709023252,first,1,20534,0,0,fourth,4,9190,0,0,second,2,51969,0,0,third,3,22990,0,0,zero,0,18033,0,-1
1598780004821104674,first,1,20534,0,0,fourth,4,9189,0,0,second,2,51970,0,0,third,3,22989,0,0,zero,0,18033,0,0
1598780004933360247,first,1,20534,0,0,fourth,4,9189,0,0,second,2,51970,0,0,third,3,22989,0,0,zero,0,18033,0,0
1598780005045017738,first,1,20534,0,0,fourth,4,9189,0,0,second,2,51969,0,-1,third,3,22990,0,0,zero,0,18033,0,0
1598780005159846368,first,1,20534,0,0,fourth,4,9190,0,0,second,2,51970,0,0,third,3,22989,0,0,zero,0,18033,0,-1
1598780005268467767,first,1,20534,0,0,fourth,4,9189,0,0,second,2,51969,0,0,third,3,22990,0,0,zero,0,18033,0,-1
1598780005381728731,first,1,20534,0,0,fourth,4,9189,0,0,second,2,51969,0,0,third,3,22990,0,0,zero,0,18033,0,-1
1598780005493192844,first,1,20534,0,0,fourth,4,9190,0,0,second,2,51970,0,0,third,3,22989,0,0,zero,0,18034,0,0
1598780005605158636,first,1,20534,0,0,fourth,4,9190,0,0,second,2,51969,0,0,third,3,22990,0,0,zero,0,18033,0,-1
1598780005717228336,first,1,20535,0,0,fourth,4,9189,0,0,second,2,51970,0,0,third,3,22989,0,0,zero,0,18033,0,0
1598780005719244565,first,1,20535,0,0,fourth,4,9189,0,0,second,2,51970,0,0,third,3,22989,0,0,zero,0,18033,0,0
1598780005829166061,first,1,20535,0,0,fourth,4,9189,0,0,second,2,51970,0,1,third,3,22989,0,0,zero,0,18033,0,-1
1598780005941104889,first,1,20534,0,0,fourth,4,9190,0,0,second,2,51970,0,0,third,3,22990,0,0,zero,0,18033,0,-1
1598780006053043827,first,1,20534,0,0,fourth,4,9189,0,0,second,2,51970,0,0,third,3,22989,0,0,zero,0,18033,0,-1
