1597654644985545040,1,4,2,3,0,0,0,0,0,0
1597654645097415652,1,4,2,3,0,0,0,0,0,0
1597654645210582669,1,4,2,3,0,0,0,0,0,0
1597654645321873287,1,4,2,3,0,0,0,0,0,0
1597654645433924850,1,4,2,3,0,0,0,0,0,0
1597654645545248991,1,4,2,3,0,0,0,0,0,0
1597654645657707601,1,4,2,3,0,0,0,0,0,0
1597654645769871265,1,4,2,3,0,0,0,0,0,0
1597654645881806292,1,4,2,3,0,0,0,0,0,0
1597654645993819904,1,4,2,3,0,0,0,0,0,0
1597654646105938832,1,4,2,3,0,0,0,0,0,0
1597654646217970755,1,4,2,3,0,0,0,0,0,0
1597654646329905474,1,4,2,3,0,0,0,0,0,0
1597654646442102204,1,4,2,3,0,0,0,0,0,0
1597654646442121196,1,4,2,3,0,0,0,0,0,0
1597654646554042773,1,4,2,3,0,0,0,0,0,0
1597654646666060724,1,4,2,3,0,0,0,0,0,0
1597654646777904712,1,4,2,3,0,0,0,0,0,0
1597654646889912687,1,4,2,3,0,0,0,0,0,0
1597654647001857365,1,4,2,3,0,0,0,0,0,0
1597654647114945299,1,4,2,3,0,0,0,0,0,0
1597654647225211861,1,4,2,3,0,0,0,0,0,0
1597654647337174174,1,4,2,3,0,0,0,0,0,0
1597654647449179229,1,4,2,3,0,0,0,0,0,0
1597654647561188649,1,4,2,3,0,0,0,0,0,0
1597654647673170579,1,4,2,3,0,0,0,0,0,0
1597654647785202805,1,4,2,3,0,0,0,0,0,0
1597654647897140409,1,4,2,3,0,0,0,0,0,0
1597654648010967732,1,4,2,3,0,0,0,0,0,0
1597654648121161707,1,4,2,3,0,0,0,0,0,0
1597654648233091943,1,4,2,3,0,0,0,0,0,0
1597654648345184878,1,4,2,3,0,0,0,0,0,0
1597654648457516457,1,4,2,3,0,0,0,0,0,0
1597654648569839716,1,4,2,3,0,0,0,0,0,0
1597654648681808825,1,4,2,3,0,0,0,0,0,0
1597654648794222481,1,4,2,3,0,0,0,0,0,0
1597654648905801532,1,4,2,3,0,0,0,0,0,0
1597654649017644131,1,4,2,3,0,0,0,0,0,0
1597654649129642588,1,4,2,3,0,0,0,0,0,0
1597654649241634133,1,4,2,3,0,0,0,0,0,0
1597654649353588136,1,4,2,3,0,0,0,0,0,0
1597654649465773242,1,4,2,3,0,0,0,0,0,0
1597654649689601313,1,4,2,3,0,0,0,0,0,0
1597654649801564569,1,4,2,3,0,0,0,0,0,0
1597654649913785896,1,4,2,3,0,0,0,0,0,0
1597654650025793779,1,4,2,3,0,0,0,0,0,0
1597654650137387974,1,4,2,3,0,0,0,0,0,0
1597654650249455855,1,4,2,3,0,0,-1,0,0,-1
1597654650249863601,1,4,2,3,0,0,-2,0,0,-2
1597654650361861549,1,4,2,3,0,0,-2,0,0,-2
1597654650473763117,1,4,2,3,0,0,-2,0,0,-2
1597654650585723857,1,4,2,3,0,0,-2,0,0,-2
1597654650697846626,1,4,2,3,0,0,-2,0,0,-2
1597654650809774759,1,4,2,3,0,-1,-2,0,0,-2
1597654650921738780,1,4,2,3,0,0,-2,0,0,-3
1597654651035251858,1,4,2,3,0,0,-2,0,0,-3
1597654651145522277,1,4,2,3,0,0,-2,0,0,-3
1597654651257457478,1,4,2,3,0,0,-2,0,0,-3
1597654651257592828,1,4,2,3,0,1,-2,0,0,-3
1597654651369740541,1,4,2,3,0,1,-2,0,0,-3
1597654651481728993,1,4,2,3,0,0,-1,0,5,-2
1597654651593614329,1,4,2,3,0,0,-2,0,0,-3
1597654651705786450,1,4,2,3,0,0,-2,0,0,-3
1597654651817733547,1,4,2,3,0,0,2,0,-35,-3
1597654651929703016,1,4,2,3,0,1,-5,0,-77,-4
1597654652041689603,1,4,2,3,0,1,-5,0,-77,-4
1597654652153440825,1,4,2,3,0,1,-5,0,-77,-4
1597654652265484884,1,4,2,3,0,1,-39,0,-104,-4
1597654652377610120,1,4,2,3,0,1,-74,0,-119,-4
1597654652489590043,1,4,2,3,0,1,-74,0,-119,-4
1597654652601439541,1,4,2,3,0,2,-79,0,-121,-4
1597654652713546895,1,4,2,3,0,1,-74,0,-118,-5
1597654652825476700,1,4,2,3,0,1,-74,0,-118,-5
1597654652937456957,1,4,2,3,0,-7,-74,-1,-117,1
1597654653048941235,1,4,2,3,0,-25,-74,-2,-118,-9
1597654653161417104,1,4,2,3,0,-25,-74,-2,-118,-9
1597654653273334111,1,4,2,3,0,-52,-74,5,-118,-45
1597654653386472929,1,4,2,3,0,-90,-74,-2,-119,-101
1597654653497464213,1,4,2,3,0,-90,-74,-2,-119,-101
1597654653609354758,1,4,2,3,0,-137,-74,-36,-118,-162
1597654653722665575,1,4,2,3,0,-184,-74,-83,-118,-222
1597654653833441192,1,4,2,3,0,-184,-74,-83,-118,-222
1597654653945469680,1,4,2,3,0,-218,-74,-124,-118,-267
1597654654057431845,1,4,2,3,0,-250,-74,-161,-118,-310
1597654654169332387,1,4,2,3,0,-250,-74,-161,-118,-310
1597654654281315487,1,4,2,3,0,-290,-74,-192,-118,-362
1597654654281394039,1,4,2,3,0,-332,-74,-211,-118,-416
1597654654393545594,1,4,2,3,0,-332,-74,-211,-118,-416
1597654654505576576,1,4,2,3,0,-374,-73,-215,-118,-470
1597654654617677402,1,4,2,3,0,-413,-73,-211,-118,-520
1597654654729298710,1,4,2,3,0,-413,-73,-211,-118,-520
1597654654841167745,1,4,2,3,0,-445,-73,-211,-118,-559
1597654654953514974,1,4,2,3,0,-476,-74,-211,-118,-597
1597654655065466310,1,4,2,3,0,-476,-74,-211,-118,-597
1597654655177368678,1,4,2,3,0,-476,-74,-211,-118,-597
1597654655289474455,1,4,2,3,0,-514,-74,-211,-118,-649
1597654655401400323,1,4,2,3,0,-548,-74,-211,-119,-693
1597654655513421151,1,4,2,3,0,-548,-74,-211,-119,-693
1597654655625195788,1,4,2,3,0,-570,-74,-211,-119,-715
1597654655737190850,1,4,2,3,0,-581,-74,-211,-119,-722
1597654655849398034,1,4,2,3,0,-581,-74,-211,-119,-722
1597654655961238142,1,4,2,3,0,-584,-73,-211,-119,-725
1597654656072970247,1,4,2,3,0,-581,-73,-212,-119,-722
1597654656073247215,1,4,2,3,0,-581,-73,-212,-119,-722
1597654656185270439,1,4,2,3,0,-581,-73,-212,-119,-719
1597654656297314859,1,4,2,3,0,-581,-74,-213,-119,-723
1597654656409264928,1,4,2,3,0,-581,-74,-213,-119,-723
1597654656521282464,1,4,2,3,0,-579,-74,-213,-118,-747
1597654656633606127,1,4,2,3,0,-582,-74,-214,-118,-774
1597654656745753552,1,4,2,3,0,-582,-74,-214,-118,-774
1597654656857619613,1,4,2,3,0,-595,-74,-211,-117,-783
1597654656969588347,1,4,2,3,0,-613,-74,-214,-118,-795
1597654657081289434,1,4,2,3,0,-613,-74,-214,-118,-795
1597654657193374086,1,4,2,3,0,-626,-74,-224,-118,-828
1597654657305755825,1,4,2,3,0,-645,-74,-249,-119,-873
1597654657417527697,1,4,2,3,0,-645,-74,-249,-119,-873
1597654657529316737,1,4,2,3,0,-680,-74,-296,-119,-922
1597654657641446117,1,4,2,3,0,-719,-74,-338,-119,-973
1597654657753394075,1,4,2,3,0,-719,-74,-338,-119,-973
1597654657865336407,1,4,2,3,0,-751,-73,-347,-117,-1019
1597654657977464641,1,4,2,3,0,-775,-73,-343,-119,-1054
1597654658089260317,1,4,2,3,0,-775,-73,-343,-119,-1054
1597654658201286218,1,4,2,3,0,-775,-73,-343,-119,-1054
1597654658201592312,1,4,2,3,0,-794,-73,-343,-129,-1076
1597654658313254517,1,4,2,3,0,-804,-73,-343,-139,-1085
1597654658425204998,1,4,2,3,0,-804,-73,-343,-139,-1085
1597654658537376387,1,4,2,3,0,-807,-73,-343,-139,-1086
1597654658649487511,1,4,2,3,0,-807,-73,-343,-139,-1086
1597654658649508953,1,4,2,3,0,-804,-73,-343,-139,-1086
1597654658761310162,1,4,2,3,0,-804,-73,-343,-139,-1086
1597654658873261508,1,4,2,3,0,-798,-73,-343,-147,-1092
1597654658985528983,1,4,2,3,0,-804,-74,-343,-159,-1114
1597654659097297079,1,4,2,3,0,-804,-74,-343,-159,-1114
1597654659209178124,1,4,2,3,0,-844,-74,-343,-171,-1163
1597654659321269117,1,4,2,3,0,-894,-74,-344,-180,-1220
1597654659433234832,1,4,2,3,0,-894,-74,-344,-180,-1220
1597654659545265226,1,4,2,3,0,-926,-73,-342,-179,-1261
1597654659657118710,1,4,2,3,0,-957,-73,-355,-180,-1299
1597654659769198018,1,4,2,3,0,-957,-73,-355,-180,-1299
1597654659881195906,1,4,2,3,0,-993,-72,-401,-197,-1342
1597654659993206278,1,4,2,3,0,-1029,-73,-452,-216,-1382
1597654660105673746,1,4,2,3,0,-1029,-73,-452,-216,-1382
1597654660218499841,1,4,2,3,0,-1066,-73,-481,-221,-1420
1597654660329268437,1,4,2,3,0,-1093,-74,-495,-221,-1445
1597654660441156112,1,4,2,3,0,-1093,-74,-495,-221,-1445
1597654660553236364,1,4,2,3,0,-1099,-74,-498,-221,-1450
1597654660665153105,1,4,2,3,0,-1096,-74,-495,-221,-1445
1597654660777182966,1,4,2,3,0,-1096,-74,-495,-221,-1445
1597654660889258907,1,4,2,3,0,-1092,-73,-495,-219,-1440
1597654661001410062,1,4,2,3,0,-1096,-73,-495,-221,-1446
1597654661113207879,1,4,2,3,0,-1096,-73,-495,-221,-1446
1597654661225183834,1,4,2,3,0,-1115,-73,-492,-229,-1477
1597654661337085343,1,4,2,3,0,-1146,-73,-495,-242,-1522
1597654661449108223,1,4,2,3,0,-1146,-73,-495,-242,-1522
1597654661561131028,1,4,2,3,0,-1181,-73,-511,-254,-1567
1597654661672420474,1,4,2,3,0,-1181,-73,-511,-254,-1567
1597654661784411566,1,4,2,3,0,-1219,-73,-537,-269,-1613
1597654661784414879,1,4,2,3,0,-1219,-73,-537,-269,-1613
1597654661897215271,1,4,2,3,0,-1252,-73,-575,-289,-1656
1597654662009250347,1,4,2,3,0,-1282,-73,-609,-308,-1695
1597654662120732144,1,4,2,3,0,-1282,-73,-609,-308,-1695
1597654662233065917,1,4,2,3,0,-1306,-73,-623,-320,-1724
1597654662344999428,1,4,2,3,0,-1331,-74,-625,-327,-1754
1597654662457067778,1,4,2,3,0,-1331,-74,-625,-327,-1754
1597654662569085584,1,4,2,3,0,-1368,-73,-626,-330,-1795
1597654662681086743,1,4,2,3,0,-1408,-73,-625,-335,-1839
1597654662793104366,1,4,2,3,0,-1408,-73,-625,-335,-1839
1597654662905206727,1,4,2,3,0,-1408,-73,-625,-335,-1839
1597654663016943927,1,4,2,3,0,-1443,-73,-619,-350,-1876
1597654663128757787,1,4,2,3,0,-1478,-74,-627,-366,-1916
1597654663240921383,1,4,2,3,0,-1478,-74,-627,-366,-1916
1597654663352941446,1,4,2,3,0,-1520,-73,-672,-371,-1964
1597654663464987169,1,4,2,3,0,-1565,-73,-719,-374,-2015
1597654663576819819,1,4,2,3,0,-1565,-73,-719,-374,-2015
1597654663688976489,1,4,2,3,0,-1612,-73,-736,-382,-2066
1597654663800850766,1,4,2,3,0,-1655,-73,-738,-390,-2113
1597654663912809173,1,4,2,3,0,-1655,-73,-738,-390,-2113
1597654664024788832,1,4,2,3,0,-1689,-73,-740,-391,-2150
1597654664137093057,1,4,2,3,0,-1722,-73,-738,-393,-2185
1597654664248812303,1,4,2,3,0,-1722,-73,-738,-393,-2185
1597654664360773887,1,4,2,3,0,-1758,-73,-733,-403,-2226
1597654664472839235,1,4,2,3,0,-1797,-73,-743,-418,-2269
1597654664584993282,1,4,2,3,0,-1797,-73,-743,-418,-2269
1597654664696798122,1,4,2,3,0,-1837,-73,-788,-439,-2316
1597654664808773709,1,4,2,3,0,-1876,-74,-840,-457,-2359
1597654664920741915,1,4,2,3,0,-1876,-74,-840,-457,-2359
1597654665032289249,1,4,2,3,0,-1909,-73,-869,-464,-2393
1597654665144729699,1,4,2,3,0,-1938,-73,-884,-468,-2422
1597654665256751487,1,4,2,3,0,-1938,-73,-884,-468,-2422
1597654665368704304,1,4,2,3,0,-1965,-73,-889,-478,-2454
1597654665480661684,1,4,2,3,0,-1991,-73,-887,-487,-2485
1597654665592269369,1,4,2,3,0,-1991,-73,-887,-487,-2485
1597654665704087446,1,4,2,3,0,-2022,-73,-887,-488,-2512
1597654665816332942,1,4,2,3,0,-2044,-73,-887,-488,-2530
1597654665928350291,1,4,2,3,0,-2044,-73,-887,-488,-2530
1597654666040360486,1,4,2,3,0,-2048,-73,-886,-494,-2533
1597654666152426565,1,4,2,3,0,-2043,-73,-886,-501,-2530
1597654666264890310,1,4,2,3,0,-2043,-73,-886,-501,-2530
1597654666376746557,1,4,2,3,0,-2041,-73,-879,-506,-2525
1597654666489007496,1,4,2,3,0,-2044,-73,-887,-514,-2530
1597654666600599906,1,4,2,3,0,-2044,-73,-887,-514,-2530
1597654666712687271,1,4,2,3,0,-2051,-73,-927,-533,-2550
1597654666824729144,1,4,2,3,0,-2073,-74,-971,-553,-2586
1597654666936676581,1,4,2,3,0,-2073,-74,-971,-553,-2586
1597654667048624050,1,4,2,3,0,-2115,-73,-990,-569,-2635
1597654667160741983,1,4,2,3,0,-2160,-73,-996,-579,-2683
1597654667272585034,1,4,2,3,0,-2160,-73,-996,-579,-2683
1597654667384748011,1,4,2,3,0,-2187,-73,-998,-581,-2710
1597654667385406956,1,4,2,3,0,-2205,-73,-996,-579,-2726
1597654667496754449,1,4,2,3,0,-2205,-73,-996,-579,-2726
1597654667608800320,1,4,2,3,0,-2222,-73,-996,-580,-2740
1597654667720667332,1,4,2,3,0,-2231,-73,-996,-588,-2751
1597654667832889941,1,4,2,3,0,-2231,-73,-996,-588,-2751
1597654667944682870,1,4,2,3,0,-2227,-73,-992,-611,-2759
1597654668056176734,1,4,2,3,0,-2232,-74,-996,-635,-2777
1597654668168923113,1,4,2,3,0,-2232,-74,-996,-635,-2777
1597654668280625617,1,4,2,3,0,-2270,-73,-1009,-646,-2819
1597654668392585392,1,4,2,3,0,-2270,-73,-1009,-646,-2819
1597654668504567027,1,4,2,3,0,-2317,-73,-1038,-659,-2870
1597654668616820395,1,4,2,3,0,-2317,-73,-1038,-659,-2870
1597654668728423055,1,4,2,3,0,-2358,-73,-1089,-696,-2919
1597654668840686295,1,4,2,3,0,-2386,-74,-1138,-729,-2954
1597654668840702655,1,4,2,3,0,-2386,-74,-1138,-729,-2954
1597654668952690649,1,4,2,3,0,-2393,-72,-1157,-735,-2962
1597654669064687603,1,4,2,3,0,-2389,-74,-1161,-736,-2957
1597654669176762509,1,4,2,3,0,-2389,-74,-1161,-736,-2957
1597654669288889920,1,4,2,3,0,-2386,-83,-1163,-759,-2956
1597654669400685394,1,4,2,3,0,-2388,-93,-1161,-783,-2963
1597654669512571429,1,4,2,3,0,-2388,-93,-1161,-783,-2963
1597654669624627079,1,4,2,3,0,-2402,-92,-1155,-795,-2985
1597654669736997594,1,4,2,3,0,-2424,-94,-1161,-808,-3015
1597654669848739513,1,4,2,3,0,-2424,-94,-1161,-808,-3015
1597654669960528003,1,4,2,3,0,-2424,-94,-1161,-808,-3015
1597654670072471558,1,4,2,3,0,-2450,-106,-1192,-831,-3051
1597654670184431336,1,4,2,3,0,-2471,-123,-1235,-859,-3079
1597654670296426482,1,4,2,3,0,-2471,-123,-1235,-859,-3079
1597654670408490923,1,4,2,3,0,-2475,-138,-1278,-883,-3084
1597654670520270133,1,4,2,3,0,-2472,-150,-1309,-903,-3079
1597654670632443084,1,4,2,3,0,-2472,-150,-1309,-903,-3079
1597654670744474444,1,4,2,3,0,-2471,-153,-1315,-918,-3079
1597654670856513802,1,4,2,3,0,-2471,-152,-1309,-927,-3079
1597654670968358805,1,4,2,3,0,-2471,-152,-1309,-927,-3079
1597654671080243230,1,4,2,3,0,-2471,-150,-1309,-928,-3080
1597654671080259547,1,4,2,3,0,-2472,-152,-1309,-930,-3080
1597654671192603759,1,4,2,3,0,-2472,-152,-1309,-930,-3080
1597654671304615959,1,4,2,3,0,-2471,-161,-1309,-941,-3078
1597654671416571217,1,4,2,3,0,-2472,-170,-1309,-958,-3081
1597654671528642117,1,4,2,3,0,-2472,-170,-1309,-958,-3081
1597654671640550753,1,4,2,3,0,-2472,-170,-1305,-976,-3099
1597654671752497556,1,4,2,3,0,-2475,-172,-1309,-994,-3116
1597654671864614748,1,4,2,3,0,-2475,-172,-1309,-994,-3116
1597654671976495260,1,4,2,3,0,-2484,-179,-1330,-1003,-3119
1597654672088523027,1,4,2,3,0,-2494,-193,-1365,-1019,-3117
1597654672200590762,1,4,2,3,0,-2494,-193,-1365,-1019,-3117
1597654672312469293,1,4,2,3,0,-2494,-193,-1365,-1019,-3117
1597654672424421112,1,4,2,3,0,-2496,-217,-1412,-1058,-3121
1597654672536284697,1,4,2,3,0,-2495,-239,-1456,-1096,-3130
1597654672648276390,1,4,2,3,0,-2495,-239,-1456,-1096,-3130
1597654672760376185,1,4,2,3,0,-2495,-245,-1481,-1111,-3149
1597654672872313187,1,4,2,3,0,-2496,-244,-1491,-1118,-3165
1597654672984595141,1,4,2,3,0,-2496,-244,-1491,-1118,-3165
1597654673096372641,1,4,2,3,0,-2496,-244,-1494,-1130,-3168
1597654673208332802,1,4,2,3,0,-2496,-248,-1491,-1143,-3165
1597654673320203441,1,4,2,3,0,-2496,-248,-1491,-1143,-3165
1597654673432373030,1,4,2,3,0,-2496,-262,-1491,-1161,-3165
1597654673544229997,1,4,2,3,0,-2496,-275,-1491,-1175,-3165
1597654673656373243,1,4,2,3,0,-2496,-275,-1491,-1175,-3165
1597654673656394660,1,4,2,3,0,-2496,-277,-1491,-1170,-3165
1597654673768443523,1,4,2,3,0,-2496,-275,-1491,-1175,-3165
1597654673883286967,1,4,2,3,0,-2496,-275,-1491,-1175,-3165
1597654673992555414,1,4,2,3,0,-2496,-269,-1489,-1213,-3164
1597654674104418861,1,4,2,3,0,-2496,-275,-1499,-1267,-3167
1597654674216464971,1,4,2,3,0,-2496,-275,-1499,-1267,-3167
1597654674328388826,1,4,2,3,0,-2496,-304,-1534,-1319,-3180
1597654674440202809,1,4,2,3,0,-2496,-304,-1534,-1319,-3180
1597654674552238947,1,4,2,3,0,-2496,-344,-1584,-1375,-3194
1597654674664216155,1,4,2,3,0,-2496,-344,-1584,-1375,-3194
1597654674665195898,1,4,2,3,0,-2496,-381,-1639,-1439,-3203
1597654674776336788,1,4,2,3,0,-2496,-417,-1692,-1498,-3207
1597654674888351836,1,4,2,3,0,-2496,-417,-1692,-1498,-3207
1597654675000391045,1,4,2,3,0,-2496,-449,-1729,-1539,-3206
1597654675112323963,1,4,2,3,0,-2496,-480,-1763,-1576,-3211
1597654675224347208,1,4,2,3,0,-2496,-480,-1763,-1576,-3211
1597654675336303383,1,4,2,3,0,-2496,-518,-1805,-1630,-3244
1597654675448362827,1,4,2,3,0,-2496,-550,-1840,-1680,-3276
1597654675560343765,1,4,2,3,0,-2496,-550,-1840,-1680,-3276
1597654675671621831,1,4,2,3,0,-2496,-569,-1858,-1714,-3281
1597654675784517735,1,4,2,3,0,-2496,-577,-1865,-1733,-3276
1597654675896288038,1,4,2,3,0,-2496,-577,-1865,-1733,-3276
1597654676008360055,1,4,2,3,0,-2496,-579,-1867,-1737,-3276
1597654676119929422,1,4,2,3,0,-2496,-577,-1865,-1733,-3276
1597654676232232791,1,4,2,3,0,-2496,-577,-1865,-1733,-3276
1597654676344417575,1,4,2,3,0,-2496,-577,-1865,-1733,-3276
1597654676344440632,1,4,2,3,0,-2496,-573,-1864,-1727,-3272
1597654676456309308,1,4,2,3,0,-2496,-577,-1864,-1735,-3276
1597654676568256412,1,4,2,3,0,-2496,-577,-1864,-1735,-3276
1597654676680246807,1,4,2,3,0,-2496,-601,-1864,-1779,-3296
1597654676792259806,1,4,2,3,0,-2496,-627,-1865,-1825,-3316
1597654676904196133,1,4,2,3,0,-2496,-627,-1865,-1825,-3316
1597654677016300622,1,4,2,3,0,-2496,-640,-1865,-1839,-3319
1597654677127823380,1,4,2,3,0,-2496,-644,-1865,-1839,-3316
1597654677240164497,1,4,2,3,0,-2496,-644,-1865,-1839,-3316
1597654677352169848,1,4,2,3,0,-2496,-646,-1865,-1840,-3316
1597654677463971700,1,4,2,3,0,-2496,-646,-1865,-1840,-3316
1597654677576103321,1,4,2,3,0,-2496,-644,-1865,-1839,-3316
1597654677688390480,1,4,2,3,0,-2496,-644,-1865,-1839,-3316
1597654677800232430,1,4,2,3,0,-2496,-644,-1865,-1838,-3316
1597654677912087401,1,4,2,3,0,-2496,-644,-1865,-1838,-3317
1597654678023996137,1,4,2,3,0,-2496,-644,-1865,-1838,-3317
1597654678135985365,1,4,2,3,0,-2496,-644,-1865,-1838,-3317
1597654678247862498,1,4,2,3,0,-2496,-644,-1865,-1839,-3318
1597654678359990767,1,4,2,3,0,-2496,-644,-1865,-1839,-3318
1597654678472415013,1,4,2,3,0,-2496,-645,-1865,-1839,-3318
1597654678584018536,1,4,2,3,0,-2496,-645,-1865,-1839,-3318
1597654678696181008,1,4,2,3,0,-2496,-645,-1865,-1839,-3318
1597654678807996632,1,4,2,3,0,-2496,-645,-1865,-1839,-3318
1597654678920051173,1,4,2,3,0,-2496,-645,-1865,-1839,-3319
1597654679031906596,1,4,2,3,0,-2496,-645,-1865,-1839,-3319
1597654679143833742,1,4,2,3,0,-2496,-645,-1865,-1839,-3319
1597654679143984301,1,4,2,3,0,-2496,-644,-1866,-1839,-3320
1597654679256049149,1,4,2,3,0,-2496,-644,-1866,-1839,-3320
1597654679368084154,1,4,2,3,0,-2496,-645,-1865,-1839,-3320
1597654679480162501,1,4,2,3,0,-2496,-645,-1865,-1839,-3320
1597654679592047737,1,4,2,3,0,-2496,-645,-1865,-1839,-3320
1597654679704092653,1,4,2,3,0,-2496,-645,-1865,-1839,-3320
1597654679817362089,1,4,2,3,0,-2496,-645,-1865,-1840,-3320
1597654679928170851,1,4,2,3,0,-2496,-645,-1865,-1840,-3320
1597654680039696834,1,4,2,3,0,-2496,-645,-1865,-1840,-3320
1597654680152119343,1,4,2,3,0,-2496,-645,-1865,-1841,-3321
1597654680264038676,1,4,2,3,0,-2496,-645,-1865,-1841,-3321
1597654680375207166,1,4,2,3,0,-2496,-645,-1865,-1841,-3321
1597654680488138774,1,4,2,3,0,-2496,-645,-1866,-1841,-3321
1597654680599878684,1,4,2,3,0,-2496,-645,-1866,-1841,-3321
1597654680712034070,1,4,2,3,0,-2496,-645,-1865,-1841,-3321
1597654680824025846,1,4,2,3,0,-2496,-645,-1865,-1841,-3321
1597654680935940153,1,4,2,3,0,-2496,-645,-1865,-1841,-3321
1597654680935957705,1,4,2,3,0,-2496,-645,-1865,-1841,-3321
1597654681048043609,1,4,2,3,0,-2496,-645,-1865,-1841,-3321
1597654681159910260,1,4,2,3,0,-2496,-645,-1865,-1842,-3322
1597654681271922350,1,4,2,3,0,-2496,-645,-1865,-1842,-3322
1597654681384248635,1,4,2,3,0,-2496,-645,-1865,-1843,-3322
1597654681496174461,1,4,2,3,0,-2496,-645,-1865,-1844,-3323
1597654681607935454,1,4,2,3,0,-2496,-645,-1865,-1844,-3323
1597654681719961950,1,4,2,3,0,-2496,-646,-1865,-1844,-3323
1597654681831939168,1,4,2,3,0,-2496,-646,-1865,-1844,-3323
1597654681943890943,1,4,2,3,0,-2496,-646,-1865,-1845,-3324
1597654682055899057,1,4,2,3,0,-2496,-646,-1865,-1845,-3324
1597654682167931179,1,4,2,3,0,-2496,-646,-1865,-1845,-3324
1597654682167947400,1,4,2,3,0,-2496,-646,-1865,-1846,-3324
1597654682280055753,1,4,2,3,0,-2496,-646,-1865,-1846,-3324
1597654682392155777,1,4,2,3,0,-2498,-646,-1865,-1846,-3325
1597654682504039291,1,4,2,3,0,-2496,-646,-1865,-1846,-3321
1597654682615801439,1,4,2,3,0,-2496,-646,-1865,-1846,-3321
1597654682727842679,1,4,2,3,0,-2487,-646,-1865,-1846,-3311
1597654682839938447,1,4,2,3,0,-2465,-646,-1865,-1846,-3288
1597654682951843002,1,4,2,3,0,-2465,-646,-1865,-1846,-3288
1597654683063256327,1,4,2,3,0,-2426,-646,-1865,-1846,-3248
1597654683175932073,1,4,2,3,0,-2377,-646,-1865,-1846,-3198
1597654683287823945,1,4,2,3,0,-2377,-646,-1865,-1846,-3198
1597654683399953634,1,4,2,3,0,-2332,-646,-1865,-1846,-3152
1597654683511856210,1,4,2,3,0,-2284,-646,-1865,-1846,-3105
1597654683623776337,1,4,2,3,0,-2284,-646,-1865,-1846,-3105
1597654683735138679,1,4,2,3,0,-2229,-646,-1865,-1847,-3057
1597654683847995591,1,4,2,3,0,-2177,-646,-1865,-1845,-3010
1597654683959762015,1,4,2,3,0,-2177,-646,-1865,-1845,-3010
1597654683959786481,1,4,2,3,0,-2177,-646,-1865,-1845,-3010
1597654684071773812,1,4,2,3,0,-2142,-647,-1865,-1836,-2968
1597654684183977405,1,4,2,3,0,-2103,-647,-1865,-1825,-2924
1597654684295794387,1,4,2,3,0,-2103,-647,-1865,-1825,-2924
1597654684408048376,1,4,2,3,0,-2048,-647,-1865,-1817,-2876
1597654684519915497,1,4,2,3,0,-1970,-646,-1865,-1813,-2813
1597654684631915286,1,4,2,3,0,-1970,-646,-1865,-1813,-2813
1597654684743728878,1,4,2,3,0,-1872,-646,-1865,-1811,-2729
1597654684855916487,1,4,2,3,0,-1762,-646,-1865,-1812,-2633
1597654684967709827,1,4,2,3,0,-1762,-646,-1865,-1812,-2633
1597654685079837589,1,4,2,3,0,-1649,-646,-1865,-1812,-2533
1597654685191818188,1,4,2,3,0,-1549,-646,-1865,-1812,-2441
1597654685303681587,1,4,2,3,0,-1549,-646,-1865,-1812,-2441
1597654685415779482,1,4,2,3,0,-1477,-646,-1865,-1812,-2370
1597654685527541226,1,4,2,3,0,-1477,-646,-1865,-1812,-2370
1597654685639575920,1,4,2,3,0,-1422,-646,-1865,-1812,-2312
1597654685639802545,1,4,2,3,0,-1422,-646,-1865,-1812,-2312
1597654685751643744,1,4,2,3,0,-1365,-646,-1865,-1812,-2252
1597654685863756511,1,4,2,3,0,-1323,-646,-1865,-1812,-2205
1597654685975765667,1,4,2,3,0,-1323,-646,-1865,-1812,-2205
1597654686087271558,1,4,2,3,0,-1304,-646,-1865,-1812,-2178
1597654686199628467,1,4,2,3,0,-1299,-646,-1865,-1812,-2168
1597654686311772922,1,4,2,3,0,-1299,-646,-1865,-1812,-2168
1597654686423669159,1,4,2,3,0,-1295,-646,-1865,-1812,-2165
1597654686535602267,1,4,2,3,0,-1293,-646,-1865,-1812,-2168
1597654686647473667,1,4,2,3,0,-1293,-646,-1865,-1812,-2168
1597654686759587152,1,4,2,3,0,-1288,-647,-1865,-1812,-2168
1597654686871644944,1,4,2,3,0,-1284,-647,-1865,-1812,-2168
1597654686983728043,1,4,2,3,0,-1284,-647,-1865,-1812,-2168
1597654687095516524,1,4,2,3,0,-1283,-647,-1865,-1812,-2168
1597654687207521078,1,4,2,3,0,-1283,-647,-1865,-1812,-2168
1597654687207761398,1,4,2,3,0,-1284,-647,-1865,-1812,-2167
1597654687319552744,1,4,2,3,0,-1284,-647,-1865,-1812,-2167
1597654687431682942,1,4,2,3,0,-1284,-647,-1865,-1812,-2167
1597654687543485967,1,4,2,3,0,-1284,-647,-1865,-1812,-2167
1597654687655486159,1,4,2,3,0,-1284,-646,-1865,-1812,-2167
1597654687767425366,1,4,2,3,0,-1284,-646,-1865,-1812,-2167
1597654687879843009,1,4,2,3,0,-1284,-646,-1865,-1812,-2168
1597654687991406885,1,4,2,3,0,-1284,-646,-1865,-1812,-2167
1597654688103243516,1,4,2,3,0,-1284,-646,-1865,-1812,-2167
1597654688215524005,1,4,2,3,0,-1284,-636,-1865,-1806,-2161
1597654688327592221,1,4,2,3,0,-1284,-646,-1865,-1812,-2157
1597654688439476495,1,4,2,3,0,-1284,-646,-1865,-1812,-2157
1597654688439600628,1,4,2,3,0,-1286,-705,-1865,-1847,-2166
1597654688551558072,1,4,2,3,0,-1287,-780,-1865,-1890,-2177
1597654688663599503,1,4,2,3,0,-1287,-780,-1865,-1890,-2177
1597654688775515919,1,4,2,3,0,-1287,-841,-1865,-1914,-2178
1597654688887746947,1,4,2,3,0,-1286,-890,-1865,-1934,-2177
1597654688999420960,1,4,2,3,0,-1286,-890,-1865,-1934,-2177
1597654689112077818,1,4,2,3,0,-1286,-923,-1865,-1956,-2175
1597654689223780790,1,4,2,3,0,-1285,-954,-1865,-1988,-2182
1597654689335492653,1,4,2,3,0,-1285,-954,-1865,-1988,-2182
1597654689447790898,1,4,2,3,0,-1286,-1003,-1865,-2046,-2210
1597654689559565790,1,4,2,3,0,-1284,-1046,-1865,-2099,-2237
1597654689671532540,1,4,2,3,0,-1284,-1046,-1865,-2099,-2237
1597654689783507380,1,4,2,3,0,-1278,-1066,-1865,-2120,-2242
1597654689895887821,1,4,2,3,0,-1267,-1073,-1866,-2124,-2237
1597654690007484804,1,4,2,3,0,-1267,-1073,-1866,-2124,-2237
1597654690119378140,1,4,2,3,0,-1267,-1073,-1866,-2124,-2237
1597654690231218568,1,4,2,3,0,-1253,-1078,-1865,-2126,-2238
1597654690343369853,1,4,2,3,0,-1239,-1079,-1865,-2124,-2238
1597654690455329609,1,4,2,3,0,-1239,-1079,-1865,-2124,-2238
1597654690567356537,1,4,2,3,0,-1227,-1079,-1865,-2124,-2238
1597654690678929520,1,4,2,3,0,-1217,-1079,-1865,-2124,-2238
1597654690791148230,1,4,2,3,0,-1217,-1079,-1865,-2124,-2238
1597654690903184039,1,4,2,3,0,-1208,-1079,-1865,-2124,-2238
1597654691015296240,1,4,2,3,0,-1203,-1079,-1865,-2124,-2237
1597654691127329129,1,4,2,3,0,-1203,-1079,-1865,-2124,-2237
1597654691239256739,1,4,2,3,0,-1201,-1079,-1865,-2124,-2237
1597654691351314779,1,4,2,3,0,-1202,-1079,-1866,-2124,-2237
1597654691351329428,1,4,2,3,0,-1202,-1079,-1866,-2124,-2237
1597654691463360475,1,4,2,3,0,-1202,-1079,-1865,-2124,-2237
1597654691575443664,1,4,2,3,0,-1203,-1079,-1865,-2124,-2237
1597654691687397076,1,4,2,3,0,-1203,-1079,-1865,-2124,-2237
1597654691799331803,1,4,2,3,0,-1203,-1079,-1865,-2123,-2237
1597654691911329985,1,4,2,3,0,-1203,-1079,-1866,-2125,-2237
1597654692022918835,1,4,2,3,0,-1203,-1079,-1866,-2125,-2237
1597654692135303093,1,4,2,3,0,-1203,-1079,-1865,-2138,-2237
1597654692247286131,1,4,2,3,0,-1203,-1080,-1865,-2151,-2237
1597654692359370371,1,4,2,3,0,-1203,-1080,-1865,-2151,-2237
1597654692471160854,1,4,2,3,0,-1203,-1080,-1865,-2151,-2237
1597654692583236721,1,4,2,3,0,-1203,-1080,-1865,-2153,-2237
1597654692695230412,1,4,2,3,0,-1203,-1081,-1865,-2151,-2237
1597654692807213708,1,4,2,3,0,-1203,-1081,-1865,-2151,-2237
1597654692919217066,1,4,2,3,0,-1203,-1081,-1865,-2151,-2237
1597654693031048373,1,4,2,3,0,-1203,-1081,-1865,-2151,-2237
1597654693143370117,1,4,2,3,0,-1203,-1081,-1865,-2151,-2237
1597654693255109450,1,4,2,3,0,-1203,-1081,-1865,-2151,-2237
1597654693367125278,1,4,2,3,0,-1203,-1081,-1865,-2151,-2237
1597654693367140346,1,4,2,3,0,-1203,-1081,-1865,-2151,-2237
1597654693479261013,1,4,2,3,0,-1204,-1081,-1865,-2151,-2244
1597654693591250265,1,4,2,3,0,-1203,-1081,-1865,-2151,-2237
1597654693703268751,1,4,2,3,0,-1203,-1081,-1865,-2151,-2237
1597654693815151165,1,4,2,3,0,-1211,-1078,-1865,-2154,-2211
1597654693927348034,1,4,2,3,0,-1184,-1076,-1865,-2151,-2149
1597654694039409869,1,4,2,3,0,-1184,-1076,-1865,-2151,-2149
1597654694151253409,1,4,2,3,0,-1085,-1074,-1865,-2141,-2048
1597654694263235889,1,4,2,3,0,-956,-1074,-1865,-2119,-1922
1597654694374928905,1,4,2,3,0,-956,-1074,-1865,-2119,-1922
1597654694487250719,1,4,2,3,0,-956,-1074,-1865,-2119,-1922
1597654694599365058,1,4,2,3,0,-852,-1075,-1865,-2086,-1803
1597654694710962455,1,4,2,3,0,-743,-1074,-1865,-2045,-1670
1597654694823185094,1,4,2,3,0,-743,-1074,-1865,-2045,-1670
1597654694935121879,1,4,2,3,0,-614,-1069,-1865,-2005,-1513
1597654695046994287,1,4,2,3,0,-484,-1061,-1865,-1962,-1354
1597654695159067167,1,4,2,3,0,-484,-1061,-1865,-1962,-1354
1597654695270971903,1,4,2,3,0,-367,-1050,-1865,-1913,-1215
1597654695382895217,1,4,2,3,0,-264,-1041,-1865,-1871,-1094
1597654695495558655,1,4,2,3,0,-264,-1041,-1865,-1871,-1094
1597654695607049439,1,4,2,3,0,-169,-1039,-1865,-1847,-985
1597654695718981477,1,4,2,3,0,-92,-1040,-1865,-1834,-898
1597654695830987655,1,4,2,3,0,-92,-1040,-1865,-1834,-898
1597654695942996927,1,4,2,3,0,-34,-1040,-1864,-1820,-831
1597654695943179909,1,4,2,3,0,17,-1040,-1864,-1806,-771
1597654696055018489,1,4,2,3,0,17,-1040,-1864,-1806,-771
1597654696167027982,1,4,2,3,0,17,-1040,-1864,-1806,-771
1597654696167680002,1,4,2,3,0,76,-1040,-1872,-1787,-698
1597654696279120462,1,4,2,3,0,138,-1041,-1864,-1767,-621
1597654696391058862,1,4,2,3,0,138,-1041,-1864,-1767,-621
1597654696503048375,1,4,2,3,0,200,-1044,-1823,-1754,-549
1597654696615188952,1,4,2,3,0,259,-1041,-1759,-1735,-477
1597654696727094441,1,4,2,3,0,259,-1041,-1759,-1735,-477
1597654696839196550,1,4,2,3,0,313,-1024,-1683,-1700,-404
1597654696951056619,1,4,2,3,0,362,-1001,-1607,-1656,-330
1597654697063015368,1,4,2,3,0,362,-1001,-1607,-1656,-330
1597654697174987373,1,4,2,3,0,408,-979,-1550,-1611,-257
1597654697287327980,1,4,2,3,0,451,-959,-1499,-1566,-186
1597654697399080307,1,4,2,3,0,451,-959,-1499,-1566,-186
1597654697511000584,1,4,2,3,0,492,-941,-1446,-1527,-118
1597654697623149299,1,4,2,3,0,530,-925,-1391,-1488,-54
1597654697734730634,1,4,2,3,0,530,-925,-1391,-1488,-54
1597654697847159521,1,4,2,3,0,568,-906,-1332,-1445,11
1597654697959200556,1,4,2,3,0,598,-886,-1276,-1402,69
1597654698070553715,1,4,2,3,0,598,-886,-1276,-1402,69
1597654698070564840,1,4,2,3,0,598,-886,-1276,-1402,69
1597654698183022875,1,4,2,3,0,618,-866,-1235,-1364,117
1597654698295370692,1,4,2,3,0,631,-844,-1192,-1322,160
1597654698407188019,1,4,2,3,0,631,-844,-1192,-1322,160
1597654698519028580,1,4,2,3,0,644,-817,-1129,-1270,204
1597654698631644236,1,4,2,3,0,653,-785,-1059,-1212,247
1597654698742998132,1,4,2,3,0,653,-785,-1059,-1212,247
1597654698854931500,1,4,2,3,0,659,-751,-993,-1155,288
1597654698966797243,1,4,2,3,0,659,-751,-993,-1155,288
1597654699078738788,1,4,2,3,0,661,-715,-929,-1098,324
1597654699190965021,1,4,2,3,0,661,-715,-929,-1098,324
1597654699302873811,1,4,2,3,0,662,-679,-867,-1038,355
1597654699414721451,1,4,2,3,0,661,-647,-811,-983,381
1597654699526853685,1,4,2,3,0,661,-647,-811,-983,381
1597654699638704172,1,4,2,3,0,661,-624,-763,-936,406
1597654699750724415,1,4,2,3,0,661,-602,-715,-892,430
1597654699862811484,1,4,2,3,0,661,-602,-715,-892,430
1597654699974915290,1,4,2,3,0,661,-575,-657,-837,458
1597654700086716467,1,4,2,3,0,661,-549,-601,-786,483
1597654700198799291,1,4,2,3,0,661,-549,-601,-786,483
1597654700310783791,1,4,2,3,0,661,-533,-559,-750,502
1597654700422771446,1,4,2,3,0,661,-514,-520,-715,516
1597654700534659375,1,4,2,3,0,661,-514,-520,-715,516
1597654700646798336,1,4,2,3,0,661,-482,-476,-668,529
1597654700646917853,1,4,2,3,0,661,-447,-429,-617,536
1597654700758986327,1,4,2,3,0,661,-447,-429,-617,536
1597654700871016141,1,4,2,3,0,661,-417,-376,-567,538
1597654700983025947,1,4,2,3,0,661,-389,-328,-520,537
1597654701094777571,1,4,2,3,0,661,-389,-328,-520,537
1597654701206932672,1,4,2,3,0,661,-362,-296,-478,537
1597654701318882262,1,4,2,3,0,661,-336,-273,-441,537
1597654701430845005,1,4,2,3,0,661,-336,-273,-441,537
1597654701542529224,1,4,2,3,0,661,-336,-273,-441,537
1597654701654608043,1,4,2,3,0,661,-310,-249,-406,537
1597654701766611256,1,4,2,3,0,661,-283,-228,-371,537
1597654701878679029,1,4,2,3,0,661,-283,-228,-371,537
1597654701990849220,1,4,2,3,0,661,-253,-209,-332,537
1597654702102810450,1,4,2,3,0,661,-225,-194,-297,537
1597654702214656902,1,4,2,3,0,661,-225,-194,-297,537
1597654702326781778,1,4,2,3,0,661,-200,-179,-269,537
1597654702438787555,1,4,2,3,0,661,-183,-169,-253,537
1597654702550579508,1,4,2,3,0,661,-183,-169,-253,537
1597654702662594371,1,4,2,3,0,661,-177,-167,-249,537
1597654702774570755,1,4,2,3,0,661,-179,-169,-253,537
1597654702774808449,1,4,2,3,0,661,-179,-169,-253,537
1597654702886779607,1,4,2,3,0,661,-178,-169,-253,537
1597654702998845425,1,4,2,3,0,661,-179,-169,-253,537
1597654703110803083,1,4,2,3,0,661,-179,-169,-253,537
1597654703222649130,1,4,2,3,0,661,-179,-168,-253,537
1597654703334823581,1,4,2,3,0,661,-179,-168,-253,538
1597654703446737770,1,4,2,3,0,661,-179,-168,-253,538
1597654703558632330,1,4,2,3,0,661,-179,-168,-253,543
1597654703670766319,1,4,2,3,0,661,-180,-168,-253,549
1597654703782814812,1,4,2,3,0,661,-180,-168,-253,549
1597654703894825122,1,4,2,3,0,661,-179,-168,-253,557
1597654704006831247,1,4,2,3,0,661,-179,-168,-253,563
1597654704118795897,1,4,2,3,0,661,-179,-168,-253,563
1597654704230672791,1,4,2,3,0,661,-179,-168,-253,564
1597654704342543562,1,4,2,3,0,661,-179,-168,-253,564
1597654704342585542,1,4,2,3,0,661,-179,-169,-253,563
1597654704454720361,1,4,2,3,0,661,-179,-169,-253,563
1597654704566596121,1,4,2,3,0,661,-179,-168,-253,563
1597654704678911719,1,4,2,3,0,661,-179,-168,-253,563
1597654704790617576,1,4,2,3,0,661,-179,-168,-253,563
1597654704902788608,1,4,2,3,0,668,-177,-168,-252,567
1597654705014691239,1,4,2,3,0,661,-179,-169,-253,563
1597654705126682467,1,4,2,3,0,661,-179,-169,-253,563
1597654705238467632,1,4,2,3,0,633,-189,-169,-257,548
1597654705350505830,1,4,2,3,0,581,-200,-169,-261,517
1597654705462663281,1,4,2,3,0,581,-200,-169,-261,517
1597654705574519423,1,4,2,3,0,501,-201,-168,-262,468
1597654705686496575,1,4,2,3,0,426,-200,-168,-262,417
1597654705798584514,1,4,2,3,0,426,-200,-168,-262,417
1597654705910725722,1,4,2,3,0,389,-199,-168,-260,378
1597654706023061870,1,4,2,3,0,376,-201,-168,-262,354
1597654706134557855,1,4,2,3,0,376,-201,-168,-262,354
1597654706246597551,1,4,2,3,0,369,-209,-168,-273,348
1597654706358547661,1,4,2,3,0,370,-218,-168,-284,352
1597654706470533327,1,4,2,3,0,370,-218,-168,-284,352
1597654706582541975,1,4,2,3,0,369,-219,-168,-286,351
1597654706694970119,1,4,2,3,0,370,-218,-168,-284,351
1597654706806597586,1,4,2,3,0,370,-218,-168,-284,351
1597654706918031379,1,4,2,3,0,370,-218,-168,-284,350
1597654707030012083,1,4,2,3,0,370,-218,-168,-284,350
1597654707142207405,1,4,2,3,0,370,-218,-168,-284,350
1597654707254500982,1,4,2,3,0,370,-218,-168,-284,350
1597654707366439684,1,4,2,3,0,370,-218,-168,-284,350
1597654707478591957,1,4,2,3,0,370,-218,-168,-284,350
1597654707590626981,1,4,2,3,0,370,-218,-168,-284,350
1597654707702445433,1,4,2,3,0,370,-218,-168,-284,349
1597654707814459148,1,4,2,3,0,370,-218,-168,-284,349
1597654707926523318,1,4,2,3,0,370,-218,-168,-284,348
1597654708037621810,1,4,2,3,0,370,-218,-169,-284,348
1597654708150263227,1,4,2,3,0,370,-218,-169,-284,348
1597654708262482427,1,4,2,3,0,370,-218,-169,-284,348
1597654708374429663,1,4,2,3,0,370,-218,-169,-284,348
1597654708486315012,1,4,2,3,0,370,-218,-169,-284,348
1597654708598403002,1,4,2,3,0,370,-218,-168,-284,348
1597654708710490011,1,4,2,3,0,370,-218,-168,-284,348
1597654708822242782,1,4,2,3,0,370,-218,-168,-284,348
1597654708934257522,1,4,2,3,0,370,-218,-168,-284,348
1597654709046139788,1,4,2,3,0,370,-218,-168,-284,348
1597654709158223050,1,4,2,3,0,370,-218,-169,-284,347
1597654709270186437,1,4,2,3,0,370,-218,-169,-284,347
1597654709383147050,1,4,2,3,0,370,-218,-168,-284,346
1597654709494460301,1,4,2,3,0,370,-218,-168,-284,346
1597654709606317721,1,4,2,3,0,370,-218,-168,-284,346
1597654709718091028,1,4,2,3,0,370,-218,-168,-284,345
1597654709830093396,1,4,2,3,0,370,-218,-168,-284,345
1597654709942341139,1,4,2,3,0,370,-218,-168,-284,345
1597654710054483841,1,4,2,3,0,370,-218,-168,-284,345
1597654710054506163,1,4,2,3,0,370,-218,-168,-284,345
1597654710166166487,1,4,2,3,0,370,-218,-168,-284,345
1597654710278330262,1,4,2,3,0,370,-218,-168,-284,345
1597654710390208639,1,4,2,3,0,370,-218,-168,-284,345
1597654710502543434,1,4,2,3,0,370,-218,-168,-284,345
1597654710614224889,1,4,2,3,0,370,-218,-168,-284,345
1597654710726229289,1,4,2,3,0,370,-218,-168,-284,345
1597654710838307396,1,4,2,3,0,370,-218,-168,-284,345
1597654710950283585,1,4,2,3,0,370,-218,-168,-284,345
1597654711062292877,1,4,2,3,0,370,-218,-168,-284,345
1597654711174274297,1,4,2,3,0,370,-218,-168,-284,345
1597654711286098889,1,4,2,3,0,370,-218,-168,-284,345
1597654711398251587,1,4,2,3,0,370,-218,-168,-284,345
1597654711510475666,1,4,2,3,0,370,-218,-168,-284,345
1597654711622075118,1,4,2,3,0,370,-218,-168,-284,345
1597654711734283954,1,4,2,3,0,370,-218,-168,-284,345
1597654711846180270,1,4,2,3,0,370,-218,-168,-284,345
1597654711958079597,1,4,2,3,0,370,-218,-168,-284,345
1597654712070110590,1,4,2,3,0,370,-218,-168,-284,345
1597654712182214208,1,4,2,3,0,370,-218,-168,-284,345
1597654712294288424,1,4,2,3,0,370,-218,-168,-284,345
1597654712406442743,1,4,2,3,0,370,-218,-168,-284,345
1597654712518354078,1,4,2,3,0,370,-218,-168,-284,345
1597654712630113239,1,4,2,3,0,370,-218,-168,-284,345
1597654712741937970,1,4,2,3,0,370,-218,-168,-284,345
1597654712853896777,1,4,2,3,0,370,-218,-168,-284,345
1597654712965939056,1,4,2,3,0,370,-218,-168,-284,345
1597654713077666877,1,4,2,3,0,370,-218,-168,-284,345
1597654713190259007,1,4,2,3,0,370,-218,-168,-284,345
1597654713301954310,1,4,2,3,0,370,-218,-168,-284,345
1597654713413914127,1,4,2,3,0,370,-218,-168,-284,345
1597654713526080756,1,4,2,3,0,370,-218,-168,-284,345
1597654713638146865,1,4,2,3,0,370,-218,-168,-284,345
1597654713750733693,1,4,2,3,0,370,-218,-168,-284,345
