1597654644985543412,first,1,3886,0,0,fourth,4,831,0,0,second,2,2582,0,0,third,3,1709,0,0,zero,0,1790,0,0
1597654645097415694,first,1,3886,0,0,fourth,4,831,0,0,second,2,2582,0,0,third,3,1708,0,0,zero,0,1789,0,0
1597654645210524309,first,1,3886,0,0,fourth,4,831,0,0,second,2,2581,0,0,third,3,1708,0,0,zero,0,1789,0,0
1597654645321825631,first,1,3886,0,0,fourth,4,832,0,0,second,2,2582,0,0,third,3,1709,0,0,zero,0,1790,0,0
1597654645433848436,first,1,3886,0,0,fourth,4,832,0,0,second,2,2581,0,0,third,3,1709,0,0,zero,0,1789,0,0
1597654645545246507,first,1,3885,0,0,fourth,4,832,0,0,second,2,2582,0,0,third,3,1709,0,0,zero,0,1789,0,0
1597654645657676966,first,1,3885,0,0,fourth,4,831,0,0,second,2,2582,0,0,third,3,1708,0,0,zero,0,1790,0,0
1597654645769815475,first,1,3885,0,0,fourth,4,831,0,0,second,2,2582,0,0,third,3,1709,0,0,zero,0,1789,0,0
1597654645881757199,first,1,3886,0,0,fourth,4,831,0,0,second,2,2582,0,0,third,3,1709,0,0,zero,0,1789,0,0
1597654645993817878,first,1,3886,0,0,fourth,4,832,0,0,second,2,2582,0,0,third,3,1709,0,0,zero,0,1789,0,0
1597654646105924411,first,1,3886,0,0,fourth,4,832,0,0,second,2,2582,0,0,third,3,1709,0,0,zero,0,1790,0,0
1597654646217787197,first,1,3885,0,0,fourth,4,831,0,0,second,2,2581,0,0,third,3,1709,0,0,zero,0,1789,0,0
1597654646329813828,first,1,3886,0,0,fourth,4,832,0,0,second,2,2582,0,0,third,3,1709,0,0,zero,0,1789,0,0
1597654646442038161,first,1,3885,0,0,fourth,4,831,0,0,second,2,2582,0,0,third,3,1709,0,0,zero,0,1789,0,0
1597654646442148914,first,1,3885,0,0,fourth,4,831,0,0,second,2,2582,0,0,third,3,1709,0,0,zero,0,1789,0,0
1597654646553936157,first,1,3886,0,0,fourth,4,831,0,0,second,2,2581,0,0,third,3,1708,0,0,zero,0,1789,0,0
1597654646665967257,first,1,3885,0,0,fourth,4,831,0,0,second,2,2581,0,0,third,3,1709,0,0,zero,0,1789,0,0
1597654646777826967,first,1,3885,0,0,fourth,4,832,0,0,second,2,2582,0,0,third,3,1708,0,0,zero,0,1790,0,0
1597654646889899571,first,1,3885,0,0,fourth,4,831,0,0,second,2,2582,0,0,third,3,1708,0,0,zero,0,1789,0,0
1597654647001753876,first,1,3885,0,0,fourth,4,831,0,0,second,2,2582,0,0,third,3,1708,0,0,zero,0,1789,0,0
1597654647114898625,first,1,3886,0,0,fourth,4,831,0,0,second,2,2582,0,0,third,3,1709,0,0,zero,0,1789,0,0
1597654647225197579,first,1,3885,0,0,fourth,4,832,0,0,second,2,2582,0,0,third,3,1709,0,0,zero,0,1789,0,0
1597654647337161135,first,1,3886,0,0,fourth,4,832,0,0,second,2,2581,0,0,third,3,1709,0,0,zero,0,1789,0,0
1597654647449164958,first,1,3886,0,0,fourth,4,832,0,0,second,2,2581,0,0,third,3,1708,0,0,zero,0,1789,0,0
1597654647561172361,first,1,3885,0,0,fourth,4,832,0,0,second,2,2581,0,0,third,3,1709,0,0,zero,0,1789,0,0
1597654647673159611,first,1,3885,0,0,fourth,4,831,0,0,second,2,2582,0,0,third,3,1708,0,0,zero,0,1790,0,0
1597654647785202798,first,1,3886,0,0,fourth,4,832,0,0,second,2,2581,0,0,third,3,1709,0,0,zero,0,1789,0,0
1597654647897124211,first,1,3885,0,0,fourth,4,831,0,0,second,2,2581,0,0,third,3,1709,0,0,zero,0,1789,0,0
1597654648010956937,first,1,3886,0,0,fourth,4,831,0,0,second,2,2582,0,0,third,3,1709,0,0,zero,0,1789,0,0
1597654648121147647,first,1,3885,0,0,fourth,4,832,0,0,second,2,2582,0,0,third,3,1708,0,0,zero,0,1789,0,0
1597654648233081278,first,1,3886,0,0,fourth,4,832,0,0,second,2,2582,0,0,third,3,1709,0,0,zero,0,1789,0,0
1597654648345172573,first,1,3885,0,0,fourth,4,831,0,0,second,2,2582,0,0,third,3,1708,0,0,zero,0,1789,0,0
1597654648457485546,first,1,3886,0,0,fourth,4,831,0,0,second,2,2581,0,0,third,3,1708,0,0,zero,0,1789,0,0
1597654648569787433,first,1,3885,0,0,fourth,4,831,0,0,second,2,2581,0,0,third,3,1708,0,0,zero,0,1789,0,0
1597654648681754546,first,1,3885,0,0,fourth,4,832,0,0,second,2,2582,0,0,third,3,1709,0,0,zero,0,1789,0,0
1597654648794187924,first,1,3885,0,0,fourth,4,831,0,0,second,2,2582,0,0,third,3,1708,0,0,zero,0,1789,0,0
1597654648905751219,first,1,3886,0,0,fourth,4,831,0,0,second,2,2581,0,0,third,3,1709,0,0,zero,0,1789,0,0
1597654649017593615,first,1,3885,0,0,fourth,4,831,0,0,second,2,2581,0,0,third,3,1708,0,0,zero,0,1790,0,0
1597654649129590098,first,1,3885,0,0,fourth,4,832,0,0,second,2,2581,0,0,third,3,1708,0,0,zero,0,1789,0,0
1597654649241580792,first,1,3886,0,0,fourth,4,832,0,0,second,2,2581,0,0,third,3,1709,0,0,zero,0,1789,0,0
1597654649353537639,first,1,3885,0,0,fourth,4,832,0,0,second,2,2582,0,0,third,3,1709,0,0,zero,0,1789,0,0
1597654649465646696,first,1,3886,0,0,fourth,4,831,0,0,second,2,2582,0,0,third,3,1709,0,0,zero,0,1789,0,0
1597654649689565649,first,1,3885,0,0,fourth,4,831,0,0,second,2,2582,0,0,third,3,1709,0,0,zero,0,1789,0,0
1597654649801505596,first,1,3885,0,0,fourth,4,831,0,0,second,2,2582,0,0,third,3,1708,0,0,zero,0,1789,0,0
1597654649913729006,first,1,3886,0,0,fourth,4,831,0,0,second,2,2582,0,0,third,3,1708,0,0,zero,0,1789,0,0
1597654650025794081,first,1,3886,0,0,fourth,4,831,0,0,second,2,2581,0,0,third,3,1709,0,0,zero,0,1789,0,0
1597654650137342054,first,1,3886,0,0,fourth,4,832,0,0,second,2,2581,0,0,third,3,1709,0,0,zero,0,1790,0,0
1597654650249417422,first,1,3885,0,0,fourth,4,832,0,0,second,2,2581,0,0,third,3,1709,0,0,zero,0,1789,0,0
1597654650249820660,first,1,3885,0,0,fourth,4,832,0,0,second,2,2581,0,0,third,3,1709,0,0,zero,0,1789,0,0
1597654650361803842,first,1,3885,0,0,fourth,4,831,0,0,second,2,2582,0,0,third,3,1709,0,0,zero,0,1789,0,0
1597654650473711055,first,1,3886,0,0,fourth,4,831,0,0,second,2,2582,0,0,third,3,1709,0,0,zero,0,1789,0,0
1597654650585667401,first,1,3886,0,0,fourth,4,832,0,0,second,2,2581,0,0,third,3,1708,0,0,zero,0,1789,0,0
1597654650697731472,first,1,3885,0,0,fourth,4,832,0,0,second,2,2582,0,0,third,3,1708,0,0,zero,0,1789,0,0
1597654650809709798,first,1,3886,0,0,fourth,4,831,0,0,second,2,2582,0,0,third,3,1708,0,0,zero,0,1789,0,0
1597654650921621277,first,1,3885,0,0,fourth,4,832,0,0,second,2,2581,0,0,third,3,1708,0,0,zero,0,1789,0,0
1597654651035251207,first,1,3886,0,0,fourth,4,831,0,0,second,2,2582,0,0,third,3,1709,0,0,zero,0,1789,0,0
1597654651145462735,first,1,3886,0,0,fourth,4,832,0,0,second,2,2582,0,0,third,3,1709,0,0,zero,0,1789,0,0
1597654651257371215,first,1,3885,0,0,fourth,4,832,0,0,second,2,2582,0,0,third,3,1709,0,0,zero,0,1790,0,0
1597654651257481747,first,1,3885,0,0,fourth,4,832,0,0,second,2,2582,0,0,third,3,1709,0,0,zero,0,1790,0,0
1597654651369684197,first,1,3886,0,0,fourth,4,832,0,0,second,2,2581,0,0,third,3,1709,0,0,zero,0,1789,0,0
1597654651481676033,first,1,3885,0,0,fourth,4,831,0,0,second,2,2582,0,0,third,3,1708,0,0,zero,0,1789,0,0
1597654651593566591,first,1,3885,0,0,fourth,4,831,0,0,second,2,2581,0,0,third,3,1709,0,0,zero,0,1789,0,0
1597654651705729981,first,1,3886,0,0,fourth,4,832,0,0,second,2,2582,0,0,third,3,1708,0,0,zero,0,1789,0,0
1597654651817660222,first,1,3885,0,0,fourth,4,831,0,0,second,2,2581,0,0,third,3,1709,0,0,zero,0,1789,0,0
1597654651929651860,first,1,3886,0,0,fourth,4,832,0,0,second,2,2581,0,0,third,3,1707,0,-6,zero,0,1789,0,0
1597654652041641666,first,1,3886,0,0,fourth,4,831,0,0,second,2,2581,0,0,third,3,1695,-5,-9,zero,0,1789,0,0
1597654652153380089,first,1,3886,0,0,fourth,4,831,0,0,second,2,2582,0,0,third,3,1676,-9,-3,zero,0,1789,0,0
1597654652265401745,first,1,3885,0,0,fourth,4,825,-2,-4,second,2,2582,0,0,third,3,1672,-1,-3,zero,0,1789,0,0
1597654652377493856,first,1,3885,0,0,fourth,4,803,-11,-7,second,2,2581,0,0,third,3,1671,0,-4,zero,0,1790,0,0
1597654652489489188,first,1,3885,0,0,fourth,4,794,-2,0,second,2,2581,0,0,third,3,1671,0,-4,zero,0,1789,0,0
1597654652601388538,first,1,3886,0,0,fourth,4,794,0,-1,second,2,2582,0,0,third,3,1669,0,-4,zero,0,1789,0,0
1597654652713492938,first,1,3885,0,0,fourth,4,794,0,-1,second,2,2582,0,0,third,3,1659,-4,-3,zero,0,1789,0,0
1597654652825426800,first,1,3885,0,0,fourth,4,794,0,-1,second,2,2582,0,0,third,3,1645,-6,-3,zero,0,1789,0,0
1597654652937402384,first,1,3885,0,0,fourth,4,794,0,-1,second,2,2582,0,0,third,3,1639,-2,-2,zero,0,1789,0,0
1597654653048915108,first,1,3886,0,-3,fourth,4,794,0,-1,second,2,2582,0,0,third,3,1640,0,-1,zero,0,1789,0,0
1597654653161366068,first,1,3885,0,-1,fourth,4,794,0,-1,second,2,2582,0,0,third,3,1639,0,-3,zero,0,1790,0,0
1597654653273278381,first,1,3882,0,-6,fourth,4,795,0,-1,second,2,2582,0,0,third,3,1640,0,-2,zero,0,1778,-8,-8
1597654653386384865,first,1,3863,-10,-8,fourth,4,794,0,-1,second,2,2581,0,0,third,3,1640,0,-3,zero,0,1746,-19,-11
1597654653497440565,first,1,3835,-15,-2,fourth,4,795,0,-1,second,2,2581,0,0,third,3,1640,0,-3,zero,0,1720,-6,0
1597654653609300206,first,1,3820,-7,-8,fourth,4,794,0,-1,second,2,2579,0,-5,third,3,1640,0,-3,zero,0,1708,-10,-6
1597654653721694426,first,1,3791,-15,-10,fourth,4,794,0,-1,second,2,2553,-17,-9,third,3,1639,0,-2,zero,0,1654,-34,-13
1597654653833392534,first,1,3741,-28,-2,fourth,4,795,0,-1,second,2,2505,-24,-1,third,3,1640,0,-2,zero,0,1609,-11,0
1597654653945422962,first,1,3713,-14,-2,fourth,4,794,0,-1,second,2,2478,-13,-1,third,3,1639,0,-3,zero,0,1600,-6,-4
1597654654057386042,first,1,3698,-7,-6,fourth,4,794,0,-1,second,2,2457,-11,-5,third,3,1640,0,-3,zero,0,1565,-21,-11
1597654654169278299,first,1,3678,-10,-2,fourth,4,794,0,-1,second,2,2446,0,0,third,3,1640,0,-2,zero,0,1518,-24,-2
1597654654281247984,first,1,3657,-10,-7,fourth,4,794,0,-1,second,2,2442,-2,-4,third,3,1640,0,-3,zero,0,1494,-12,-5
1597654654281490712,first,1,3657,-10,-7,fourth,4,794,0,-1,second,2,2442,-2,-4,third,3,1640,0,-3,zero,0,1494,-12,-5
1597654654393454730,first,1,3621,-20,-8,fourth,4,794,0,-1,second,2,2418,-13,-6,third,3,1639,0,-3,zero,0,1463,-18,-11
1597654654505447334,first,1,3577,-23,-1,fourth,4,794,0,-1,second,2,2401,-2,0,third,3,1640,0,-3,zero,0,1421,-21,-4
1597654654617613277,first,1,3557,-10,-4,fourth,4,794,0,-1,second,2,2401,0,1,third,3,1640,0,-3,zero,0,1396,-12,-8
1597654654729298719,first,1,3533,-12,-6,fourth,4,794,0,-1,second,2,2401,0,0,third,3,1639,0,-3,zero,0,1360,-20,-10
1597654654841120671,first,1,3506,-14,-1,fourth,4,794,0,-1,second,2,2401,0,-2,third,3,1639,0,-1,zero,0,1320,-19,-1
1597654654953464966,first,1,3489,-8,-4,fourth,4,794,0,-1,second,2,2401,0,-1,third,3,1640,0,-3,zero,0,1302,-8,-8
1597654655065411459,first,1,3461,-14,-4,fourth,4,794,0,-1,second,2,2401,0,-1,third,3,1640,0,-2,zero,0,1280,-10,-7
1597654655177321512,first,1,3446,-5,0,fourth,4,794,0,-1,second,2,2401,0,-1,third,3,1639,0,-3,zero,0,1258,-11,-6
1597654655289426372,first,1,3437,-4,-6,fourth,4,794,0,-1,second,2,2401,0,0,third,3,1639,0,-3,zero,0,1238,-11,-9
1597654655401319037,first,1,3401,-19,-8,fourth,4,794,0,-1,second,2,2401,0,-2,third,3,1640,0,-3,zero,0,1199,-21,-13
1597654655513373188,first,1,3372,-13,0,fourth,4,794,0,-1,second,2,2401,0,-2,third,3,1640,0,-2,zero,0,1157,-20,-1
1597654655625148632,first,1,3370,0,-2,fourth,4,794,0,-1,second,2,2401,0,-2,third,3,1639,0,-2,zero,0,1142,-5,-1
1597654655737131625,first,1,3352,-8,-5,fourth,4,794,0,-1,second,2,2401,0,-2,third,3,1640,0,-2,zero,0,1137,-2,-4
1597654655849326918,first,1,3332,-10,-1,fourth,4,794,0,-1,second,2,2401,0,-2,third,3,1640,0,-2,zero,0,1138,0,-3
1597654655961188337,first,1,3327,-1,0,fourth,4,794,0,-1,second,2,2401,0,-1,third,3,1640,0,-3,zero,0,1137,0,-4
1597654656072893409,first,1,3327,0,0,fourth,4,794,0,-1,second,2,2401,0,-2,third,3,1639,0,-2,zero,0,1137,0,-6
1597654656072993784,first,1,3327,0,0,fourth,4,794,0,-1,second,2,2401,0,-2,third,3,1639,0,-2,zero,0,1137,0,-6
1597654656185207740,first,1,3327,0,0,fourth,4,794,0,-1,second,2,2401,0,-1,third,3,1640,0,-2,zero,0,1137,0,-5
1597654656297232969,first,1,3327,0,0,fourth,4,794,0,-1,second,2,2401,0,-2,third,3,1640,0,-2,zero,0,1137,0,-4
1597654656409248928,first,1,3327,0,0,fourth,4,794,0,-1,second,2,2401,0,-2,third,3,1639,0,-3,zero,0,1137,0,-3
1597654656521202863,first,1,3327,0,0,fourth,4,794,0,-1,second,2,2401,0,-1,third,3,1639,0,-2,zero,0,1137,0,-3
1597654656633520773,first,1,3327,0,0,fourth,4,794,0,-1,second,2,2401,0,-2,third,3,1640,0,-3,zero,0,1134,-1,-8
1597654656745705879,first,1,3327,0,0,fourth,4,794,0,-1,second,2,2401,0,-2,third,3,1640,0,-2,zero,0,1117,-10,-11
1597654656857561628,first,1,3327,0,0,fourth,4,794,0,-1,second,2,2401,0,-2,third,3,1639,0,-2,zero,0,1095,-11,-1
1597654656969498746,first,1,3326,0,-3,fourth,4,794,0,-1,second,2,2401,0,0,third,3,1639,0,-3,zero,0,1079,-8,-3
1597654657081246114,first,1,3321,-2,-4,fourth,4,794,0,-1,second,2,2401,0,-2,third,3,1639,0,-3,zero,0,1068,-5,-3
1597654657193319419,first,1,3301,-9,-2,fourth,4,794,0,-1,second,2,2401,0,-1,third,3,1640,0,-3,zero,0,1060,-2,-4
1597654657305475257,first,1,3287,-8,-1,fourth,4,794,0,-1,second,2,2401,0,-3,third,3,1639,0,-3,zero,0,1058,0,-8
1597654657417436125,first,1,3271,-8,-2,fourth,4,794,0,-1,second,2,2386,-9,-6,third,3,1639,0,-3,zero,0,1040,-12,-13
1597654657529258012,first,1,3264,-2,0,fourth,4,794,0,-1,second,2,2362,-12,-2,third,3,1639,0,-3,zero,0,1004,-18,-5
1597654657641393589,first,1,3255,-3,-5,fourth,4,794,0,-1,second,2,2342,-10,-7,third,3,1639,0,-3,zero,0,979,-13,-8
1597654657753361405,first,1,3223,-18,-10,fourth,4,794,0,-1,second,2,2310,-17,-7,third,3,1640,0,-3,zero,0,941,-21,-15
1597654657865280802,first,1,3194,-13,0,fourth,4,794,0,-1,second,2,2276,-15,-1,third,3,1639,0,-2,zero,0,892,-27,-4
1597654657977325663,first,1,3188,-2,-5,fourth,4,794,0,-1,second,2,2271,0,0,third,3,1639,0,-3,zero,0,867,-13,-9
1597654658089168254,first,1,3163,-13,-8,fourth,4,794,0,-1,second,2,2272,0,-1,third,3,1639,0,-3,zero,0,846,-12,-8
1597654658201240593,first,1,3130,-18,-1,fourth,4,794,0,-1,second,2,2272,0,-2,third,3,1639,0,-2,zero,0,824,-11,-5
1597654658201416617,first,1,3130,-18,-1,fourth,4,794,0,-1,second,2,2272,0,-2,third,3,1639,0,-2,zero,0,824,-11,-5
1597654658313205151,first,1,3114,-7,-1,fourth,4,794,0,-1,second,2,2272,0,-1,third,3,1638,0,-6,zero,0,806,-10,-4
1597654658425151494,first,1,3101,-7,-1,fourth,4,794,0,-1,second,2,2271,0,-2,third,3,1619,-9,-5,zero,0,788,-10,-5
1597654658537309584,first,1,3095,-1,0,fourth,4,794,0,-1,second,2,2272,0,-2,third,3,1598,-10,-1,zero,0,774,-6,-3
1597654658649147589,first,1,3095,0,0,fourth,4,794,0,-1,second,2,2272,0,-2,third,3,1593,-1,0,zero,0,773,0,-3
1597654658649238628,first,1,3095,0,0,fourth,4,794,0,-1,second,2,2272,0,-2,third,3,1593,-1,0,zero,0,773,0,-3
1597654658761250925,first,1,3095,0,0,fourth,4,794,0,-1,second,2,2272,0,-2,third,3,1593,0,0,zero,0,774,0,-4
1597654658873218232,first,1,3095,0,0,fourth,4,794,0,-1,second,2,2272,0,-2,third,3,1593,0,0,zero,0,774,0,-4
1597654658985429188,first,1,3095,0,0,fourth,4,794,0,-1,second,2,2272,0,-2,third,3,1593,0,-1,zero,0,773,0,-5
1597654659097231318,first,1,3095,0,0,fourth,4,794,0,-1,second,2,2271,0,-1,third,3,1588,-1,-5,zero,0,771,0,-6
1597654659209122559,first,1,3095,0,0,fourth,4,794,0,-1,second,2,2271,0,-1,third,3,1576,-5,-1,zero,0,763,-3,-6
1597654659321215396,first,1,3086,-4,-7,fourth,4,794,0,-1,second,2,2272,0,-2,third,3,1564,-5,-1,zero,0,747,-9,-13
1597654659433221685,first,1,3046,-22,-9,fourth,4,794,0,-1,second,2,2272,0,-2,third,3,1551,-5,-2,zero,0,702,-27,-15
1597654659545191210,first,1,3012,-16,0,fourth,4,794,0,-1,second,2,2272,0,-2,third,3,1545,-1,0,zero,0,640,-30,-3
1597654659657054772,first,1,3009,0,-4,fourth,4,794,0,-1,second,2,2272,0,-2,third,3,1545,0,0,zero,0,616,-10,-3
1597654659769142920,first,1,2986,-12,-7,fourth,4,794,0,-1,second,2,2271,0,-3,third,3,1545,0,-1,zero,0,603,-6,-8
1597654659881145926,first,1,2950,-20,-1,fourth,4,794,0,-1,second,2,2272,0,-2,third,3,1545,0,-1,zero,0,585,-8,-3
1597654659993157484,first,1,2929,-10,-3,fourth,4,794,0,-1,second,2,2262,-7,-10,third,3,1543,0,-3,zero,0,571,-8,-11
1597654660105380243,first,1,2906,-12,-5,fourth,4,794,0,-1,second,2,2216,-28,-12,third,3,1527,-7,-4,zero,0,539,-18,-13
1597654660217368001,first,1,2878,-15,-1,fourth,4,794,0,-1,second,2,2173,-12,-1,third,3,1516,-3,0,zero,0,505,-16,-3
1597654660329175056,first,1,2860,-9,-4,fourth,4,794,0,-1,second,2,2171,0,-3,third,3,1517,0,0,zero,0,490,-7,-8
1597654660441048362,first,1,2836,-12,-4,fourth,4,794,0,-1,second,2,2168,-1,-7,third,3,1517,0,-1,zero,0,471,-9,-8
1597654660553187258,first,1,2822,-5,0,fourth,4,794,0,-1,second,2,2151,-8,-5,third,3,1517,0,-1,zero,0,454,-8,-7
1597654660665104377,first,1,2822,0,0,fourth,4,794,0,-1,second,2,2135,-8,-2,third,3,1516,0,-1,zero,0,446,-3,-5
1597654660777123437,first,1,2822,0,-1,fourth,4,794,0,-1,second,2,2130,-1,0,third,3,1516,0,0,zero,0,446,0,-4
1597654660889211677,first,1,2822,0,-1,fourth,4,794,0,-1,second,2,2130,0,-1,third,3,1516,0,-2,zero,0,445,0,-2
1597654661001323389,first,1,2822,0,-1,fourth,4,795,0,-1,second,2,2130,0,-3,third,3,1516,0,0,zero,0,446,0,-6
1597654661113207890,first,1,2822,0,-2,fourth,4,794,0,-1,second,2,2130,0,-3,third,3,1517,0,-1,zero,0,446,0,-6
1597654661225109688,first,1,2822,0,-2,fourth,4,794,0,-1,second,2,2130,0,-3,third,3,1516,0,-1,zero,0,446,0,-6
1597654661337335889,first,1,2816,-2,-3,fourth,4,794,0,-1,second,2,2130,0,-1,third,3,1517,0,-3,zero,0,446,0,-13
1597654661449064202,first,1,2789,-13,-5,fourth,4,794,0,-1,second,2,2130,0,-2,third,3,1513,0,-2,zero,0,434,-8,-18
1597654661561064709,first,1,2770,-8,0,fourth,4,794,0,-1,second,2,2130,0,-2,third,3,1500,-6,-2,zero,0,402,-17,-9
1597654661672701387,first,1,2761,-3,-6,fourth,4,794,0,-1,second,2,2130,0,-5,third,3,1489,-5,-2,zero,0,377,-12,-12
1597654661784371863,first,1,2728,-18,-9,fourth,4,794,0,-1,second,2,2125,-1,-6,third,3,1478,-5,-2,zero,0,341,-20,-15
1597654661784387820,first,1,2728,-18,-9,fourth,4,794,0,-1,second,2,2125,-1,-6,third,3,1478,-5,-2,zero,0,341,-20,-15
1597654661897159896,first,1,2700,-13,0,fourth,4,794,0,-1,second,2,2103,-11,-4,third,3,1467,-5,-1,zero,0,304,-17,-4
1597654662009179972,first,1,2693,-3,-5,fourth,4,794,0,-1,second,2,2078,-13,-7,third,3,1454,-5,-2,zero,0,283,-9,-10
1597654662120701672,first,1,2662,-16,-8,fourth,4,794,0,-1,second,2,2046,-16,-9,third,3,1436,-8,-5,zero,0,258,-14,-13
1597654662233015756,first,1,2636,-11,0,fourth,4,794,0,-1,second,2,2022,-9,-1,third,3,1428,-2,0,zero,0,231,-12,-5
1597654662344941660,first,1,2631,-1,-2,fourth,4,794,0,-1,second,2,2021,0,-3,third,3,1427,0,-3,zero,0,221,-4,-10
1597654662457011544,first,1,2608,-12,-7,fourth,4,794,0,-1,second,2,2021,0,-3,third,3,1427,0,-3,zero,0,205,-9,-15
1597654662568974187,first,1,2576,-17,-1,fourth,4,794,0,-1,second,2,2021,0,-4,third,3,1427,0,-3,zero,0,180,-13,-8
1597654662681033875,first,1,2555,-10,-5,fourth,4,794,0,-1,second,2,2021,0,-3,third,3,1427,0,-3,zero,0,160,-10,-14
1597654662793052895,first,1,2526,-16,-7,fourth,4,794,0,-1,second,2,2021,0,-4,third,3,1427,0,-3,zero,0,132,-15,-16
1597654662905167438,first,1,2504,-10,0,fourth,4,794,0,-1,second,2,2021,0,-4,third,3,1426,0,-3,zero,0,99,-16,-8
1597654663016888019,first,1,2497,-2,-3,fourth,4,794,0,-1,second,2,2021,0,-3,third,3,1424,0,-5,zero,0,81,-9,-12
1597654663128709613,first,1,2466,-16,-8,fourth,4,794,0,-1,second,2,2021,0,-5,third,3,1410,-6,-5,zero,0,59,-11,-15
1597654663240866937,first,1,2438,-12,0,fourth,4,794,0,-1,second,2,2021,0,-2,third,3,1393,-8,-2,zero,0,33,-12,-7
1597654663352861610,first,1,2430,-3,-5,fourth,4,794,0,-1,second,2,2008,-10,-9,third,3,1390,0,-2,zero,0,11,-12,-16
1597654663464929464,first,1,2391,-20,-11,fourth,4,794,0,-1,second,2,1955,-32,-13,third,3,1390,0,-2,zero,0,-28,-23,-18
1597654663576770813,first,1,2336,-30,-1,fourth,4,794,0,-1,second,2,1897,-28,-1,third,3,1389,0,-3,zero,0,-76,-25,-9
1597654663688925106,first,1,2303,-18,-3,fourth,4,794,0,-1,second,2,1887,0,0,third,3,1375,-7,-5,zero,0,-103,-14,-12
1597654663800802911,first,1,2271,-16,-6,fourth,4,794,0,-1,second,2,1887,0,-2,third,3,1355,-10,-3,zero,0,-133,-16,-14
1597654663912764061,first,1,2252,-7,0,fourth,4,794,0,-1,second,2,1887,0,-2,third,3,1350,-1,0,zero,0,-165,-15,-11
1597654664024782343,first,1,2245,-3,-4,fourth,4,794,0,-1,second,2,1887,0,-2,third,3,1350,0,-1,zero,0,-184,-10,-14
1597654664137041428,first,1,2216,-15,-7,fourth,4,794,0,-1,second,2,1887,0,-2,third,3,1350,0,0,zero,0,-208,-12,-17
1597654664248763124,first,1,2193,-10,0,fourth,4,794,0,-1,second,2,1887,0,-2,third,3,1350,0,-1,zero,0,-230,-10,-9
1597654664360720874,first,1,2186,-2,-3,fourth,4,794,0,-1,second,2,1887,0,-2,third,3,1350,0,-4,zero,0,-239,-3,-19
1597654664472796787,first,1,2157,-15,-8,fourth,4,794,0,-1,second,2,1887,0,-4,third,3,1350,0,-6,zero,0,-268,-18,-19
1597654664584948647,first,1,2115,-23,-1,fourth,4,794,0,-1,second,2,1887,0,-3,third,3,1350,0,-3,zero,0,-308,-18,-10
1597654664696747856,first,1,2093,-10,-2,fourth,4,794,0,-1,second,2,1877,-7,-10,third,3,1346,-1,-6,zero,0,-324,-8,-18
1597654664808718547,first,1,2068,-12,-6,fourth,4,794,0,-1,second,2,1833,-27,-13,third,3,1324,-11,-8,zero,0,-353,-16,-18
1597654664920694994,first,1,2044,-13,-1,fourth,4,794,0,-1,second,2,1779,-26,-1,third,3,1302,-12,-1,zero,0,-390,-19,-12
1597654665032259986,first,1,2028,-7,-3,fourth,4,794,0,-1,second,2,1769,-2,-2,third,3,1290,-6,-1,zero,0,-410,-9,-15
1597654665144641063,first,1,2003,-12,-6,fourth,4,794,0,-1,second,2,1769,0,-5,third,3,1282,-3,-1,zero,0,-430,-10,-16
1597654665256703714,first,1,1983,-10,-1,fourth,4,794,0,-1,second,2,1769,0,-4,third,3,1281,0,-2,zero,0,-452,-11,-10
1597654665368660957,first,1,1971,-5,-5,fourth,4,794,0,-1,second,2,1769,0,-5,third,3,1281,0,-4,zero,0,-463,-5,-13
1597654665480585976,first,1,1952,-9,-6,fourth,4,794,0,-1,second,2,1769,0,-3,third,3,1281,0,-4,zero,0,-484,-12,-17
1597654665592237610,first,1,1934,-10,-2,fourth,4,794,0,-1,second,2,1769,0,-4,third,3,1280,0,-3,zero,0,-510,-13,-14
1597654665704074813,first,1,1919,-7,-5,fourth,4,794,0,-1,second,2,1769,0,-5,third,3,1280,0,-4,zero,0,-526,-8,-15
1597654665816304525,first,1,1896,-11,-6,fourth,4,794,0,-1,second,2,1768,0,-5,third,3,1280,0,-4,zero,0,-545,-9,-14
1597654665928321124,first,1,1880,-6,-1,fourth,4,795,0,-1,second,2,1769,0,-5,third,3,1280,0,-4,zero,0,-557,-4,-10
1597654666040317377,first,1,1880,0,-1,fourth,4,795,0,-1,second,2,1768,0,-5,third,3,1280,0,-6,zero,0,-558,0,-11
1597654666152395147,first,1,1880,0,-2,fourth,4,795,0,-1,second,2,1769,0,-3,third,3,1280,0,-3,zero,0,-558,0,-10
1597654666264820131,first,1,1880,0,-2,fourth,4,794,0,-1,second,2,1769,0,-5,third,3,1280,0,-4,zero,0,-558,0,-12
1597654666376688068,first,1,1880,0,-2,fourth,4,794,0,-1,second,2,1769,0,-2,third,3,1280,0,-6,zero,0,-558,0,-12
1597654666488797053,first,1,1880,0,-2,fourth,4,794,0,-1,second,2,1769,0,-4,third,3,1278,0,-6,zero,0,-557,0,-13
1597654666600537518,first,1,1880,0,-2,fourth,4,794,0,-1,second,2,1769,0,-4,third,3,1268,-4,-5,zero,0,-558,0,-11
1597654666712636553,first,1,1880,0,-3,fourth,4,794,0,-1,second,2,1759,-7,-11,third,3,1256,-5,-7,zero,0,-558,0,-16
1597654666824667989,first,1,1877,0,-5,fourth,4,794,0,-1,second,2,1712,-29,-14,third,3,1240,-7,-6,zero,0,-563,-2,-21
1597654666936680403,first,1,1866,-4,-3,fourth,4,794,0,-1,second,2,1657,-27,-2,third,3,1224,-8,-5,zero,0,-579,-8,-15
1597654667048571768,first,1,1849,-8,-10,fourth,4,794,0,-1,second,2,1648,0,0,third,3,1208,-7,-5,zero,0,-602,-13,-21
1597654667160679989,first,1,1816,-17,-10,fourth,4,794,0,-1,second,2,1649,0,-3,third,3,1194,-7,-3,zero,0,-646,-26,-21
1597654667272533476,first,1,1769,-26,-1,fourth,4,794,0,-1,second,2,1649,0,-4,third,3,1188,-3,-2,zero,0,-696,-27,-11
1597654667384529427,first,1,1747,-10,-1,fourth,4,794,0,-1,second,2,1649,0,-3,third,3,1188,0,-2,zero,0,-723,-12,-10
1597654667385367553,first,1,1747,-10,-1,fourth,4,794,0,-1,second,2,1649,0,-3,third,3,1188,0,-2,zero,0,-723,-12,-10
1597654667496712530,first,1,1737,-5,-2,fourth,4,794,0,-1,second,2,1649,0,-3,third,3,1188,0,-3,zero,0,-730,-2,-12
1597654667608749506,first,1,1730,-3,0,fourth,4,795,0,-1,second,2,1649,0,-4,third,3,1188,0,-4,zero,0,-730,0,-11
1597654667720611830,first,1,1729,0,-5,fourth,4,794,0,-1,second,2,1649,0,-4,third,3,1188,0,-4,zero,0,-730,0,-15
1597654667833197890,first,1,1730,0,-5,fourth,4,794,0,-1,second,2,1649,0,-4,third,3,1188,0,-5,zero,0,-730,0,-17
1597654667944630369,first,1,1730,0,-4,fourth,4,795,0,-1,second,2,1649,0,-3,third,3,1188,0,-4,zero,0,-730,0,-18
1597654668056144444,first,1,1730,0,-2,fourth,4,794,0,-1,second,2,1649,0,-2,third,3,1187,0,-7,zero,0,-731,0,-16
1597654668168873030,first,1,1730,0,-3,fourth,4,794,0,-1,second,2,1649,0,-3,third,3,1181,-2,-8,zero,0,-734,-1,-18
1597654668280570384,first,1,1730,0,-5,fourth,4,794,0,-1,second,2,1649,0,-4,third,3,1172,-4,-4,zero,0,-747,-6,-16
1597654668392534784,first,1,1718,-5,-10,fourth,4,794,0,-1,second,2,1648,0,-6,third,3,1172,0,-5,zero,0,-758,-5,-21
1597654668504511607,first,1,1677,-23,-12,fourth,4,794,0,-1,second,2,1640,-5,-9,third,3,1172,0,-9,zero,0,-788,-17,-17
1597654668616564506,first,1,1630,-25,-4,fourth,4,794,0,-1,second,2,1614,-14,-4,third,3,1167,-1,-6,zero,0,-836,-26,-17
1597654668728367653,first,1,1612,-9,-7,fourth,4,794,0,-1,second,2,1591,-13,-8,third,3,1144,-12,-14,zero,0,-879,-24,-19
1597654668840481760,first,1,1586,-12,-6,fourth,4,795,0,-1,second,2,1547,-26,-12,third,3,1096,-27,-10,zero,0,-922,-23,-19
1597654668840544864,first,1,1586,-12,-6,fourth,4,795,0,-1,second,2,1547,-26,-12,third,3,1096,-27,-10,zero,0,-922,-23,-19
1597654668952638648,first,1,1558,-15,-2,fourth,4,794,0,-1,second,2,1492,-29,-2,third,3,1047,-27,-4,zero,0,-949,-12,-11
1597654669064635322,first,1,1550,-4,-1,fourth,4,794,0,-1,second,2,1474,-5,0,third,3,1040,-1,0,zero,0,-963,-6,-11
1597654669176694259,first,1,1550,0,-1,fourth,4,794,0,-1,second,2,1475,0,-2,third,3,1040,0,-3,zero,0,-964,0,-12
1597654669288648904,first,1,1549,0,-3,fourth,4,794,0,-1,second,2,1474,0,-2,third,3,1040,0,-3,zero,0,-965,0,-15
1597654669400632204,first,1,1550,0,-2,fourth,4,791,0,-5,second,2,1475,0,-2,third,3,1038,0,-7,zero,0,-965,0,-11
1597654669512512232,first,1,1550,0,-3,fourth,4,772,-9,-3,second,2,1474,0,-2,third,3,1025,-6,-10,zero,0,-965,0,-13
1597654669624569366,first,1,1549,0,-3,fourth,4,761,-4,0,second,2,1474,0,-2,third,3,1008,-8,-3,zero,0,-966,0,-15
1597654669736899343,first,1,1550,0,-3,fourth,4,761,0,0,second,2,1474,0,-2,third,3,1007,0,-4,zero,0,-966,0,-17
1597654669848689843,first,1,1546,0,-9,fourth,4,761,0,0,second,2,1474,0,-4,third,3,1007,0,-8,zero,0,-971,-2,-17
1597654669960379493,first,1,1535,-5,-4,fourth,4,761,0,-1,second,2,1474,0,-3,third,3,1007,0,-7,zero,0,-989,-9,-18
1597654670072388018,first,1,1518,-8,-6,fourth,4,758,0,-1,second,2,1471,-1,-6,third,3,1007,0,-11,zero,0,-1008,-10,-21
1597654670184389138,first,1,1493,-12,-7,fourth,4,742,-8,-3,second,2,1444,-17,-11,third,3,999,-3,-12,zero,0,-1038,-15,-17
1597654670296376181,first,1,1475,-9,-1,fourth,4,734,-2,0,second,2,1402,-23,-3,third,3,968,-17,-9,zero,0,-1066,-13,-18
1597654670408446751,first,1,1467,-4,-2,fourth,4,729,-1,-2,second,2,1380,-10,-6,third,3,941,-14,-9,zero,0,-1072,-1,-12
1597654670520181616,first,1,1466,0,-2,fourth,4,712,-9,-2,second,2,1360,-10,-7,third,3,920,-11,-8,zero,0,-1072,0,-11
1597654670632391683,first,1,1467,0,-3,fourth,4,704,-2,0,second,2,1341,-9,-4,third,3,908,-5,-4,zero,0,-1073,0,-17
1597654670744427662,first,1,1467,0,-3,fourth,4,704,0,0,second,2,1339,0,-3,third,3,908,0,-7,zero,0,-1072,0,-16
1597654670856453311,first,1,1467,0,-3,fourth,4,704,0,-1,second,2,1339,0,-3,third,3,907,0,-9,zero,0,-1073,0,-13
1597654670968309065,first,1,1467,0,-2,fourth,4,703,0,-1,second,2,1339,0,-3,third,3,907,0,-7,zero,0,-1073,0,-12
1597654671080132074,first,1,1467,0,-3,fourth,4,704,0,-1,second,2,1339,0,-3,third,3,907,0,-7,zero,0,-1073,0,-12
1597654671080171552,first,1,1467,0,-3,fourth,4,704,0,-1,second,2,1339,0,-3,third,3,907,0,-7,zero,0,-1073,0,-12
1597654671192564601,first,1,1467,0,-2,fourth,4,704,0,-1,second,2,1339,0,-3,third,3,907,0,-8,zero,0,-1073,0,-17
1597654671304553835,first,1,1467,0,-2,fourth,4,704,0,-1,second,2,1339,0,-3,third,3,907,0,-8,zero,0,-1073,0,-16
1597654671416510566,first,1,1467,0,-2,fourth,4,702,0,-2,second,2,1339,0,-3,third,3,907,0,-9,zero,0,-1073,0,-15
1597654671528579272,first,1,1467,0,-2,fourth,4,693,-3,-2,second,2,1339,0,-3,third,3,906,0,-10,zero,0,-1073,0,-16
1597654671640492235,first,1,1468,0,-2,fourth,4,687,-2,0,second,2,1339,0,-3,third,3,899,-2,-9,zero,0,-1073,0,-16
1597654671752488949,first,1,1467,0,-2,fourth,4,688,0,-1,second,2,1339,0,-3,third,3,887,-5,-13,zero,0,-1073,0,-19
1597654671864562351,first,1,1467,0,-4,fourth,4,687,0,-1,second,2,1339,0,-5,third,3,870,-8,-10,zero,0,-1074,0,-18
1597654671976452692,first,1,1467,0,-2,fourth,4,687,0,-1,second,2,1339,0,-4,third,3,858,-6,-9,zero,0,-1079,-1,-14
1597654672088468329,first,1,1467,0,-5,fourth,4,687,0,-3,second,2,1336,0,-8,third,3,857,0,-10,zero,0,-1085,-2,-15
1597654672200533572,first,1,1467,0,-6,fourth,4,681,-2,-2,second,2,1314,-15,-9,third,3,857,0,-14,zero,0,-1091,-2,-14
1597654672312393181,first,1,1467,0,-5,fourth,4,663,-8,-2,second,2,1284,-14,-3,third,3,849,-3,-11,zero,0,-1091,0,-15
1597654672424369298,first,1,1467,0,-3,fourth,4,648,-8,-4,second,2,1270,-6,-8,third,3,816,-18,-18,zero,0,-1092,0,-16
1597654672536226282,first,1,1467,0,-4,fourth,4,628,-9,-3,second,2,1238,-20,-13,third,3,762,-29,-14,zero,0,-1093,0,-17
1597654672648220857,first,1,1467,0,-5,fourth,4,618,-3,0,second,2,1185,-28,-3,third,3,722,-21,-5,zero,0,-1104,-7,-15
1597654672760275229,first,1,1467,0,-4,fourth,4,618,0,-1,second,2,1164,-7,-3,third,3,717,-1,-5,zero,0,-1134,-16,-16
1597654672872266029,first,1,1465,0,-6,fourth,4,618,0,0,second,2,1164,0,-4,third,3,717,0,-10,zero,0,-1158,-11,-16
1597654672984283218,first,1,1450,-7,-5,fourth,4,618,0,-1,second,2,1164,0,-4,third,3,717,0,-9,zero,0,-1160,0,-11
1597654673096168664,first,1,1440,-4,-2,fourth,4,618,0,-1,second,2,1164,0,-5,third,3,717,0,-9,zero,0,-1160,0,-13
1597654673208281039,first,1,1440,0,-2,fourth,4,618,0,-1,second,2,1164,0,-4,third,3,717,0,-9,zero,0,-1160,0,-11
1597654673320164934,first,1,1441,0,-3,fourth,4,618,0,-1,second,2,1164,0,-5,third,3,716,0,-10,zero,0,-1160,0,-14
1597654673432315357,first,1,1440,0,-2,fourth,4,613,-1,-4,second,2,1164,0,-5,third,3,717,0,-12,zero,0,-1160,0,-14
1597654673544166218,first,1,1441,0,-2,fourth,4,595,-9,-4,second,2,1164,0,-5,third,3,715,0,-13,zero,0,-1160,0,-14
1597654673656164313,first,1,1441,0,-2,fourth,4,587,-2,0,second,2,1164,0,-4,third,3,705,-4,-11,zero,0,-1160,0,-14
1597654673656219525,first,1,1441,0,-2,fourth,4,587,-2,0,second,2,1164,0,-4,third,3,705,-4,-11,zero,0,-1160,0,-14
1597654673768399171,first,1,1440,0,-2,fourth,4,587,0,0,second,2,1164,0,-4,third,3,692,-7,-10,zero,0,-1160,0,-17
1597654673883054944,first,1,1441,0,-2,fourth,4,586,0,0,second,2,1164,0,-5,third,3,690,0,-8,zero,0,-1160,0,-14
1597654673992526799,first,1,1440,0,-2,fourth,4,587,0,-1,second,2,1164,0,-5,third,3,689,0,-10,zero,0,-1160,0,-13
1597654674104581830,first,1,1440,0,-2,fourth,4,587,0,0,second,2,1164,0,-4,third,3,687,0,-15,zero,0,-1161,0,-12
1597654674216418570,first,1,1441,0,-2,fourth,4,586,0,-1,second,2,1164,0,-5,third,3,661,-14,-20,zero,0,-1160,0,-16
1597654674328327243,first,1,1441,0,-2,fourth,4,586,0,0,second,2,1164,0,-5,third,3,618,-24,-10,zero,0,-1161,0,-17
1597654674440144545,first,1,1441,0,-2,fourth,4,578,-3,-5,second,2,1153,-8,-12,third,3,597,-10,-16,zero,0,-1162,0,-20
1597654674552185616,first,1,1440,0,-2,fourth,4,542,-19,-6,second,2,1097,-35,-13,third,3,571,-13,-19,zero,0,-1186,-14,-18
1597654674664463485,first,1,1441,0,-2,fourth,4,513,-13,0,second,2,1033,-31,-1,third,3,521,-27,-15,zero,0,-1211,-11,-12
1597654674665242293,first,1,1441,0,-2,fourth,4,513,-13,0,second,2,1033,-31,-1,third,3,521,-27,-15,zero,0,-1211,-11,-12
1597654674776288148,first,1,1441,0,-2,fourth,4,506,-3,-5,second,2,1014,-7,-4,third,3,465,-30,-17,zero,0,-1216,-1,-14
1597654674888307536,first,1,1441,0,-2,fourth,4,472,-18,-9,second,2,989,-16,-11,third,3,399,-37,-17,zero,0,-1217,0,-11
1597654675000318979,first,1,1440,0,-2,fourth,4,443,-13,0,second,2,937,-29,-4,third,3,351,-25,-4,zero,0,-1222,-2,-13
1597654675112268206,first,1,1441,0,-2,fourth,4,437,-2,-5,second,2,908,-12,-3,third,3,350,0,-12,zero,0,-1243,-12,-13
1597654675224289979,first,1,1441,0,-2,fourth,4,407,-16,-8,second,2,906,0,-6,third,3,345,-1,-16,zero,0,-1257,-5,-11
1597654675336266241,first,1,1441,0,-2,fourth,4,384,-10,0,second,2,906,0,-5,third,3,328,-8,-12,zero,0,-1257,0,-11
1597654675448307558,first,1,1440,0,-2,fourth,4,376,-3,-5,second,2,899,-5,-13,third,3,306,-11,-19,zero,0,-1261,0,-13
1597654675560333682,first,1,1440,0,-2,fourth,4,342,-18,-7,second,2,858,-24,-13,third,3,261,-24,-20,zero,0,-1278,-10,-17
1597654675671603747,first,1,1440,0,-2,fourth,4,321,-8,0,second,2,807,-26,-5,third,3,211,-27,-10,zero,0,-1301,-10,-13
1597654675784333495,first,1,1441,0,-2,fourth,4,319,0,-3,second,2,795,-2,-1,third,3,183,-15,-14,zero,0,-1305,0,-10
1597654675896233529,first,1,1441,0,-2,fourth,4,300,-9,-4,second,2,796,0,-3,third,3,166,-9,-12,zero,0,-1305,0,-13
1597654676008304581,first,1,1441,0,-2,fourth,4,282,-8,-1,second,2,796,0,-5,third,3,164,0,-10,zero,0,-1305,0,-12
1597654676119896796,first,1,1441,0,-2,fourth,4,281,0,0,second,2,796,0,-4,third,3,164,0,-13,zero,0,-1306,0,-11
1597654676232478055,first,1,1441,0,-2,fourth,4,281,0,0,second,2,796,0,-5,third,3,164,0,-11,zero,0,-1307,0,-12
1597654676344224929,first,1,1441,0,-2,fourth,4,281,0,0,second,2,796,0,-4,third,3,164,0,-12,zero,0,-1308,0,-11
1597654676344298499,first,1,1441,0,-2,fourth,4,281,0,0,second,2,796,0,-4,third,3,164,0,-12,zero,0,-1308,0,-11
1597654676456256424,first,1,1440,0,-2,fourth,4,281,0,0,second,2,796,0,-4,third,3,164,0,-12,zero,0,-1308,0,-12
1597654676568181394,first,1,1441,0,-2,fourth,4,281,0,-2,second,2,796,0,-5,third,3,164,0,-14,zero,0,-1309,0,-10
1597654676680246817,first,1,1441,0,-2,fourth,4,281,0,-1,second,2,796,0,-4,third,3,164,0,-13,zero,0,-1309,0,-14
1597654676792192672,first,1,1440,0,-2,fourth,4,279,0,-6,second,2,796,0,-5,third,3,162,0,-20,zero,0,-1310,0,-16
1597654676904145626,first,1,1441,0,-2,fourth,4,268,-5,-7,second,2,796,0,-5,third,3,155,-2,-18,zero,0,-1317,-2,-14
1597654677016217384,first,1,1440,0,-2,fourth,4,251,-8,-1,second,2,796,0,-6,third,3,127,-15,-18,zero,0,-1322,-1,-15
1597654677127781846,first,1,1440,0,-3,fourth,4,236,-7,-3,second,2,795,0,-4,third,3,93,-19,-16,zero,0,-1322,0,-14
1597654677240071910,first,1,1441,0,-3,fourth,4,219,-8,-1,second,2,796,0,-4,third,3,75,-8,-10,zero,0,-1322,0,-12
1597654677352113489,first,1,1441,0,-3,fourth,4,216,0,0,second,2,795,0,-5,third,3,75,0,-10,zero,0,-1323,0,-13
1597654677463920931,first,1,1440,0,-3,fourth,4,216,0,0,second,2,796,0,-4,third,3,75,0,-13,zero,0,-1323,0,-13
1597654677576047092,first,1,1440,0,-3,fourth,4,216,0,0,second,2,795,0,-5,third,3,75,0,-14,zero,0,-1323,0,-13
1597654677688338042,first,1,1441,0,-3,fourth,4,216,0,0,second,2,796,0,-5,third,3,76,0,-14,zero,0,-1323,0,-16
1597654677799967673,first,1,1440,0,-3,fourth,4,215,0,0,second,2,796,0,-5,third,3,75,0,-13,zero,0,-1323,0,-12
1597654677912034089,first,1,1441,0,-3,fourth,4,215,0,0,second,2,795,0,-3,third,3,75,0,-14,zero,0,-1323,0,-11
1597654678023964117,first,1,1441,0,-3,fourth,4,216,0,0,second,2,795,0,-4,third,3,75,0,-14,zero,0,-1323,0,-15
1597654678135933328,first,1,1441,0,-3,fourth,4,215,0,-2,second,2,796,0,-3,third,3,75,0,-14,zero,0,-1323,0,-13
1597654678247809789,first,1,1441,0,-3,fourth,4,216,0,0,second,2,795,0,-4,third,3,75,0,-13,zero,0,-1323,0,-10
1597654678359944310,first,1,1441,0,-3,fourth,4,216,0,-2,second,2,795,0,-4,third,3,75,0,-13,zero,0,-1323,0,-15
1597654678472157650,first,1,1440,0,-3,fourth,4,215,0,-2,second,2,795,0,-5,third,3,75,0,-12,zero,0,-1324,0,-13
1597654678583965899,first,1,1441,0,-3,fourth,4,215,0,-1,second,2,795,0,-4,third,3,75,0,-12,zero,0,-1324,0,-16
1597654678696123533,first,1,1440,0,-3,fourth,4,215,0,-1,second,2,795,0,-5,third,3,75,0,-13,zero,0,-1324,0,-11
1597654678807996658,first,1,1441,0,-3,fourth,4,216,0,-1,second,2,795,0,-6,third,3,75,0,-12,zero,0,-1324,0,-15
1597654678919999068,first,1,1441,0,-3,fourth,4,216,0,-2,second,2,795,0,-5,third,3,75,0,-12,zero,0,-1324,0,-15
1597654679031836477,first,1,1440,0,-3,fourth,4,216,0,-2,second,2,795,0,-5,third,3,75,0,-14,zero,0,-1324,0,-13
1597654679143782002,first,1,1440,0,-3,fourth,4,216,0,-2,second,2,796,0,-5,third,3,75,0,-13,zero,0,-1324,0,-15
1597654679144005861,first,1,1440,0,-3,fourth,4,216,0,-2,second,2,796,0,-5,third,3,75,0,-13,zero,0,-1324,0,-15
1597654679256003204,first,1,1440,0,-3,fourth,4,216,0,-1,second,2,796,0,-4,third,3,75,0,-14,zero,0,-1324,0,-16
1597654679368035825,first,1,1440,0,-3,fourth,4,215,0,-1,second,2,795,0,-4,third,3,75,0,-13,zero,0,-1324,0,-11
1597654679480035990,first,1,1441,0,-3,fourth,4,215,0,-1,second,2,795,0,-4,third,3,75,0,-12,zero,0,-1324,0,-11
1597654679591991167,first,1,1441,0,-3,fourth,4,216,0,-1,second,2,796,0,-5,third,3,75,0,-13,zero,0,-1325,0,-17
1597654679704042342,first,1,1441,0,-3,fourth,4,216,0,-1,second,2,796,0,-5,third,3,75,0,-15,zero,0,-1325,0,-11
1597654679816816095,first,1,1440,0,-3,fourth,4,216,0,-1,second,2,795,0,-5,third,3,75,0,-12,zero,0,-1325,0,-12
1597654679928102684,first,1,1440,0,-3,fourth,4,216,0,-1,second,2,795,0,-5,third,3,75,0,-12,zero,0,-1325,0,-14
1597654680039696840,first,1,1441,0,-3,fourth,4,216,0,-1,second,2,795,0,-4,third,3,75,0,-13,zero,0,-1325,0,-14
1597654680152059950,first,1,1441,0,-3,fourth,4,216,0,-1,second,2,795,0,-4,third,3,75,0,-15,zero,0,-1325,0,-15
1597654680263979775,first,1,1441,0,-3,fourth,4,215,0,-1,second,2,795,0,-5,third,3,75,0,-12,zero,0,-1325,0,-13
1597654680375194122,first,1,1440,0,-3,fourth,4,216,0,-1,second,2,795,0,-5,third,3,75,0,-14,zero,0,-1326,0,-12
1597654680488082962,first,1,1440,0,-3,fourth,4,216,0,-2,second,2,796,0,-5,third,3,75,0,-13,zero,0,-1325,0,-14
1597654680599839559,first,1,1441,0,-3,fourth,4,216,0,-2,second,2,796,0,-5,third,3,75,0,-14,zero,0,-1325,0,-15
1597654680711980991,first,1,1440,0,-3,fourth,4,216,0,-2,second,2,795,0,-5,third,3,76,0,-13,zero,0,-1325,0,-15
1597654680823982847,first,1,1441,0,-3,fourth,4,216,0,-2,second,2,795,0,-5,third,3,75,0,-14,zero,0,-1325,0,-16
1597654680935762861,first,1,1441,0,-3,fourth,4,216,0,-2,second,2,796,0,-5,third,3,75,0,-13,zero,0,-1326,0,-11
1597654680935824100,first,1,1441,0,-3,fourth,4,216,0,-2,second,2,796,0,-5,third,3,75,0,-13,zero,0,-1326,0,-11
1597654681048030203,first,1,1441,0,-3,fourth,4,216,0,-2,second,2,796,0,-5,third,3,75,0,-12,zero,0,-1326,0,-13
1597654681159862998,first,1,1440,0,-3,fourth,4,216,0,-2,second,2,795,0,-5,third,3,75,0,-15,zero,0,-1326,0,-13
1597654681271868086,first,1,1440,0,-3,fourth,4,215,0,-2,second,2,795,0,-5,third,3,75,0,-13,zero,0,-1326,0,-12
1597654681384177642,first,1,1440,0,-3,fourth,4,216,0,-1,second,2,795,0,-4,third,3,75,0,-13,zero,0,-1326,0,-15
1597654681495931169,first,1,1441,0,-3,fourth,4,216,0,-2,second,2,795,0,-5,third,3,75,0,-14,zero,0,-1326,0,-14
1597654681607880329,first,1,1441,0,-3,fourth,4,216,0,-2,second,2,795,0,-5,third,3,75,0,-12,zero,0,-1326,0,-13
1597654681719909011,first,1,1441,0,-3,fourth,4,216,0,-2,second,2,796,0,-5,third,3,75,0,-13,zero,0,-1326,0,-15
1597654681831628013,first,1,1441,0,-3,fourth,4,215,0,-2,second,2,796,0,-5,third,3,75,0,-14,zero,0,-1326,0,-12
1597654681943708053,first,1,1441,0,-3,fourth,4,216,0,0,second,2,796,0,-4,third,3,75,0,-14,zero,0,-1326,0,-16
1597654682055703307,first,1,1441,0,-3,fourth,4,216,0,-2,second,2,795,0,-5,third,3,75,0,-12,zero,0,-1326,0,-12
1597654682167701272,first,1,1441,0,-3,fourth,4,215,0,-2,second,2,795,0,-5,third,3,75,0,-13,zero,0,-1326,0,-13
1597654682167754836,first,1,1441,0,-3,fourth,4,215,0,-2,second,2,795,0,-5,third,3,75,0,-13,zero,0,-1326,0,-13
1597654682279988162,first,1,1441,0,-3,fourth,4,216,0,-1,second,2,795,0,-4,third,3,75,0,-13,zero,0,-1325,0,-14
1597654682392095515,first,1,1440,0,-3,fourth,4,216,0,-2,second,2,796,0,-4,third,3,75,0,-12,zero,0,-1326,0,-13
1597654682503937353,first,1,1441,0,-3,fourth,4,216,0,-2,second,2,795,0,-5,third,3,75,0,-14,zero,0,-1326,0,-16
1597654682615749589,first,1,1441,0,-3,fourth,4,216,0,-2,second,2,796,0,-5,third,3,75,0,-15,zero,0,-1326,0,-13
1597654682727803144,first,1,1440,0,-3,fourth,4,215,0,-2,second,2,795,0,-5,third,3,75,0,-14,zero,0,-1326,0,-15
1597654682839895825,first,1,1441,0,-1,fourth,4,216,0,0,second,2,796,0,-5,third,3,75,0,-12,zero,0,-1326,0,-9
1597654682951801046,first,1,1440,0,0,fourth,4,216,0,-1,second,2,795,0,-4,third,3,75,0,-13,zero,0,-1326,0,-8
1597654683063229873,first,1,1440,0,0,fourth,4,215,0,-1,second,2,795,0,-3,third,3,75,0,-13,zero,0,-1326,0,-9
1597654683175810375,first,1,1454,7,5,fourth,4,216,0,0,second,2,796,0,-6,third,3,75,0,-13,zero,0,-1326,0,-5
1597654683287754630,first,1,1519,37,8,fourth,4,216,0,-1,second,2,795,0,-5,third,3,75,0,-12,zero,0,-1324,0,0
1597654683399894226,first,1,1589,37,-9,fourth,4,215,0,-1,second,2,795,0,-5,third,3,75,0,-14,zero,0,-1323,0,-4
1597654683511755429,first,1,1583,-3,-4,fourth,4,216,0,0,second,2,795,0,-5,third,3,75,0,-13,zero,0,-1320,0,0
1597654683623714982,first,1,1583,0,6,fourth,4,216,0,-2,second,2,795,0,-5,third,3,75,0,-14,zero,0,-1295,18,5
1597654683735118286,first,1,1628,25,1,fourth,4,215,0,-2,second,2,796,0,-5,third,3,75,0,-12,zero,0,-1243,23,-12
1597654683847942683,first,1,1685,30,3,fourth,4,215,0,0,second,2,795,0,-4,third,3,75,0,-15,zero,0,-1229,4,-2
1597654683959567762,first,1,1760,41,1,fourth,4,215,0,-2,second,2,796,0,-5,third,3,75,0,-13,zero,0,-1213,13,3
1597654683959616140,first,1,1760,41,1,fourth,4,215,0,-2,second,2,796,0,-5,third,3,75,0,-13,zero,0,-1213,13,3
1597654684071717072,first,1,1805,23,-11,fourth,4,215,0,-2,second,2,795,0,-4,third,3,75,0,-12,zero,0,-1168,20,2
1597654684183912404,first,1,1781,-13,-5,fourth,4,215,0,-2,second,2,796,0,-4,third,3,75,0,-11,zero,0,-1160,1,-1
1597654684295724638,first,1,1770,-4,4,fourth,4,215,0,-2,second,2,795,0,-4,third,3,75,0,-11,zero,0,-1142,15,6
1597654684407944091,first,1,1815,25,2,fourth,4,215,0,-2,second,2,795,0,-4,third,3,75,0,-12,zero,0,-1094,21,2
1597654684519839288,first,1,1882,37,1,fourth,4,215,0,-2,second,2,795,0,-3,third,3,75,0,-12,zero,0,-1084,1,0
1597654684631859000,first,1,1966,47,1,fourth,4,215,0,-1,second,2,796,0,-5,third,3,75,0,-11,zero,0,-1060,20,8
1597654684743686550,first,1,2030,33,-13,fourth,4,215,0,-1,second,2,795,0,-4,third,3,75,0,-11,zero,0,-997,27,-14
1597654684855696715,first,1,2032,0,1,fourth,4,215,0,-1,second,2,795,0,-4,third,3,75,0,-12,zero,0,-961,25,4
1597654684967661093,first,1,2090,33,17,fourth,4,215,0,-1,second,2,795,0,-5,third,3,75,0,-12,zero,0,-849,74,12
1597654685079780393,first,1,2195,58,4,fourth,4,215,0,-1,second,2,795,0,-5,third,3,75,0,-11,zero,0,-703,70,-7
1597654685191740858,first,1,2221,12,2,fourth,4,215,0,-1,second,2,795,0,-4,third,3,75,0,-13,zero,0,-675,7,-7
1597654685303629348,first,1,2295,42,15,fourth,4,215,0,-1,second,2,795,0,-5,third,3,75,0,-11,zero,0,-659,15,8
1597654685415726119,first,1,2401,59,-16,fourth,4,215,0,-1,second,2,795,0,-5,third,3,75,0,-12,zero,0,-608,21,2
1597654685527488664,first,1,2416,5,-2,fourth,4,215,0,-1,second,2,795,0,-5,third,3,75,0,-12,zero,0,-589,12,1
1597654685639513211,first,1,2432,8,7,fourth,4,215,0,-1,second,2,795,0,-4,third,3,75,0,-12,zero,0,-517,45,8
1597654685639679812,first,1,2432,8,7,fourth,4,215,0,-1,second,2,795,0,-4,third,3,75,0,-12,zero,0,-517,45,8
1597654685751590138,first,1,2473,21,1,fourth,4,215,0,-1,second,2,795,0,-5,third,3,75,0,-13,zero,0,-430,37,0
1597654685863641872,first,1,2486,6,4,fourth,4,215,0,-1,second,2,795,0,-4,third,3,75,0,-10,zero,0,-422,0,-4
1597654685975706209,first,1,2546,34,6,fourth,4,215,0,-1,second,2,795,0,-5,third,3,75,0,-11,zero,0,-408,11,4
1597654686087240913,first,1,2617,38,0,fourth,4,215,0,-1,second,2,795,0,-5,third,3,75,0,-11,zero,0,-369,16,-1
1597654686199575154,first,1,2615,-2,-7,fourth,4,215,0,-1,second,2,795,0,-3,third,3,75,0,-10,zero,0,-366,0,-1
1597654686311707044,first,1,2590,-12,-1,fourth,4,215,0,-1,second,2,795,0,-4,third,3,75,0,-11,zero,0,-365,0,0
1597654686423602117,first,1,2590,0,1,fourth,4,215,0,-1,second,2,795,0,-4,third,3,75,0,-11,zero,0,-364,0,-1
1597654686535547043,first,1,2606,8,0,fourth,4,215,0,-1,second,2,795,0,-4,third,3,75,0,-11,zero,0,-363,0,0
1597654686647428813,first,1,2604,0,-2,fourth,4,215,0,-1,second,2,795,0,-5,third,3,75,0,-13,zero,0,-362,0,0
1597654686759538204,first,1,2600,-1,0,fourth,4,215,0,-1,second,2,795,0,-5,third,3,75,0,-11,zero,0,-361,0,0
1597654686871562384,first,1,2600,0,0,fourth,4,215,0,-1,second,2,795,0,-5,third,3,75,0,-10,zero,0,-360,0,0
1597654686983671031,first,1,2600,0,0,fourth,4,216,0,-1,second,2,795,0,-5,third,3,75,0,-12,zero,0,-359,0,0
1597654687095464058,first,1,2600,0,0,fourth,4,216,0,-1,second,2,795,0,-4,third,3,75,0,-10,zero,0,-359,0,0
1597654687207450200,first,1,2600,0,0,fourth,4,216,0,-1,second,2,795,0,-3,third,3,75,0,-13,zero,0,-357,0,0
1597654687207784641,first,1,2600,0,0,fourth,4,216,0,-1,second,2,795,0,-3,third,3,75,0,-13,zero,0,-357,0,0
1597654687319498186,first,1,2600,0,0,fourth,4,215,0,-1,second,2,796,0,-6,third,3,75,0,-11,zero,0,-356,0,0
1597654687431610788,first,1,2600,0,0,fourth,4,215,0,-1,second,2,795,0,-5,third,3,75,0,-12,zero,0,-356,0,0
1597654687543432499,first,1,2600,0,0,fourth,4,215,0,-2,second,2,795,0,-5,third,3,75,0,-13,zero,0,-355,0,0
1597654687655394437,first,1,2600,0,0,fourth,4,215,0,-1,second,2,795,0,-5,third,3,75,0,-12,zero,0,-354,0,-1
1597654687767373716,first,1,2600,0,0,fourth,4,215,0,-2,second,2,795,0,-5,third,3,75,0,-11,zero,0,-354,0,-1
1597654687879444196,first,1,2600,0,0,fourth,4,215,0,-2,second,2,795,0,-4,third,3,75,0,-11,zero,0,-353,0,-1
1597654687991358833,first,1,2600,0,0,fourth,4,215,0,-2,second,2,795,0,-5,third,3,75,0,-10,zero,0,-351,0,-1
1597654688103195745,first,1,2600,0,0,fourth,4,216,0,-2,second,2,795,0,-5,third,3,75,0,-10,zero,0,-352,0,-1
1597654688215452048,first,1,2600,0,0,fourth,4,216,0,0,second,2,795,0,-5,third,3,75,0,-10,zero,0,-351,0,0
1597654688327542742,first,1,2600,0,0,fourth,4,213,0,-2,second,2,795,0,-4,third,3,75,0,-13,zero,0,-350,0,0
1597654688439396600,first,1,2600,0,0,fourth,4,200,-5,-1,second,2,795,0,-5,third,3,75,0,-11,zero,0,-349,0,-1
1597654688439455834,first,1,2600,0,0,fourth,4,200,-5,-1,second,2,795,0,-5,third,3,75,0,-11,zero,0,-349,0,-1
1597654688551504132,first,1,2600,0,0,fourth,4,176,-13,-9,second,2,795,0,-5,third,3,75,0,-16,zero,0,-349,0,-2
1597654688663547813,first,1,2600,0,0,fourth,4,115,-35,-12,second,2,795,0,-4,third,3,62,-5,-19,zero,0,-349,0,-2
1597654688775425532,first,1,2600,0,0,fourth,4,63,-25,0,second,2,795,0,-5,third,3,30,-17,-14,zero,0,-349,0,-2
1597654688887689790,first,1,2600,0,0,fourth,4,57,-2,-5,second,2,795,0,-4,third,3,-3,-18,-15,zero,0,-349,0,-2
1597654688999358362,first,1,2600,0,0,fourth,4,19,-21,-12,second,2,795,0,-5,third,3,-30,-14,-13,zero,0,-349,0,-1
1597654689111524318,first,1,2600,0,0,fourth,4,-27,-24,-1,second,2,795,0,-5,third,3,-57,-13,-11,zero,0,-349,0,-1
1597654689223722838,first,1,2600,0,0,fourth,4,-30,0,-2,second,2,795,0,-5,third,3,-84,-14,-10,zero,0,-349,0,-2
1597654689335438658,first,1,2600,0,0,fourth,4,-43,-6,-8,second,2,795,0,-5,third,3,-105,-10,-14,zero,0,-349,0,-2
1597654689447521839,first,1,2600,0,0,fourth,4,-70,-14,-3,second,2,795,0,-4,third,3,-123,-9,-10,zero,0,-349,0,-3
1597654689559511552,first,1,2600,0,0,fourth,4,-84,-6,-8,second,2,795,0,-5,third,3,-151,-15,-17,zero,0,-349,0,-8
1597654689671532551,first,1,2600,0,0,fourth,4,-117,-17,-11,second,2,795,0,-4,third,3,-203,-29,-17,zero,0,-352,0,-9
1597654689783487701,first,1,2600,0,0,fourth,4,-158,-22,-3,second,2,795,0,-5,third,3,-253,-27,-8,zero,0,-354,0,-4
1597654689895812370,first,1,2602,0,0,fourth,4,-170,-5,-3,second,2,795,0,-4,third,3,-263,-4,-8,zero,0,-355,0,-4
1597654690007379989,first,1,2612,4,1,fourth,4,-170,0,-4,second,2,795,0,-4,third,3,-263,0,-10,zero,0,-355,0,-3
1597654690119288115,first,1,2631,9,0,fourth,4,-169,0,-4,second,2,795,0,-4,third,3,-263,0,-9,zero,0,-355,0,-5
1597654690231171619,first,1,2631,0,0,fourth,4,-170,0,-4,second,2,795,0,-4,third,3,-263,0,-10,zero,0,-355,0,-5
1597654690343314480,first,1,2639,3,1,fourth,4,-169,0,-5,second,2,795,0,-5,third,3,-263,0,-9,zero,0,-355,0,-5
1597654690455283377,first,1,2659,10,0,fourth,4,-169,0,-5,second,2,795,0,-5,third,3,-263,0,-10,zero,0,-355,0,-5
1597654690567301297,first,1,2659,0,0,fourth,4,-170,0,-4,second,2,795,0,-6,third,3,-263,0,-10,zero,0,-355,0,-5
1597654690678924370,first,1,2661,0,0,fourth,4,-169,0,-5,second,2,795,0,-5,third,3,-263,0,-9,zero,0,-355,0,-6
1597654690791083855,first,1,2664,0,0,fourth,4,-169,0,-5,second,2,795,0,-4,third,3,-263,0,-8,zero,0,-355,0,-4
1597654690903132260,first,1,2667,0,0,fourth,4,-170,0,-4,second,2,795,0,-5,third,3,-263,0,-9,zero,0,-356,0,-5
1597654691015273734,first,1,2670,0,0,fourth,4,-169,0,-4,second,2,795,0,-5,third,3,-263,0,-9,zero,0,-356,0,-3
1597654691127265938,first,1,2673,0,0,fourth,4,-169,0,-5,second,2,795,0,-4,third,3,-263,0,-10,zero,0,-355,0,-6
1597654691239197539,first,1,2675,0,0,fourth,4,-169,0,-5,second,2,795,0,-4,third,3,-263,0,-10,zero,0,-355,0,-4
1597654691351166706,first,1,2678,0,0,fourth,4,-169,0,-5,second,2,795,0,-5,third,3,-263,0,-9,zero,0,-356,0,-7
1597654691351225357,first,1,2678,0,0,fourth,4,-169,0,-5,second,2,795,0,-5,third,3,-263,0,-9,zero,0,-356,0,-7
1597654691463313437,first,1,2681,0,0,fourth,4,-170,0,-4,second,2,795,0,-4,third,3,-263,0,-9,zero,0,-356,0,-3
1597654691575389030,first,1,2683,0,0,fourth,4,-169,0,-5,second,2,795,0,-3,third,3,-263,0,-11,zero,0,-356,0,-7
1597654691687350313,first,1,2686,0,0,fourth,4,-169,0,-5,second,2,795,0,-4,third,3,-263,0,-10,zero,0,-356,0,-6
1597654691799274188,first,1,2689,0,0,fourth,4,-169,0,-5,second,2,795,0,-6,third,3,-263,0,-11,zero,0,-356,0,-5
1597654691911281299,first,1,2692,0,0,fourth,4,-169,0,-5,second,2,795,0,-5,third,3,-263,0,-9,zero,0,-356,0,-3
1597654692022888954,first,1,2694,0,0,fourth,4,-170,0,-5,second,2,795,0,-5,third,3,-263,0,-10,zero,0,-356,0,-4
1597654692135250875,first,1,2697,0,0,fourth,4,-170,0,-5,second,2,795,0,-4,third,3,-263,0,-10,zero,0,-356,0,-5
1597654692247232773,first,1,2698,0,-1,fourth,4,-169,0,-4,second,2,795,0,-5,third,3,-263,0,-10,zero,0,-356,0,-4
1597654692359315736,first,1,2697,0,-1,fourth,4,-170,0,-6,second,2,795,0,-5,third,3,-263,0,-11,zero,0,-357,0,-7
1597654692471094412,first,1,2698,0,0,fourth,4,-169,0,-5,second,2,795,0,-5,third,3,-263,0,-12,zero,0,-356,0,-6
1597654692583186846,first,1,2697,0,0,fourth,4,-169,0,-5,second,2,795,0,-4,third,3,-264,0,-12,zero,0,-357,0,-6
1597654692695178507,first,1,2697,0,0,fourth,4,-169,0,-5,second,2,795,0,-5,third,3,-264,0,-10,zero,0,-357,0,-6
1597654692807163076,first,1,2697,0,0,fourth,4,-169,0,-5,second,2,795,0,-4,third,3,-264,0,-12,zero,0,-357,0,-5
1597654692919180225,first,1,2697,0,0,fourth,4,-169,0,-4,second,2,795,0,-5,third,3,-264,0,-11,zero,0,-357,0,-5
1597654693031023392,first,1,2697,0,0,fourth,4,-169,0,-5,second,2,795,0,-5,third,3,-264,0,-10,zero,0,-357,0,-4
1597654693143094213,first,1,2697,0,0,fourth,4,-169,0,-5,second,2,795,0,-5,third,3,-264,0,-11,zero,0,-357,0,-6
1597654693255063554,first,1,2697,0,0,fourth,4,-169,0,-4,second,2,795,0,-5,third,3,-264,0,-13,zero,0,-358,0,-5
1597654693367059403,first,1,2698,0,0,fourth,4,-170,0,-5,second,2,795,0,-5,third,3,-264,0,-13,zero,0,-357,0,-5
1597654693367280782,first,1,2698,0,0,fourth,4,-170,0,-5,second,2,795,0,-5,third,3,-264,0,-13,zero,0,-357,0,-5
1597654693479161300,first,1,2697,0,0,fourth,4,-169,0,-5,second,2,795,0,-5,third,3,-264,0,-11,zero,0,-357,0,-4
1597654693591184996,first,1,2697,0,0,fourth,4,-169,0,-4,second,2,795,0,-4,third,3,-264,0,-11,zero,0,-357,0,-8
1597654693703205142,first,1,2698,0,0,fourth,4,-169,0,-6,second,2,795,0,-5,third,3,-264,0,-11,zero,0,-358,0,-6
1597654693815116179,first,1,2697,0,0,fourth,4,-169,0,-5,second,2,795,0,-5,third,3,-264,0,-11,zero,0,-357,0,-6
1597654693927288100,first,1,2697,0,-2,fourth,4,-169,0,-4,second,2,795,0,-4,third,3,-264,0,-14,zero,0,-357,0,-2
1597654694039327660,first,1,2707,4,3,fourth,4,-170,0,-5,second,2,795,0,-5,third,3,-264,0,-11,zero,0,-340,13,4
1597654694151203521,first,1,2729,11,-1,fourth,4,-169,0,-5,second,2,795,0,-4,third,3,-264,0,-10,zero,0,-297,18,-2
1597654694263167746,first,1,2752,13,11,fourth,4,-171,0,-5,second,2,795,0,-5,third,3,-264,0,-9,zero,0,-271,18,9
1597654694374876942,first,1,2871,69,18,fourth,4,-180,-4,-4,second,2,795,0,-3,third,3,-264,0,-6,zero,0,-158,77,18
1597654694487202002,first,1,3034,92,-23,fourth,4,-199,-9,-3,second,2,795,0,-4,third,3,-264,0,-8,zero,0,6,79,5
1597654694599313618,first,1,3062,13,-6,fourth,4,-215,-8,-1,second,2,795,0,-4,third,3,-264,0,-4,zero,0,41,10,-3
1597654694710917980,first,1,3076,7,13,fourth,4,-217,0,0,second,2,795,0,-5,third,3,-263,0,-1,zero,0,64,22,15
1597654694823125713,first,1,3169,53,1,fourth,4,-217,0,0,second,2,795,0,-5,third,3,-263,0,-4,zero,0,136,29,3
1597654694935060773,first,1,3294,71,9,fourth,4,-217,0,0,second,2,795,0,-5,third,3,-260,0,0,zero,0,184,38,17
1597654695046939955,first,1,3470,101,10,fourth,4,-217,0,0,second,2,795,0,-4,third,3,-239,10,4,zero,0,355,109,11
1597654695159018685,first,1,3617,80,-12,fourth,4,-217,0,0,second,2,795,0,-5,third,3,-192,25,-11,zero,0,535,84,8
1597654695270924702,first,1,3607,-8,-7,fourth,4,-215,0,0,second,2,795,0,-5,third,3,-185,2,0,zero,0,569,9,0
1597654695382846703,first,1,3592,-6,13,fourth,4,-212,0,0,second,2,795,0,-5,third,3,-166,10,5,zero,0,601,28,16
1597654695495004299,first,1,3660,39,3,fourth,4,-210,0,0,second,2,795,0,-4,third,3,-121,24,1,zero,0,728,76,3
1597654695606992547,first,1,3757,54,6,fourth,4,-210,0,0,second,2,795,0,-5,third,3,-117,1,-3,zero,0,877,85,2
1597654695718915717,first,1,3842,46,8,fourth,4,-210,0,0,second,2,795,0,-5,third,3,-116,0,0,zero,0,992,50,2
1597654695830919425,first,1,3836,-4,-11,fourth,4,-210,0,0,second,2,795,0,-3,third,3,-116,0,0,zero,0,988,-12,-17
1597654695942946727,first,1,3814,-10,6,fourth,4,-210,0,0,second,2,795,0,-5,third,3,-114,0,0,zero,0,952,-8,5
1597654695943270460,first,1,3814,-10,6,fourth,4,-210,0,0,second,2,795,0,-5,third,3,-114,0,0,zero,0,952,-8,5
1597654696054965318,first,1,3877,36,12,fourth,4,-210,0,0,second,2,795,0,-6,third,3,-99,7,1,zero,0,1010,41,13
1597654696166815293,first,1,3970,51,-1,fourth,4,-210,0,0,second,2,795,0,-5,third,3,-69,16,-3,zero,0,1103,40,-14
1597654696167548690,first,1,3970,51,-1,fourth,4,-210,0,0,second,2,795,0,-5,third,3,-69,16,-3,zero,0,1103,40,-14
1597654696279067671,first,1,3979,2,-4,fourth,4,-210,0,0,second,2,795,0,-6,third,3,-68,0,0,zero,0,1110,0,-2
1597654696391015914,first,1,3987,3,8,fourth,4,-210,0,0,second,2,795,0,-4,third,3,-57,5,2,zero,0,1124,14,10
1597654696503004031,first,1,4043,32,1,fourth,4,-210,0,0,second,2,795,0,-4,third,3,-30,14,0,zero,0,1199,42,1
1597654696615088698,first,1,4111,36,4,fourth,4,-210,0,0,second,2,795,0,0,third,3,-30,0,-1,zero,0,1278,44,1
1597654696727039966,first,1,4192,45,1,fourth,4,-210,0,0,second,2,817,18,6,third,3,-19,5,1,zero,0,1365,47,1
1597654696839135278,first,1,4242,25,-9,fourth,4,-210,0,0,second,2,879,28,-15,third,3,8,14,0,zero,0,1416,16,-12
1597654696951045786,first,1,4222,-11,-2,fourth,4,-201,4,2,second,2,911,20,1,third,3,8,0,0,zero,0,1407,-1,0
1597654697062936805,first,1,4225,2,6,fourth,4,-162,21,2,second,2,995,53,8,third,3,27,10,6,zero,0,1428,18,12
1597654697174929522,first,1,4281,32,1,fourth,4,-121,21,-4,second,2,1095,45,-2,third,3,79,27,-11,zero,0,1477,19,0
1597654697287273327,first,1,4322,20,2,fourth,4,-129,-4,-2,second,2,1101,-1,-8,third,3,84,1,0,zero,0,1492,11,5
1597654697398979308,first,1,4324,0,0,fourth,4,-135,-2,1,second,2,1093,0,1,third,3,103,10,7,zero,0,1564,47,13
1597654697510945084,first,1,4327,0,0,fourth,4,-110,13,1,second,2,1118,11,1,third,3,154,27,1,zero,0,1655,38,2
1597654697623079303,first,1,4345,9,5,fourth,4,-96,6,0,second,2,1133,11,4,third,3,157,0,0,zero,0,1660,0,0
1597654697734693445,first,1,4420,42,6,fourth,4,-96,0,0,second,2,1203,46,7,third,3,178,11,8,zero,0,1678,16,11
1597654697847097204,first,1,4494,39,-6,fourth,4,-93,0,0,second,2,1288,38,-16,third,3,230,28,2,zero,0,1758,46,1
1597654697959120239,first,1,4487,-4,-6,fourth,4,-86,2,2,second,2,1295,0,-4,third,3,237,2,0,zero,0,1847,49,1
1597654698070456493,first,1,4477,-4,2,fourth,4,-47,22,3,second,2,1300,8,5,third,3,260,13,7,zero,0,1905,21,0
1597654698070501311,first,1,4477,-4,2,fourth,4,-47,22,3,second,2,1300,8,5,third,3,260,13,7,zero,0,1905,21,0
1597654698182888144,first,1,4505,15,1,fourth,4,-5,21,-3,second,2,1339,17,-4,third,3,312,27,2,zero,0,1891,-12,-8
1597654698295316520,first,1,4522,8,0,fourth,4,-13,-3,-4,second,2,1342,0,0,third,3,315,0,0,zero,0,1871,-1,5
1597654698407123089,first,1,4522,0,0,fourth,4,-22,-3,4,second,2,1359,14,5,third,3,334,10,7,zero,0,1925,37,11
1597654698519001783,first,1,4523,0,0,fourth,4,8,16,1,second,2,1410,22,-11,third,3,404,40,1,zero,0,1996,28,1
1597654698631579258,first,1,4524,0,0,fourth,4,30,11,0,second,2,1433,14,4,third,3,452,25,1,zero,0,1994,-3,-1
1597654698742903121,first,1,4527,0,0,fourth,4,39,4,1,second,2,1514,54,10,third,3,468,7,2,zero,0,1995,5,6
1597654698854878620,first,1,4529,0,0,fourth,4,61,11,0,second,2,1626,52,1,third,3,506,19,2,zero,0,2045,30,1
1597654698966738479,first,1,4534,0,0,fourth,4,69,3,1,second,2,1640,1,-5,third,3,522,8,5,zero,0,2109,36,1
1597654699078689486,first,1,4537,0,0,fourth,4,113,24,5,second,2,1638,4,6,third,3,598,43,9,zero,0,2150,15,0
1597654699190909382,first,1,4539,0,0,fourth,4,168,30,-4,second,2,1688,28,1,third,3,693,52,2,zero,0,2137,-10,-7
1597654699302812987,first,1,4541,0,0,fourth,4,172,0,-2,second,2,1747,35,4,third,3,700,1,-4,zero,0,2122,0,4
1597654699414664548,first,1,4544,0,0,fourth,4,180,3,4,second,2,1834,49,1,third,3,709,5,7,zero,0,2164,27,7
1597654699526793051,first,1,4547,0,0,fourth,4,205,13,0,second,2,1892,21,-12,third,3,748,21,0,zero,0,2215,20,-3
1597654699638648852,first,1,4550,0,0,fourth,4,205,0,0,second,2,1870,-15,-5,third,3,759,4,1,zero,0,2206,-8,-3
1597654699750667295,first,1,4552,0,0,fourth,4,219,7,2,second,2,1856,0,5,third,3,811,29,7,zero,0,2196,0,2
1597654699862760135,first,1,4554,0,0,fourth,4,250,16,-1,second,2,1909,34,1,third,3,872,33,1,zero,0,2225,17,1
1597654699974851659,first,1,4557,0,0,fourth,4,251,0,0,second,2,1992,46,1,third,3,876,0,0,zero,0,2268,23,1
1597654700086663329,first,1,4559,0,0,fourth,4,264,6,3,second,2,2049,24,2,third,3,892,8,6,zero,0,2295,8,0
1597654700198733916,first,1,4558,0,0,fourth,4,299,17,0,second,2,2046,-6,-9,third,3,934,22,2,zero,0,2281,-9,-2
1597654700310735969,first,1,4559,0,0,fourth,4,299,0,0,second,2,2026,-4,2,third,3,937,1,0,zero,0,2269,0,4
1597654700422710732,first,1,4559,0,0,fourth,4,310,5,1,second,2,2067,29,9,third,3,957,10,7,zero,0,2305,22,5
1597654700534610757,first,1,4559,0,0,fourth,4,335,13,0,second,2,2133,27,0,third,3,999,22,-3,zero,0,2342,13,-2
1597654700646652562,first,1,4559,0,0,fourth,4,337,0,0,second,2,2137,0,-5,third,3,1007,3,2,zero,0,2326,-11,-5
1597654700646771957,first,1,4559,0,0,fourth,4,337,0,0,second,2,2137,0,-5,third,3,1007,3,2,zero,0,2326,-11,-5
1597654700758922556,first,1,4559,0,0,fourth,4,356,9,5,second,2,2137,4,4,third,3,1060,30,8,zero,0,2315,0,1
1597654700870949487,first,1,4559,0,0,fourth,4,400,23,1,second,2,2184,27,1,third,3,1128,37,-11,zero,0,2333,9,1
1597654700982977802,first,1,4559,0,0,fourth,4,403,0,0,second,2,2242,33,3,third,3,1132,0,0,zero,0,2339,0,-1
1597654701094717657,first,1,4559,0,0,fourth,4,419,8,5,second,2,2295,20,1,third,3,1148,8,8,zero,0,2331,-2,-1
1597654701206876436,first,1,4559,0,0,fourth,4,458,20,-9,second,2,2288,-6,-6,third,3,1205,32,1,zero,0,2329,0,0
1597654701318853207,first,1,4559,0,0,fourth,4,461,0,0,second,2,2272,-2,3,third,3,1241,18,0,zero,0,2329,0,0
1597654701430807223,first,1,4559,0,0,fourth,4,474,6,2,second,2,2316,29,6,third,3,1242,0,0,zero,0,2329,0,0
1597654701542474001,first,1,4559,0,0,fourth,4,510,18,1,second,2,2374,24,0,third,3,1245,0,0,zero,0,2329,0,0
1597654701654549799,first,1,4559,0,0,fourth,4,511,0,0,second,2,2372,-3,-5,third,3,1262,8,6,zero,0,2329,0,0
1597654701766560703,first,1,4559,0,0,fourth,4,525,7,3,second,2,2361,0,0,third,3,1327,38,7,zero,0,2329,0,0
1597654701878625873,first,1,4559,0,0,fourth,4,565,21,1,second,2,2363,0,0,third,3,1392,34,-12,zero,0,2330,0,0
1597654701990624316,first,1,4559,0,0,fourth,4,567,0,0,second,2,2373,6,1,third,3,1386,-3,-3,zero,0,2329,0,0
1597654702102755721,first,1,4559,0,0,fourth,4,583,7,5,second,2,2413,21,1,third,3,1382,-1,6,zero,0,2329,0,0
1597654702214604310,first,1,4559,0,0,fourth,4,623,21,-6,second,2,2439,8,-5,third,3,1419,20,1,zero,0,2330,0,0
1597654702326690376,first,1,4559,0,0,fourth,4,624,0,0,second,2,2428,-6,-2,third,3,1448,14,0,zero,0,2329,0,0
1597654702438678656,first,1,4559,0,0,fourth,4,637,6,3,second,2,2421,0,0,third,3,1448,0,0,zero,0,2329,0,0
1597654702550579495,first,1,4559,0,0,fourth,4,668,16,2,second,2,2422,0,0,third,3,1448,0,0,zero,0,2329,0,0
1597654702662543325,first,1,4559,0,0,fourth,4,667,0,-3,second,2,2422,0,0,third,3,1450,0,0,zero,0,2329,0,0
1597654702774516192,first,1,4559,0,0,fourth,4,664,0,0,second,2,2422,0,0,third,3,1453,0,0,zero,0,2329,0,0
1597654702774833750,first,1,4559,0,0,fourth,4,664,0,0,second,2,2422,0,0,third,3,1453,0,0,zero,0,2329,0,0
1597654702886727383,first,1,4559,0,0,fourth,4,665,0,0,second,2,2422,0,0,third,3,1455,0,0,zero,0,2329,0,0
1597654702998803498,first,1,4559,0,0,fourth,4,665,0,0,second,2,2422,0,0,third,3,1457,0,0,zero,0,2329,0,0
1597654703110739734,first,1,4559,0,0,fourth,4,665,0,0,second,2,2422,0,0,third,3,1460,0,0,zero,0,2329,0,0
1597654703222595757,first,1,4559,0,0,fourth,4,665,0,0,second,2,2422,0,0,third,3,1462,0,0,zero,0,2329,0,0
1597654703334823591,first,1,4559,0,0,fourth,4,664,0,0,second,2,2422,0,0,third,3,1464,0,0,zero,0,2330,0,0
1597654703446686430,first,1,4559,0,0,fourth,4,665,0,0,second,2,2422,0,0,third,3,1467,0,0,zero,0,2329,0,0
1597654703558581035,first,1,4559,0,0,fourth,4,665,0,0,second,2,2422,0,0,third,3,1467,0,-1,zero,0,2329,0,0
1597654703670681427,first,1,4559,0,0,fourth,4,664,0,0,second,2,2422,0,0,third,3,1467,0,0,zero,0,2329,0,0
1597654703782873958,first,1,4559,0,0,fourth,4,664,0,0,second,2,2422,0,0,third,3,1467,0,0,zero,0,2331,0,0
1597654703894766742,first,1,4559,0,0,fourth,4,665,0,0,second,2,2422,0,0,third,3,1467,0,0,zero,0,2334,0,0
1597654704006770469,first,1,4559,0,0,fourth,4,665,0,0,second,2,2422,0,0,third,3,1467,0,0,zero,0,2337,0,0
1597654704118774221,first,1,4559,0,0,fourth,4,665,0,0,second,2,2422,0,0,third,3,1467,0,0,zero,0,2340,0,0
1597654704230606852,first,1,4559,0,0,fourth,4,665,0,0,second,2,2422,0,0,third,3,1467,0,0,zero,0,2344,0,0
1597654704342473377,first,1,4559,0,0,fourth,4,664,0,0,second,2,2422,0,0,third,3,1467,0,0,zero,0,2346,0,0
1597654704342690201,first,1,4559,0,0,fourth,4,664,0,0,second,2,2422,0,0,third,3,1467,0,0,zero,0,2346,0,0
1597654704454673541,first,1,4559,0,0,fourth,4,664,0,0,second,2,2422,0,0,third,3,1467,0,0,zero,0,2349,0,0
1597654704566546040,first,1,4559,0,0,fourth,4,664,0,0,second,2,2422,0,0,third,3,1467,0,0,zero,0,2352,0,0
1597654704678794495,first,1,4559,0,0,fourth,4,664,0,0,second,2,2422,0,0,third,3,1467,0,0,zero,0,2355,0,0
1597654704790545188,first,1,4559,0,0,fourth,4,665,0,0,second,2,2422,0,0,third,3,1467,0,0,zero,0,2358,0,0
1597654704902730712,first,1,4559,0,0,fourth,4,664,0,0,second,2,2422,0,0,third,3,1467,0,0,zero,0,2361,0,0
1597654705014648335,first,1,4559,0,0,fourth,4,664,0,0,second,2,2422,0,0,third,3,1467,0,0,zero,0,2363,0,0
1597654705126645784,first,1,4558,0,0,fourth,4,664,0,0,second,2,2422,0,0,third,3,1466,0,0,zero,0,2364,0,-1
1597654705238519731,first,1,4559,0,0,fourth,4,664,0,0,second,2,2422,0,0,third,3,1467,0,0,zero,0,2364,0,0
1597654705350433468,first,1,4552,-2,-3,fourth,4,664,0,-2,second,2,2422,0,0,third,3,1467,0,-1,zero,0,2356,-5,-4
1597654705462648177,first,1,4521,-17,-11,fourth,4,664,0,-1,second,2,2422,0,0,third,3,1467,0,-1,zero,0,2332,-13,-2
1597654705574463707,first,1,4491,-13,0,fourth,4,664,0,-2,second,2,2422,0,0,third,3,1467,0,-1,zero,0,2318,-1,0
1597654705686444210,first,1,4476,-8,-11,fourth,4,664,0,-2,second,2,2422,0,0,third,3,1467,0,-1,zero,0,2306,-8,-8
1597654705798541318,first,1,4409,-39,-16,fourth,4,664,0,-1,second,2,2422,0,0,third,3,1467,0,-1,zero,0,2265,-24,-11
1597654705910675244,first,1,4348,-30,0,fourth,4,664,0,-1,second,2,2422,0,0,third,3,1467,0,-1,zero,0,2227,-9,0
1597654706022925691,first,1,4348,0,-2,fourth,4,664,0,-1,second,2,2422,0,0,third,3,1467,0,-1,zero,0,2220,-4,-7
1597654706134511321,first,1,4341,-3,-6,fourth,4,664,0,-1,second,2,2422,0,0,third,3,1467,0,-1,zero,0,2192,-15,-6
1597654706246539588,first,1,4314,-13,-4,fourth,4,664,0,-1,second,2,2422,0,0,third,3,1467,0,-1,zero,0,2175,-2,0
1597654706358492173,first,1,4294,-9,-2,fourth,4,664,0,-2,second,2,2422,0,0,third,3,1464,0,-4,zero,0,2175,0,-1
1597654706470476072,first,1,4290,-1,0,fourth,4,664,0,-4,second,2,2422,0,0,third,3,1449,-6,-3,zero,0,2174,0,0
1597654706582499282,first,1,4290,0,-1,fourth,4,664,0,-2,second,2,2422,0,0,third,3,1444,-1,0,zero,0,2172,0,-3
1597654706694911779,first,1,4290,0,-1,fourth,4,664,0,-3,second,2,2422,0,0,third,3,1444,0,-1,zero,0,2157,-8,-1
1597654706806548937,first,1,4290,0,-1,fourth,4,664,0,-2,second,2,2422,0,0,third,3,1443,0,-1,zero,0,2150,0,0
1597654706917972691,first,1,4290,0,-1,fourth,4,664,0,-2,second,2,2422,0,0,third,3,1443,0,-1,zero,0,2150,0,0
1597654707029957962,first,1,4290,0,-1,fourth,4,664,0,-3,second,2,2422,0,0,third,3,1443,0,-1,zero,0,2150,0,0
1597654707142203989,first,1,4290,0,-1,fourth,4,664,0,-2,second,2,2422,0,0,third,3,1443,0,-1,zero,0,2150,0,0
1597654707254451173,first,1,4290,0,-1,fourth,4,664,0,-2,second,2,2422,0,0,third,3,1443,0,-1,zero,0,2150,0,0
1597654707366392579,first,1,4290,0,-1,fourth,4,664,0,-2,second,2,2422,0,0,third,3,1444,0,-1,zero,0,2150,0,0
1597654707478561463,first,1,4290,0,-1,fourth,4,665,0,-2,second,2,2422,0,0,third,3,1443,0,-1,zero,0,2150,0,0
1597654707590567005,first,1,4290,0,-1,fourth,4,664,0,-2,second,2,2422,0,0,third,3,1443,0,-1,zero,0,2150,0,0
1597654707702384040,first,1,4290,0,-1,fourth,4,664,0,-2,second,2,2422,0,0,third,3,1444,0,-1,zero,0,2150,0,0
1597654707814416280,first,1,4290,0,-1,fourth,4,664,0,-3,second,2,2422,0,0,third,3,1443,0,-1,zero,0,2150,0,0
1597654707926470302,first,1,4290,0,-1,fourth,4,664,0,-3,second,2,2422,0,0,third,3,1443,0,-1,zero,0,2150,0,0
1597654708037608369,first,1,4290,0,-1,fourth,4,664,0,-3,second,2,2423,0,0,third,3,1443,0,-1,zero,0,2150,0,-1
1597654708150218403,first,1,4290,0,-1,fourth,4,664,0,-2,second,2,2422,0,0,third,3,1443,0,-1,zero,0,2150,0,0
1597654708262433161,first,1,4290,0,-1,fourth,4,664,0,-2,second,2,2422,0,0,third,3,1443,0,-1,zero,0,2150,0,0
1597654708374396362,first,1,4290,0,-1,fourth,4,664,0,-2,second,2,2422,0,0,third,3,1444,0,-1,zero,0,2150,0,0
1597654708486262803,first,1,4290,0,-1,fourth,4,664,0,-2,second,2,2422,0,0,third,3,1443,0,-1,zero,0,2150,0,0
1597654708598351409,first,1,4290,0,-2,fourth,4,664,0,-2,second,2,2422,0,0,third,3,1444,0,-1,zero,0,2150,0,0
1597654708710430546,first,1,4290,0,-2,fourth,4,664,0,-2,second,2,2422,0,0,third,3,1443,0,-1,zero,0,2150,0,0
1597654708822548528,first,1,4290,0,-2,fourth,4,664,0,-2,second,2,2422,0,0,third,3,1444,0,-1,zero,0,2150,0,0
1597654708934208622,first,1,4290,0,-2,fourth,4,664,0,-2,second,2,2422,0,0,third,3,1443,0,-1,zero,0,2150,0,0
1597654709046078454,first,1,4290,0,-2,fourth,4,665,0,-2,second,2,2422,0,0,third,3,1444,0,0,zero,0,2150,0,0
1597654709158169876,first,1,4290,0,-2,fourth,4,664,0,-2,second,2,2422,0,0,third,3,1444,0,0,zero,0,2150,0,0
1597654709270133908,first,1,4290,0,-2,fourth,4,664,0,-2,second,2,2422,0,0,third,3,1443,0,0,zero,0,2150,0,0
1597654709382264758,first,1,4290,0,-2,fourth,4,664,0,-2,second,2,2422,0,0,third,3,1443,0,0,zero,0,2150,0,0
1597654709494320437,first,1,4290,0,-2,fourth,4,664,0,-2,second,2,2422,0,0,third,3,1443,0,0,zero,0,2150,0,-1
1597654709606065729,first,1,4290,0,-2,fourth,4,664,0,-2,second,2,2422,0,0,third,3,1444,0,0,zero,0,2150,0,-2
1597654709718039291,first,1,4290,0,-2,fourth,4,664,0,-2,second,2,2422,0,0,third,3,1443,0,0,zero,0,2150,0,-1
1597654709830052408,first,1,4290,0,-2,fourth,4,664,0,-2,second,2,2422,0,0,third,3,1443,0,0,zero,0,2150,0,-1
1597654709942270615,first,1,4290,0,-2,fourth,4,664,0,-2,second,2,2422,0,0,third,3,1443,0,0,zero,0,2150,0,0
1597654710054126117,first,1,4290,0,-2,fourth,4,664,0,-2,second,2,2422,0,0,third,3,1443,0,0,zero,0,2150,0,0
1597654710054321331,first,1,4290,0,-2,fourth,4,664,0,-2,second,2,2422,0,0,third,3,1443,0,0,zero,0,2150,0,0
1597654710166113745,first,1,4290,0,-2,fourth,4,664,0,-2,second,2,2422,0,0,third,3,1443,0,0,zero,0,2150,0,-1
1597654710278284179,first,1,4290,0,-2,fourth,4,664,0,-2,second,2,2423,0,0,third,3,1443,0,0,zero,0,2150,0,-1
1597654710390154832,first,1,4290,0,-2,fourth,4,664,0,-2,second,2,2422,0,0,third,3,1443,0,0,zero,0,2150,0,0
1597654710502338771,first,1,4290,0,-2,fourth,4,664,0,-2,second,2,2422,0,0,third,3,1444,0,0,zero,0,2150,0,0
1597654710614165447,first,1,4290,0,-2,fourth,4,664,0,-2,second,2,2422,0,0,third,3,1443,0,0,zero,0,2150,0,0
1597654710726179372,first,1,4290,0,-2,fourth,4,664,0,-2,second,2,2422,0,0,third,3,1444,0,0,zero,0,2150,0,0
1597654710838254652,first,1,4290,0,-2,fourth,4,664,0,-2,second,2,2422,0,0,third,3,1443,0,0,zero,0,2150,0,0
1597654710950227522,first,1,4290,0,-2,fourth,4,664,0,-2,second,2,2422,0,0,third,3,1443,0,0,zero,0,2150,0,0
1597654711062233675,first,1,4290,0,-2,fourth,4,664,0,-2,second,2,2422,0,0,third,3,1443,0,-1,zero,0,2150,0,-1
1597654711174225901,first,1,4290,0,-2,fourth,4,664,0,-2,second,2,2422,0,0,third,3,1443,0,-1,zero,0,2150,0,-1
1597654711286047347,first,1,4290,0,-2,fourth,4,664,0,-2,second,2,2422,0,0,third,3,1443,0,-1,zero,0,2150,0,0
1597654711398194639,first,1,4290,0,-2,fourth,4,665,0,-2,second,2,2422,0,0,third,3,1443,0,-1,zero,0,2150,0,0
1597654711510259217,first,1,4290,0,-2,fourth,4,664,0,-2,second,2,2422,0,0,third,3,1443,0,-1,zero,0,2150,0,0
1597654711621954172,first,1,4290,0,-2,fourth,4,664,0,-2,second,2,2422,0,0,third,3,1444,0,-1,zero,0,2150,0,-1
1597654711734221558,first,1,4290,0,-2,fourth,4,664,0,-2,second,2,2422,0,0,third,3,1443,0,-1,zero,0,2150,0,0
1597654711846127940,first,1,4290,0,-2,fourth,4,664,0,-2,second,2,2422,0,0,third,3,1444,0,-1,zero,0,2150,0,0
1597654711958020008,first,1,4290,0,-2,fourth,4,665,0,-2,second,2,2422,0,0,third,3,1443,0,-1,zero,0,2150,0,0
1597654712070062256,first,1,4290,0,-2,fourth,4,664,0,-2,second,2,2422,0,0,third,3,1443,0,-1,zero,0,2150,0,0
1597654712182168675,first,1,4290,0,-2,fourth,4,664,0,-2,second,2,2422,0,0,third,3,1443,0,-1,zero,0,2150,0,0
1597654712294228831,first,1,4290,0,-2,fourth,4,664,0,-2,second,2,2422,0,0,third,3,1443,0,-1,zero,0,2150,0,0
1597654712406186446,first,1,4290,0,-2,fourth,4,664,0,-2,second,2,2422,0,0,third,3,1443,0,-1,zero,0,2150,0,-1
1597654712518297090,first,1,4290,0,-2,fourth,4,664,0,-2,second,2,2422,0,0,third,3,1444,0,-1,zero,0,2150,0,-1
1597654712630062833,first,1,4290,0,-2,fourth,4,664,0,-2,second,2,2422,0,0,third,3,1443,0,0,zero,0,2150,0,-1
1597654712741884454,first,1,4290,0,-2,fourth,4,664,0,-2,second,2,2422,0,0,third,3,1443,0,0,zero,0,2150,0,0
1597654712853838040,first,1,4290,0,-2,fourth,4,664,0,-2,second,2,2422,0,0,third,3,1444,0,0,zero,0,2150,0,0
1597654712965892304,first,1,4290,0,-2,fourth,4,664,0,-2,second,2,2422,0,0,third,3,1443,0,0,zero,0,2150,0,0
1597654713077666885,first,1,4290,0,-2,fourth,4,664,0,-2,second,2,2422,0,0,third,3,1443,0,0,zero,0,2150,0,-1
1597654713190200662,first,1,4290,0,-2,fourth,4,664,0,-2,second,2,2422,0,0,third,3,1443,0,0,zero,0,2150,0,-1
1597654713301896807,first,1,4290,0,-2,fourth,4,664,0,-2,second,2,2422,0,0,third,3,1443,0,0,zero,0,2150,0,-1
1597654713413816940,first,1,4290,0,-2,fourth,4,664,0,-2,second,2,2422,0,0,third,3,1444,0,0,zero,0,2150,0,0
1597654713525948849,first,1,4290,0,-2,fourth,4,664,0,-2,second,2,2422,0,0,third,3,1443,0,0,zero,0,2150,0,0
1597654713638130797,first,1,4290,0,-2,fourth,4,664,0,-2,second,2,2422,0,0,third,3,1443,0,0,zero,0,2150,0,0
1597654713750393167,first,1,4290,0,-2,fourth,4,664,0,-2,second,2,2422,0,0,third,3,1443,0,0,zero,0,2150,0,-1
