1597653296370751384,first,1,3466,0,-6,fourth,4,887,0,-5,second,2,2560,0,-6,third,3,1812,0,-6,zero,0,1584,0,-4
1597653296482752345,first,1,3467,0,-6,fourth,4,887,0,-5,second,2,2560,0,-6,third,3,1812,0,-6,zero,0,1584,0,-6
1597653296594573242,first,1,3467,0,-6,fourth,4,887,0,-5,second,2,2560,0,-6,third,3,1812,0,-5,zero,0,1584,0,-4
1597653296706659576,first,1,3466,0,-5,fourth,4,887,0,-5,second,2,2560,0,-6,third,3,1812,0,-6,zero,0,1583,0,-5
1597653296818692407,first,1,3466,0,-5,fourth,4,887,0,-6,second,2,2560,0,-5,third,3,1812,0,-6,zero,0,1583,0,-4
1597653296929893575,first,1,3466,0,-6,fourth,4,886,0,-5,second,2,2560,0,-5,third,3,1812,0,-6,zero,0,1583,0,-5
1597653297041963277,first,1,3466,0,-5,fourth,4,886,0,-5,second,2,2560,0,-5,third,3,1812,0,-5,zero,0,1583,0,-5
1597653297154769495,first,1,3467,0,-5,fourth,4,886,0,-6,second,2,2560,0,-5,third,3,1812,0,-4,zero,0,1583,0,-5
1597653297266020624,first,1,3467,0,-5,fourth,4,886,0,-5,second,2,2560,0,-6,third,3,1812,0,-6,zero,0,1583,0,-5
1597653297378209542,first,1,3467,0,-6,fourth,4,887,0,-4,second,2,2560,0,-6,third,3,1812,0,-6,zero,0,1583,0,-5
1597653297490392299,first,1,3466,0,-5,fourth,4,886,0,-6,second,2,2560,0,-6,third,3,1812,0,-5,zero,0,1583,0,-5
1597653297602446170,first,1,3466,0,-5,fourth,4,886,0,-5,second,2,2560,0,-5,third,3,1812,0,-6,zero,0,1583,0,-5
1597653297714601800,first,1,3467,0,-5,fourth,4,886,0,-6,second,2,2560,0,-6,third,3,1812,0,-5,zero,0,1583,0,-4
1597653297826601011,first,1,3467,0,-5,fourth,4,886,0,-5,second,2,2560,0,-6,third,3,1812,0,-5,zero,0,1583,0,-7
1597653297938588230,first,1,3466,0,-6,fourth,4,886,0,-5,second,2,2560,0,-6,third,3,1812,0,-5,zero,0,1583,0,-5
1597653298050636544,first,1,3466,0,-6,fourth,4,886,0,-7,second,2,2560,0,-6,third,3,1812,0,-5,zero,0,1582,0,-5
1597653298162648740,first,1,3467,0,-5,fourth,4,886,0,-6,second,2,2560,0,-6,third,3,1812,0,-4,zero,0,1582,0,-6
1597653298274681041,first,1,3466,0,-6,fourth,4,886,0,-6,second,2,2560,0,-6,third,3,1812,0,-7,zero,0,1582,0,-5
1597653298386431121,first,1,3467,0,-4,fourth,4,885,0,-5,second,2,2560,0,-6,third,3,1812,0,-5,zero,0,1582,0,-5
1597653298498685620,first,1,3467,0,-7,fourth,4,885,0,-5,second,2,2560,0,-5,third,3,1812,0,-6,zero,0,1582,0,-4
1597653298610561118,first,1,3467,0,-4,fourth,4,886,0,-4,second,2,2560,0,-6,third,3,1812,0,-5,zero,0,1582,0,-5
1597653298722412066,first,1,3467,0,-7,fourth,4,885,0,-6,second,2,2560,0,-5,third,3,1812,0,-6,zero,0,1582,0,-1
1597653298834367781,first,1,3467,0,-7,fourth,4,885,0,-6,second,2,2560,0,-6,third,3,1812,0,-7,zero,0,1582,0,-7
1597653298946316177,first,1,3466,0,-5,fourth,4,885,0,-5,second,2,2560,0,-6,third,3,1812,0,-5,zero,0,1582,0,-4
1597653299058567821,first,1,3466,0,-5,fourth,4,886,0,-6,second,2,2560,0,-4,third,3,1812,0,-6,zero,0,1582,0,-4
1597653299059124118,first,1,3466,0,-5,fourth,4,886,0,-6,second,2,2560,0,-4,third,3,1812,0,-6,zero,0,1582,0,-4
1597653299170534552,first,1,3466,0,-4,fourth,4,886,0,-6,second,2,2560,0,-6,third,3,1812,0,-5,zero,0,1581,0,-3
1597653299282565573,first,1,3466,0,-5,fourth,4,885,0,-5,second,2,2560,0,-5,third,3,1805,-2,-5,zero,0,1581,0,-5
1597653299394700159,first,1,3466,0,-6,fourth,4,885,0,-5,second,2,2560,0,-6,third,3,1784,-11,-6,zero,0,1582,0,-6
1597653299506413299,first,1,3467,0,-6,fourth,4,885,0,-6,second,2,2560,0,-5,third,3,1757,-13,-5,zero,0,1582,0,-6
1597653299618471078,first,1,3467,0,-6,fourth,4,883,0,-4,second,2,2560,0,-6,third,3,1736,-11,-6,zero,0,1581,0,-5
1597653299730470408,first,1,3467,0,-6,fourth,4,864,-10,-4,second,2,2560,0,-6,third,3,1723,-6,-5,zero,0,1581,0,-6
1597653299842432029,first,1,3467,0,-5,fourth,4,841,-11,-5,second,2,2560,0,-6,third,3,1711,-6,-6,zero,0,1581,0,-4
1597653299954461654,first,1,3467,0,-5,fourth,4,825,-8,-6,second,2,2560,0,-5,third,3,1699,-6,-5,zero,0,1581,0,-6
1597653300066443005,first,1,3466,0,-6,fourth,4,814,-5,-6,second,2,2560,0,-5,third,3,1694,-1,-6,zero,0,1581,0,-6
1597653300177770790,first,1,3467,0,-5,fourth,4,814,0,-7,second,2,2560,0,-5,third,3,1694,0,-6,zero,0,1581,0,-5
1597653300177784269,first,1,3467,0,-5,fourth,4,814,0,-7,second,2,2560,0,-5,third,3,1694,0,-6,zero,0,1581,0,-5
1597653300289917302,first,1,3466,0,-6,fourth,4,814,0,-5,second,2,2560,0,-4,third,3,1694,0,-6,zero,0,1581,0,-6
1597653300402509989,first,1,3467,0,-6,fourth,4,815,0,-5,second,2,2560,0,-6,third,3,1695,0,-5,zero,0,1581,0,-5
1597653300515411397,first,1,3466,0,-5,fourth,4,814,0,-4,second,2,2560,0,-6,third,3,1694,0,-5,zero,0,1581,0,-6
1597653300626504758,first,1,3467,0,-5,fourth,4,814,0,-6,second,2,2560,0,-5,third,3,1695,0,-4,zero,0,1580,0,-6
1597653300737854599,first,1,3466,0,-5,fourth,4,814,0,0,second,2,2560,0,-5,third,3,1695,0,-6,zero,0,1581,0,-5
1597653300849886223,first,1,3466,0,-6,fourth,4,814,0,-5,second,2,2560,0,-6,third,3,1695,0,-4,zero,0,1580,0,-5
1597653300961881709,first,1,3465,0,-5,fourth,4,814,0,-6,second,2,2559,0,-6,third,3,1695,0,-6,zero,0,1581,0,-5
1597653301074022016,first,1,3453,-5,-7,fourth,4,814,0,-5,second,2,2560,0,-6,third,3,1694,0,-5,zero,0,1580,0,-5
1597653301186126253,first,1,3442,-5,-6,fourth,4,814,0,-5,second,2,2559,0,-6,third,3,1695,0,-6,zero,0,1576,-1,-5
1597653301298274028,first,1,3431,-5,-5,fourth,4,815,0,-6,second,2,2559,0,-6,third,3,1695,0,-4,zero,0,1558,-10,-5
1597653301298426419,first,1,3431,-5,-5,fourth,4,815,0,-6,second,2,2559,0,-6,third,3,1695,0,-4,zero,0,1558,-10,-5
1597653301410258139,first,1,3416,-7,-5,fourth,4,814,0,-5,second,2,2559,0,-6,third,3,1695,0,-5,zero,0,1536,-11,-3
1597653301522262074,first,1,3397,-9,-5,fourth,4,814,0,-5,second,2,2559,0,-5,third,3,1695,0,-4,zero,0,1511,-12,-5
1597653301634314564,first,1,3377,-9,-4,fourth,4,814,0,-4,second,2,2559,0,-5,third,3,1694,0,-5,zero,0,1484,-13,-4
1597653301745891297,first,1,3357,-9,-6,fourth,4,814,0,-6,second,2,2558,0,-7,third,3,1694,0,-5,zero,0,1461,-12,-4
1597653301858632868,first,1,3336,-10,-7,fourth,4,814,0,-5,second,2,2553,-2,-5,third,3,1695,0,-5,zero,0,1437,-12,-5
1597653301970413512,first,1,3315,-10,-4,fourth,4,814,0,-6,second,2,2531,-11,-7,third,3,1695,0,-5,zero,0,1413,-12,-3
1597653302082272469,first,1,3299,-9,-5,fourth,4,814,0,-5,second,2,2504,-13,-6,third,3,1695,0,-5,zero,0,1388,-13,-4
1597653302194176625,first,1,3283,-9,-6,fourth,4,814,0,-5,second,2,2478,-13,-6,third,3,1695,0,-5,zero,0,1363,-13,-5
1597653302306263864,first,1,3266,-9,-7,fourth,4,814,0,-5,second,2,2455,-12,-5,third,3,1695,0,-5,zero,0,1340,-13,-7
1597653302418168324,first,1,3249,-8,-6,fourth,4,814,0,-6,second,2,2436,-10,-6,third,3,1695,0,-5,zero,0,1318,-11,-5
1597653302530222620,first,1,3233,-8,-6,fourth,4,814,0,-5,second,2,2418,-9,-6,third,3,1694,0,-6,zero,0,1296,-11,-4
1597653302642133175,first,1,3217,-8,-7,fourth,4,814,0,-5,second,2,2400,-9,-6,third,3,1695,0,-5,zero,0,1275,-11,-6
1597653302642196873,first,1,3217,-8,-7,fourth,4,814,0,-5,second,2,2400,-9,-6,third,3,1695,0,-5,zero,0,1275,-11,-6
1597653302754264263,first,1,3201,-8,-4,fourth,4,814,0,-5,second,2,2383,-9,-5,third,3,1695,0,-6,zero,0,1253,-11,-5
1597653302866309945,first,1,3185,-8,-6,fourth,4,814,0,-5,second,2,2366,-9,-6,third,3,1695,0,-6,zero,0,1232,-11,-6
1597653302977863989,first,1,3168,-8,-6,fourth,4,815,0,-5,second,2,2355,-6,-6,third,3,1694,0,-5,zero,0,1210,-11,-9
1597653303090606544,first,1,3152,-8,-5,fourth,4,815,0,-6,second,2,2350,-1,-6,third,3,1695,0,-6,zero,0,1189,-11,-8
1597653303202222133,first,1,3135,-8,-5,fourth,4,814,0,-5,second,2,2350,0,-6,third,3,1695,0,-5,zero,0,1169,-11,-7
1597653303314548840,first,1,3119,-8,-5,fourth,4,814,0,-5,second,2,2350,0,-5,third,3,1695,0,-7,zero,0,1148,-11,-3
1597653303426431229,first,1,3103,-8,-7,fourth,4,814,0,-5,second,2,2350,0,-6,third,3,1695,0,-5,zero,0,1127,-11,-5
1597653303538215820,first,1,3087,-8,-4,fourth,4,814,0,-5,second,2,2350,0,-6,third,3,1694,0,-5,zero,0,1108,-11,-4
1597653303650053021,first,1,3071,-8,-4,fourth,4,814,0,-6,second,2,2350,0,-5,third,3,1695,0,-5,zero,0,1087,-10,-5
1597653303762039274,first,1,3054,-8,-5,fourth,4,815,0,-5,second,2,2350,0,-6,third,3,1695,0,-7,zero,0,1065,-10,-5
1597653303874221586,first,1,3037,-8,-5,fourth,4,814,0,-6,second,2,2350,0,-6,third,3,1695,0,-6,zero,0,1046,-10,-7
1597653303874288701,first,1,3037,-8,-5,fourth,4,814,0,-6,second,2,2350,0,-6,third,3,1695,0,-6,zero,0,1046,-10,-7
1597653303986245600,first,1,3021,-8,-6,fourth,4,814,0,-5,second,2,2350,0,-6,third,3,1695,0,-4,zero,0,1026,-10,-9
1597653304098175271,first,1,3007,-7,-4,fourth,4,814,0,-6,second,2,2350,0,-4,third,3,1694,0,-7,zero,0,1007,-10,-3
1597653304210496445,first,1,2991,-7,-6,fourth,4,814,0,-5,second,2,2350,0,-6,third,3,1695,0,-6,zero,0,988,-10,-5
1597653304322134385,first,1,2976,-7,-5,fourth,4,814,0,-6,second,2,2350,0,-7,third,3,1695,0,-5,zero,0,968,-10,-7
1597653304434257347,first,1,2961,-7,-4,fourth,4,815,0,-5,second,2,2350,0,-7,third,3,1695,0,-5,zero,0,948,-10,-9
1597653304546175696,first,1,2945,-7,-6,fourth,4,814,0,-5,second,2,2350,0,-5,third,3,1694,0,-5,zero,0,929,-10,-4
1597653304658134820,first,1,2931,-7,-5,fourth,4,815,0,-7,second,2,2350,0,-6,third,3,1694,0,-5,zero,0,912,-10,-4
1597653304770131427,first,1,2919,-7,-7,fourth,4,814,0,-5,second,2,2350,0,-5,third,3,1694,0,-6,zero,0,892,-10,-7
1597653304882312261,first,1,2911,-4,-5,fourth,4,815,0,-6,second,2,2350,0,-6,third,3,1694,0,-5,zero,0,878,-8,-7
1597653304994219174,first,1,2904,-3,-6,fourth,4,815,0,-6,second,2,2350,0,-5,third,3,1694,0,-4,zero,0,864,-7,-6
1597653305105956094,first,1,2891,-5,-5,fourth,4,815,0,-6,second,2,2349,0,-6,third,3,1694,0,-6,zero,0,863,0,-4
1597653305218096265,first,1,2885,-2,-5,fourth,4,814,0,-6,second,2,2350,0,-5,third,3,1694,0,-7,zero,0,863,0,-6
1597653305330289580,first,1,2886,0,-5,fourth,4,814,0,-4,second,2,2350,0,-5,third,3,1694,0,-5,zero,0,863,0,-5
1597653305442121805,first,1,2886,0,-5,fourth,4,815,0,-5,second,2,2349,0,-5,third,3,1694,0,-5,zero,0,863,0,-6
1597653305554116819,first,1,2885,0,-6,fourth,4,814,0,-6,second,2,2349,0,-5,third,3,1694,0,-6,zero,0,863,0,-5
1597653305667337458,first,1,2886,0,-5,fourth,4,815,0,-5,second,2,2350,0,-5,third,3,1695,0,-5,zero,0,863,0,-5
1597653305777725108,first,1,2886,0,-5,fourth,4,814,0,-5,second,2,2349,0,-4,third,3,1695,0,-7,zero,0,863,0,-4
1597653305889954514,first,1,2886,0,-6,fourth,4,815,0,-6,second,2,2349,0,-6,third,3,1694,0,-6,zero,0,863,0,-4
1597653306001838916,first,1,2886,0,-7,fourth,4,814,0,-6,second,2,2349,0,-5,third,3,1695,0,-7,zero,0,863,0,-6
1597653306001906059,first,1,2886,0,-7,fourth,4,814,0,-6,second,2,2349,0,-5,third,3,1695,0,-7,zero,0,863,0,-6
1597653306113901780,first,1,2886,0,-5,fourth,4,815,0,-6,second,2,2349,0,-4,third,3,1695,0,-5,zero,0,863,0,-5
1597653306226045911,first,1,2886,0,-5,fourth,4,815,0,-5,second,2,2349,0,-5,third,3,1695,0,-5,zero,0,862,0,-6
1597653306338063312,first,1,2886,0,-7,fourth,4,814,0,-6,second,2,2348,0,-6,third,3,1694,0,-6,zero,0,862,0,-5
1597653306450178795,first,1,2886,0,-5,fourth,4,814,0,-5,second,2,2349,0,-4,third,3,1694,0,-7,zero,0,862,0,-5
1597653306562066381,first,1,2886,0,-6,fourth,4,814,0,-6,second,2,2348,0,-5,third,3,1694,0,-5,zero,0,861,0,-3
1597653306674150912,first,1,2886,0,-7,fourth,4,814,0,-4,second,2,2348,0,-5,third,3,1694,0,-6,zero,0,854,-3,-7
1597653306786084678,first,1,2886,0,-5,fourth,4,814,0,-6,second,2,2348,0,-6,third,3,1694,0,-5,zero,0,833,-10,-7
1597653306897915235,first,1,2885,0,-5,fourth,4,814,0,-5,second,2,2347,0,-5,third,3,1695,0,-7,zero,0,811,-11,-6
1597653307010328317,first,1,2885,0,-7,fourth,4,815,0,-6,second,2,2348,0,-6,third,3,1695,0,-4,zero,0,795,-8,-5
1597653307121929230,first,1,2873,-5,-5,fourth,4,815,0,-6,second,2,2347,0,-5,third,3,1694,0,-6,zero,0,792,0,-5
1597653307233923682,first,1,2859,-6,-6,fourth,4,815,0,-6,second,2,2347,0,-5,third,3,1694,0,-5,zero,0,791,0,-5
1597653307345877815,first,1,2854,-2,-6,fourth,4,815,0,-6,second,2,2347,0,-7,third,3,1695,0,-6,zero,0,791,0,-5
1597653307457810064,first,1,2854,0,-4,fourth,4,814,0,-5,second,2,2347,0,-5,third,3,1695,0,-5,zero,0,790,0,-5
1597653307569858283,first,1,2854,0,-5,fourth,4,815,0,-5,second,2,2347,0,-6,third,3,1694,0,-6,zero,0,787,0,-7
1597653307681919723,first,1,2854,0,-4,fourth,4,814,0,-5,second,2,2346,0,-6,third,3,1695,0,-6,zero,0,769,-9,-6
1597653307793931720,first,1,2853,0,-5,fourth,4,815,0,-4,second,2,2345,0,-5,third,3,1694,0,-4,zero,0,749,-10,-2
1597653307905842091,first,1,2840,-6,-7,fourth,4,815,0,-5,second,2,2335,-6,-5,third,3,1694,0,-6,zero,0,731,-9,-8
1597653308017891130,first,1,2822,-8,-6,fourth,4,814,0,-6,second,2,2312,-11,-7,third,3,1694,0,-6,zero,0,713,-9,-3
1597653308129890924,first,1,2807,-8,-4,fourth,4,815,0,-6,second,2,2287,-12,-6,third,3,1694,0,-5,zero,0,693,-10,-8
1597653308241945210,first,1,2791,-8,-5,fourth,4,815,0,-5,second,2,2264,-12,-7,third,3,1694,0,-6,zero,0,673,-10,-7
1597653308353412431,first,1,2775,-7,-4,fourth,4,815,0,-5,second,2,2246,-9,-6,third,3,1694,0,-6,zero,0,652,-10,-6
1597653308465924376,first,1,2762,-7,-5,fourth,4,815,0,-5,second,2,2233,-6,-6,third,3,1694,0,-5,zero,0,633,-10,-6
1597653308577930575,first,1,2748,-7,-4,fourth,4,814,0,-6,second,2,2223,-5,-5,third,3,1694,0,-7,zero,0,613,-10,-8
1597653308689862977,first,1,2737,-6,-5,fourth,4,814,0,-5,second,2,2218,-2,-5,third,3,1694,0,-5,zero,0,596,-9,-7
1597653308801770000,first,1,2726,-5,-6,fourth,4,814,0,-4,second,2,2218,0,-5,third,3,1694,0,-6,zero,0,582,-7,-3
1597653308913798663,first,1,2715,-5,-4,fourth,4,815,0,-5,second,2,2218,0,-6,third,3,1694,0,-6,zero,0,565,-7,-3
1597653309025768286,first,1,2703,-5,-7,fourth,4,814,0,-6,second,2,2218,0,-6,third,3,1694,0,-4,zero,0,548,-7,-7
1597653309137825345,first,1,2692,-5,-5,fourth,4,815,0,-6,second,2,2218,0,-5,third,3,1694,0,-5,zero,0,532,-7,-7
1597653309249888338,first,1,2680,-5,-5,fourth,4,814,0,-5,second,2,2218,0,-5,third,3,1692,0,-7,zero,0,520,-6,-6
1597653309361911456,first,1,2669,-5,-6,fourth,4,815,0,-5,second,2,2218,0,-4,third,3,1683,-3,-6,zero,0,507,-6,-5
1597653309473813303,first,1,2663,-2,-5,fourth,4,814,0,-5,second,2,2218,0,-6,third,3,1674,-4,-6,zero,0,501,-2,-5
1597653309585825563,first,1,2663,0,-5,fourth,4,815,0,-5,second,2,2218,0,-6,third,3,1674,0,-5,zero,0,501,0,-7
1597653309698048747,first,1,2663,0,-5,fourth,4,815,0,-5,second,2,2218,0,-5,third,3,1674,0,-5,zero,0,501,0,-5
1597653309809775621,first,1,2663,0,-4,fourth,4,814,0,-6,second,2,2218,0,-6,third,3,1674,0,-7,zero,0,501,0,-4
1597653309921812647,first,1,2663,0,-6,fourth,4,815,0,-5,second,2,2218,0,-5,third,3,1674,0,-7,zero,0,501,0,-5
1597653310033842039,first,1,2663,0,-6,fourth,4,815,0,-5,second,2,2218,0,-5,third,3,1674,0,-4,zero,0,501,0,-4
1597653310033919881,first,1,2663,0,-6,fourth,4,815,0,-5,second,2,2218,0,-5,third,3,1674,0,-4,zero,0,501,0,-4
1597653310146152840,first,1,2663,0,-6,fourth,4,815,0,-5,second,2,2218,0,-6,third,3,1674,0,-5,zero,0,500,0,-5
1597653310257756441,first,1,2663,0,-7,fourth,4,814,0,-5,second,2,2218,0,-6,third,3,1674,0,-5,zero,0,500,0,-5
1597653310369815568,first,1,2663,0,-7,fourth,4,815,0,-6,second,2,2218,0,-5,third,3,1674,0,-7,zero,0,500,0,-6
1597653310481798487,first,1,2663,0,-6,fourth,4,815,0,-6,second,2,2217,0,-6,third,3,1674,0,-6,zero,0,499,0,-6
1597653310593240066,first,1,2663,0,-6,fourth,4,815,0,-5,second,2,2218,0,-6,third,3,1668,-1,-4,zero,0,494,-2,-7
1597653310706045377,first,1,2663,0,-6,fourth,4,814,0,-5,second,2,2218,0,-5,third,3,1654,-7,-5,zero,0,472,-11,-3
1597653310817868086,first,1,2654,-3,-7,fourth,4,814,0,-5,second,2,2218,0,-6,third,3,1640,-7,-6,zero,0,450,-11,-7
1597653310929545274,first,1,2634,-10,-4,fourth,4,815,0,-4,second,2,2218,0,-6,third,3,1633,-3,-7,zero,0,429,-11,-4
1597653311041763026,first,1,2612,-11,-5,fourth,4,814,0,-5,second,2,2217,0,-6,third,3,1633,0,-5,zero,0,409,-10,-6
1597653311153676374,first,1,2592,-11,-5,fourth,4,815,0,-4,second,2,2217,0,-7,third,3,1633,0,-6,zero,0,388,-10,-4
1597653311265785333,first,1,2574,-9,-5,fourth,4,814,0,-6,second,2,2217,0,-4,third,3,1633,0,-6,zero,0,366,-11,-4
1597653311377629441,first,1,2557,-9,-5,fourth,4,815,0,-6,second,2,2218,0,-7,third,3,1633,0,-4,zero,0,344,-11,-6
1597653311377697413,first,1,2557,-9,-5,fourth,4,815,0,-6,second,2,2218,0,-7,third,3,1633,0,-4,zero,0,344,-11,-6
1597653311489720017,first,1,2541,-8,-4,fourth,4,815,0,-6,second,2,2216,0,-6,third,3,1633,0,-7,zero,0,324,-10,-3
1597653311601960613,first,1,2526,-8,-5,fourth,4,815,0,-6,second,2,2215,0,-5,third,3,1633,0,-5,zero,0,306,-9,-4
1597653311713713433,first,1,2511,-7,-6,fourth,4,815,0,-6,second,2,2206,-4,-7,third,3,1633,0,-6,zero,0,287,-9,-8
1597653311825749356,first,1,2497,-7,-5,fourth,4,814,0,-5,second,2,2184,-10,-5,third,3,1633,0,-5,zero,0,268,-9,-3
1597653311937741825,first,1,2483,-7,-6,fourth,4,815,0,-6,second,2,2163,-11,-5,third,3,1633,0,-5,zero,0,252,-8,-6
1597653312049759472,first,1,2469,-7,-5,fourth,4,815,0,-5,second,2,2145,-9,-5,third,3,1628,0,-5,zero,0,236,-8,-5
1597653312161686908,first,1,2453,-7,-7,fourth,4,815,0,-6,second,2,2128,-9,-4,third,3,1613,-7,-5,zero,0,221,-8,-6
1597653312273627888,first,1,2439,-7,-5,fourth,4,815,0,-4,second,2,2109,-9,-5,third,3,1597,-7,-5,zero,0,204,-8,-8
1597653312385728484,first,1,2425,-7,-6,fourth,4,815,0,-6,second,2,2090,-9,-6,third,3,1591,-2,-6,zero,0,187,-8,-5
1597653312497607727,first,1,2412,-6,-6,fourth,4,815,0,-6,second,2,2075,-7,-5,third,3,1592,0,-4,zero,0,170,-8,-2
1597653312609545992,first,1,2399,-6,-6,fourth,4,814,0,-6,second,2,2067,-4,-5,third,3,1592,0,-5,zero,0,154,-8,-4
1597653312721461349,first,1,2385,-6,-5,fourth,4,814,0,-6,second,2,2066,0,-4,third,3,1592,0,-6,zero,0,142,-6,-5
1597653312833549744,first,1,2375,-5,-7,fourth,4,814,0,-5,second,2,2066,0,-5,third,3,1592,0,-7,zero,0,141,0,-6
1597653312833596926,first,1,2375,-5,-7,fourth,4,814,0,-5,second,2,2066,0,-5,third,3,1592,0,-7,zero,0,141,0,-6
1597653312945640596,first,1,2372,0,-5,fourth,4,815,0,-4,second,2,2066,0,-6,third,3,1592,0,-6,zero,0,141,0,-5
1597653313057683898,first,1,2372,0,-5,fourth,4,815,0,-2,second,2,2066,0,-6,third,3,1592,0,-7,zero,0,141,0,-7
1597653313169438051,first,1,2372,0,-6,fourth,4,814,0,-5,second,2,2066,0,-6,third,3,1592,0,-6,zero,0,141,0,-6
1597653313169550025,first,1,2372,0,-6,fourth,4,814,0,-5,second,2,2066,0,-6,third,3,1592,0,-6,zero,0,141,0,-6
1597653313281767737,first,1,2372,0,-5,fourth,4,815,0,-6,second,2,2066,0,-7,third,3,1592,0,-5,zero,0,140,0,-6
1597653313394069754,first,1,2372,0,-5,fourth,4,815,0,-5,second,2,2066,0,-5,third,3,1592,0,-6,zero,0,141,0,-6
1597653313505586581,first,1,2372,0,-5,fourth,4,814,0,-7,second,2,2066,0,-7,third,3,1592,0,-4,zero,0,140,0,-6
1597653313617700221,first,1,2372,0,-6,fourth,4,815,0,-5,second,2,2066,0,-5,third,3,1591,0,-6,zero,0,140,0,-4
1597653313729771566,first,1,2372,0,-6,fourth,4,815,0,-4,second,2,2066,0,-6,third,3,1592,0,-5,zero,0,140,0,-8
1597653313841577295,first,1,2372,0,-5,fourth,4,814,0,-5,second,2,2066,0,-5,third,3,1591,0,-6,zero,0,130,-4,-3
1597653313953632314,first,1,2371,0,-5,fourth,4,815,0,-5,second,2,2066,0,-5,third,3,1591,0,-6,zero,0,115,-7,-3
1597653314065634430,first,1,2359,-6,-5,fourth,4,815,0,-6,second,2,2066,0,-6,third,3,1590,0,-4,zero,0,98,-8,-7
1597653314177638941,first,1,2338,-9,-6,fourth,4,814,0,-5,second,2,2066,0,-6,third,3,1582,-2,-4,zero,0,81,-8,-2
1597653314289551153,first,1,2322,-9,-5,fourth,4,815,0,-6,second,2,2066,0,-6,third,3,1571,-5,-4,zero,0,64,-8,-8
1597653314401478198,first,1,2307,-8,-6,fourth,4,814,0,-6,second,2,2066,0,-6,third,3,1558,-5,-6,zero,0,46,-9,-3
1597653314513602800,first,1,2292,-7,-4,fourth,4,815,0,-6,second,2,2066,0,-6,third,3,1548,-4,-7,zero,0,27,-9,-4
1597653314625467520,first,1,2279,-7,-6,fourth,4,815,0,-6,second,2,2063,0,-5,third,3,1544,-1,-5,zero,0,7,-10,-4
1597653314737556920,first,1,2263,-7,-4,fourth,4,815,0,-6,second,2,2046,-9,-4,third,3,1544,0,-5,zero,0,-12,-10,-3
1597653314849429204,first,1,2249,-7,-4,fourth,4,815,0,-6,second,2,2024,-11,-5,third,3,1544,0,-6,zero,0,-26,-7,-5
1597653314961199246,first,1,2236,-7,-5,fourth,4,815,0,-6,second,2,2004,-10,-5,third,3,1541,0,-6,zero,0,-40,-7,-8
1597653315073494335,first,1,2224,-6,-5,fourth,4,814,0,-6,second,2,1989,-9,-5,third,3,1530,-5,-5,zero,0,-55,-7,-8
1597653315185836957,first,1,2212,-6,-6,fourth,4,814,0,-6,second,2,1975,-7,-5,third,3,1515,-6,-4,zero,0,-73,-9,-3
1597653315297567664,first,1,2199,-6,-5,fourth,4,815,0,-6,second,2,1964,-6,-6,third,3,1506,-4,-6,zero,0,-91,-9,-5
1597653315409477808,first,1,2186,-6,-5,fourth,4,815,0,-6,second,2,1952,-6,-6,third,3,1505,0,-6,zero,0,-108,-8,-3
1597653315521488432,first,1,2171,-7,-6,fourth,4,815,0,-6,second,2,1941,-5,-6,third,3,1505,0,-6,zero,0,-124,-8,-6
1597653315633380361,first,1,2159,-6,-6,fourth,4,815,0,-6,second,2,1936,-1,-5,third,3,1505,0,-7,zero,0,-134,-5,-7
1597653315633431864,first,1,2159,-6,-6,fourth,4,815,0,-6,second,2,1936,-1,-5,third,3,1505,0,-7,zero,0,-134,-5,-7
1597653315745437806,first,1,2148,-6,-5,fourth,4,814,0,-6,second,2,1936,0,-6,third,3,1498,-2,-6,zero,0,-149,-7,-9
1597653315857495247,first,1,2137,-5,-6,fourth,4,814,0,-6,second,2,1936,0,-5,third,3,1486,-5,-5,zero,0,-167,-8,-8
1597653315969524875,first,1,2125,-5,-6,fourth,4,815,0,-6,second,2,1936,0,-6,third,3,1481,-2,-7,zero,0,-183,-8,-7
1597653316081532294,first,1,2110,-6,-5,fourth,4,814,0,-6,second,2,1936,0,-5,third,3,1481,0,-7,zero,0,-200,-8,-8
1597653316193536361,first,1,2094,-7,-6,fourth,4,814,0,-6,second,2,1936,0,-5,third,3,1480,0,-5,zero,0,-216,-8,-6
1597653316305591774,first,1,2076,-8,-5,fourth,4,815,0,-6,second,2,1936,0,-6,third,3,1478,0,-7,zero,0,-233,-8,-5
1597653316417600295,first,1,2060,-8,-6,fourth,4,815,0,-6,second,2,1936,0,-5,third,3,1478,0,-5,zero,0,-252,-9,-7
1597653316529296392,first,1,2044,-8,-5,fourth,4,814,0,-6,second,2,1935,0,-6,third,3,1477,0,-6,zero,0,-271,-9,-3
1597653316641388663,first,1,2027,-8,-7,fourth,4,814,0,-6,second,2,1936,0,-5,third,3,1475,0,-5,zero,0,-291,-9,-7
1597653316753331460,first,1,2009,-8,-4,fourth,4,815,0,-6,second,2,1936,0,-6,third,3,1462,-7,-5,zero,0,-310,-9,-6
1597653316753383801,first,1,2009,-8,-4,fourth,4,815,0,-6,second,2,1936,0,-6,third,3,1462,-7,-5,zero,0,-310,-9,-6
1597653316865307806,first,1,1990,-9,-5,fourth,4,814,0,-6,second,2,1934,0,-4,third,3,1447,-7,-4,zero,0,-329,-9,-6
1597653316977422832,first,1,1972,-9,-6,fourth,4,815,0,-6,second,2,1921,-9,-6,third,3,1442,-1,-6,zero,0,-351,-10,-3
1597653317089419031,first,1,1955,-9,-6,fourth,4,815,0,-6,second,2,1896,-13,-5,third,3,1442,0,-5,zero,0,-372,-10,-6
1597653317201489568,first,1,1939,-8,-4,fourth,4,815,0,-6,second,2,1873,-11,-5,third,3,1442,0,-5,zero,0,-391,-10,-3
1597653317313482259,first,1,1922,-8,-5,fourth,4,815,0,-6,second,2,1856,-9,-5,third,3,1442,0,-6,zero,0,-409,-9,-7
1597653317425293696,first,1,1903,-9,-4,fourth,4,815,0,-6,second,2,1842,-7,-6,third,3,1439,0,-6,zero,0,-428,-9,-6
1597653317537473547,first,1,1883,-9,-6,fourth,4,815,0,-6,second,2,1831,-5,-5,third,3,1430,-3,-7,zero,0,-448,-9,-4
1597653317648988301,first,1,1865,-9,-6,fourth,4,814,0,-6,second,2,1824,-3,-4,third,3,1423,-2,-5,zero,0,-467,-9,-5
1597653317761082959,first,1,1848,-9,-4,fourth,4,815,0,-6,second,2,1823,0,-3,third,3,1423,0,-7,zero,0,-487,-10,-6
1597653317873354253,first,1,1832,-8,-6,fourth,4,815,0,-6,second,2,1822,0,-6,third,3,1424,0,-5,zero,0,-507,-10,-4
1597653317985268359,first,1,1814,-8,-5,fourth,4,815,0,-6,second,2,1823,0,-7,third,3,1423,0,-5,zero,0,-527,-10,-7
1597653318097474852,first,1,1795,-9,-5,fourth,4,815,0,-6,second,2,1822,0,-7,third,3,1423,0,-6,zero,0,-547,-10,-4
1597653318209791473,first,1,1778,-9,-4,fourth,4,815,0,-6,second,2,1822,0,-5,third,3,1423,0,-5,zero,0,-566,-10,-7
1597653318321176366,first,1,1761,-9,-4,fourth,4,815,0,-6,second,2,1822,0,-5,third,3,1423,0,-6,zero,0,-582,-8,-7
1597653318433304586,first,1,1747,-7,-4,fourth,4,815,0,-6,second,2,1823,0,-5,third,3,1420,0,-7,zero,0,-599,-8,-3
1597653318433369492,first,1,1747,-7,-4,fourth,4,815,0,-6,second,2,1823,0,-5,third,3,1420,0,-7,zero,0,-599,-8,-3
1597653318545243782,first,1,1731,-7,-6,fourth,4,815,0,-6,second,2,1823,0,-4,third,3,1410,-4,-5,zero,0,-616,-9,-4
1597653318657253702,first,1,1716,-7,-5,fourth,4,815,0,-6,second,2,1822,0,-5,third,3,1398,-5,-7,zero,0,-636,-9,-4
1597653318769245742,first,1,1700,-7,-5,fourth,4,815,0,-6,second,2,1823,0,-6,third,3,1395,0,-6,zero,0,-652,-8,-8
1597653318881279709,first,1,1685,-7,-6,fourth,4,815,0,-6,second,2,1822,0,-5,third,3,1395,0,-6,zero,0,-667,-7,-7
1597653318993443881,first,1,1672,-7,-6,fourth,4,815,0,-6,second,2,1818,-2,-6,third,3,1395,0,-7,zero,0,-683,-7,-3
1597653319105335253,first,1,1657,-7,-7,fourth,4,815,0,-6,second,2,1799,-10,-5,third,3,1395,0,-7,zero,0,-703,-9,-4
1597653319217362941,first,1,1642,-7,-6,fourth,4,815,0,-6,second,2,1777,-11,-6,third,3,1395,0,-6,zero,0,-720,-9,-4
1597653319329275710,first,1,1623,-8,-7,fourth,4,815,0,-6,second,2,1757,-10,-5,third,3,1385,-4,-5,zero,0,-737,-8,-5
1597653319441111386,first,1,1608,-8,-5,fourth,4,815,0,-6,second,2,1739,-10,-5,third,3,1368,-8,-5,zero,0,-754,-8,-4
1597653319553197356,first,1,1593,-7,-6,fourth,4,814,0,-6,second,2,1722,-9,-6,third,3,1356,-5,-7,zero,0,-773,-9,-6
1597653319553280955,first,1,1593,-7,-6,fourth,4,814,0,-6,second,2,1722,-9,-6,third,3,1356,-5,-7,zero,0,-773,-9,-6
1597653319665352593,first,1,1577,-7,-4,fourth,4,814,0,-6,second,2,1708,-7,-5,third,3,1350,-3,-7,zero,0,-792,-10,-7
1597653319777201791,first,1,1562,-7,-5,fourth,4,814,0,-6,second,2,1697,-5,-6,third,3,1350,0,-5,zero,0,-810,-8,-8
1597653319889169844,first,1,1545,-7,-6,fourth,4,815,0,-6,second,2,1687,-5,-5,third,3,1349,0,-4,zero,0,-824,-7,-4
1597653320001083459,first,1,1531,-7,-7,fourth,4,815,0,-6,second,2,1678,-4,-4,third,3,1345,-1,-4,zero,0,-835,-5,-5
1597653320113014824,first,1,1518,-6,-5,fourth,4,815,0,-6,second,2,1675,0,-5,third,3,1332,-5,-6,zero,0,-848,-6,-3
1597653320225094307,first,1,1507,-5,-5,fourth,4,815,0,-6,second,2,1676,0,-5,third,3,1325,-2,-5,zero,0,-865,-9,-4
1597653320225148984,first,1,1507,-5,-5,fourth,4,815,0,-6,second,2,1676,0,-5,third,3,1325,-2,-5,zero,0,-865,-9,-4
1597653320337299028,first,1,1492,-6,-7,fourth,4,815,0,-6,second,2,1675,0,-6,third,3,1325,0,-6,zero,0,-882,-9,-7
1597653320449334657,first,1,1478,-6,-6,fourth,4,815,0,-6,second,2,1675,0,-6,third,3,1326,0,-4,zero,0,-898,-8,-7
1597653320561170909,first,1,1463,-7,-6,fourth,4,815,0,-6,second,2,1676,0,-5,third,3,1325,0,-5,zero,0,-915,-8,-7
1597653320672597005,first,1,1448,-7,-7,fourth,4,815,0,-6,second,2,1675,0,-6,third,3,1326,0,-4,zero,0,-929,-7,-5
1597653320785856741,first,1,1435,-7,-4,fourth,4,815,0,-6,second,2,1676,0,-6,third,3,1326,0,-6,zero,0,-939,-5,-5
1597653320897211442,first,1,1427,-3,-6,fourth,4,815,0,-6,second,2,1676,0,-5,third,3,1326,0,-6,zero,0,-943,-1,-6
1597653321008634797,first,1,1425,0,-6,fourth,4,815,0,-6,second,2,1675,0,-6,third,3,1325,0,-6,zero,0,-943,0,-6
1597653321121159168,first,1,1426,0,-5,fourth,4,815,0,-6,second,2,1676,0,-6,third,3,1325,0,-7,zero,0,-943,0,-6
1597653321233172879,first,1,1426,0,-4,fourth,4,815,0,-6,second,2,1675,0,-5,third,3,1325,0,-7,zero,0,-943,0,-7
1597653321345130296,first,1,1425,0,-7,fourth,4,815,0,-6,second,2,1675,0,-6,third,3,1324,0,-5,zero,0,-943,0,-5
1597653321457082199,first,1,1426,0,-5,fourth,4,814,0,-6,second,2,1675,0,-5,third,3,1320,-1,-5,zero,0,-943,0,-6
1597653321568956942,first,1,1426,0,-6,fourth,4,815,0,-6,second,2,1676,0,-5,third,3,1312,-3,-5,zero,0,-943,0,-6
1597653321569042817,first,1,1426,0,-6,fourth,4,815,0,-6,second,2,1676,0,-5,third,3,1312,-3,-5,zero,0,-943,0,-6
1597653321681171826,first,1,1426,0,-6,fourth,4,815,0,-6,second,2,1675,0,-5,third,3,1307,-1,-5,zero,0,-943,0,-4
1597653321793131365,first,1,1425,0,-6,fourth,4,815,0,-6,second,2,1676,0,-5,third,3,1307,0,-6,zero,0,-943,0,-4
1597653321905164990,first,1,1425,0,-7,fourth,4,815,0,-6,second,2,1675,0,-5,third,3,1305,0,-5,zero,0,-943,0,-5
1597653322017064840,first,1,1425,0,-6,fourth,4,815,0,-6,second,2,1675,0,-7,third,3,1299,-2,-5,zero,0,-943,0,-5
1597653322129102147,first,1,1426,0,-5,fourth,4,815,0,-6,second,2,1670,-2,-6,third,3,1287,-4,-7,zero,0,-943,0,-5
1597653322241071452,first,1,1426,0,-5,fourth,4,815,0,-6,second,2,1649,-11,-5,third,3,1278,-4,-4,zero,0,-945,0,-3
1597653322353128393,first,1,1425,0,-6,fourth,4,815,0,-6,second,2,1626,-12,-4,third,3,1271,-3,-7,zero,0,-960,-9,-4
1597653322465088694,first,1,1415,-4,-7,fourth,4,814,0,-6,second,2,1607,-9,-6,third,3,1264,-3,-6,zero,0,-980,-10,-5
1597653322576983521,first,1,1395,-10,-6,fourth,4,814,0,-6,second,2,1591,-8,-6,third,3,1260,-1,-5,zero,0,-999,-10,-3
1597653322689393827,first,1,1373,-10,-6,fourth,4,815,0,-6,second,2,1579,-6,-5,third,3,1258,0,-5,zero,0,-1019,-10,-9
1597653322801019797,first,1,1354,-10,-5,fourth,4,815,0,-6,second,2,1570,-4,-6,third,3,1257,0,-5,zero,0,-1039,-10,-6
1597653322912998491,first,1,1337,-9,-5,fourth,4,815,0,-6,second,2,1566,-1,-6,third,3,1246,-5,-6,zero,0,-1059,-10,-3
1597653323025115028,first,1,1322,-8,-5,fourth,4,815,0,-6,second,2,1566,0,-5,third,3,1234,-5,-5,zero,0,-1078,-10,-6
1597653323136886366,first,1,1308,-7,-5,fourth,4,815,0,-6,second,2,1566,0,-5,third,3,1234,0,-6,zero,0,-1096,-9,-3
1597653323249064253,first,1,1293,-7,-7,fourth,4,815,0,-6,second,2,1566,0,-5,third,3,1234,0,-5,zero,0,-1109,-7,-7
1597653323360997246,first,1,1281,-6,-6,fourth,4,815,0,-6,second,2,1566,0,-5,third,3,1234,0,-7,zero,0,-1120,-5,-7
1597653323361075121,first,1,1281,-6,-6,fourth,4,815,0,-6,second,2,1566,0,-5,third,3,1234,0,-7,zero,0,-1120,-5,-7
1597653323473058290,first,1,1270,-5,-4,fourth,4,815,0,-6,second,2,1566,0,-6,third,3,1234,0,-7,zero,0,-1129,-4,-5
1597653323584962618,first,1,1263,-3,-7,fourth,4,815,0,-6,second,2,1566,0,-6,third,3,1234,0,-4,zero,0,-1139,-4,-8
1597653323696774892,first,1,1255,-3,-6,fourth,4,815,0,-6,second,2,1566,0,-6,third,3,1233,0,-7,zero,0,-1155,-7,-7
1597653323809006802,first,1,1244,-4,-5,fourth,4,815,0,-6,second,2,1566,0,-5,third,3,1233,0,-6,zero,0,-1164,-3,-5
1597653323921267844,first,1,1237,-2,-7,fourth,4,815,0,-6,second,2,1566,0,-5,third,3,1233,0,-7,zero,0,-1163,0,-8
1597653324033116505,first,1,1238,0,-6,fourth,4,814,0,-6,second,2,1566,0,-6,third,3,1233,0,-5,zero,0,-1163,0,-7
1597653324144937697,first,1,1237,0,-5,fourth,4,815,0,-6,second,2,1566,0,-5,third,3,1225,-3,-5,zero,0,-1164,0,-6
1597653324256856950,first,1,1238,0,-6,fourth,4,815,0,-6,second,2,1566,0,-5,third,3,1206,-9,-6,zero,0,-1164,0,-5
1597653324257892781,first,1,1238,0,-6,fourth,4,815,0,-6,second,2,1566,0,-5,third,3,1206,-9,-6,zero,0,-1164,0,-5
1597653324368983897,first,1,1237,0,-5,fourth,4,815,0,-6,second,2,1566,0,-6,third,3,1189,-8,-5,zero,0,-1164,0,-3
1597653324480984259,first,1,1237,0,-6,fourth,4,815,0,-6,second,2,1566,0,-6,third,3,1179,-5,-5,zero,0,-1172,-4,-6
1597653324593013821,first,1,1236,0,-5,fourth,4,814,0,-6,second,2,1566,0,-6,third,3,1178,0,-5,zero,0,-1190,-8,-8
1597653324705094085,first,1,1221,-7,-4,fourth,4,815,0,-6,second,2,1566,0,-6,third,3,1178,0,-7,zero,0,-1206,-8,-7
1597653324816980001,first,1,1202,-9,-4,fourth,4,815,0,-6,second,2,1565,0,-5,third,3,1178,0,-6,zero,0,-1224,-8,-8
1597653324928973468,first,1,1183,-9,-6,fourth,4,814,0,-6,second,2,1563,0,-7,third,3,1178,0,-5,zero,0,-1244,-10,-5
1597653325040964580,first,1,1167,-9,-4,fourth,4,814,0,-6,second,2,1547,-9,-6,third,3,1173,-1,-7,zero,0,-1264,-10,-6
1597653325152915652,first,1,1151,-8,-6,fourth,4,815,0,-6,second,2,1524,-12,-4,third,3,1154,-9,-4,zero,0,-1283,-10,-2
1597653325265067832,first,1,1136,-8,-7,fourth,4,814,0,-6,second,2,1500,-12,-6,third,3,1136,-9,-5,zero,0,-1303,-10,-5
1597653325376907240,first,1,1121,-7,-6,fourth,4,814,0,-6,second,2,1478,-11,-5,third,3,1120,-8,-6,zero,0,-1323,-10,-9
1597653325489017134,first,1,1108,-7,-5,fourth,4,814,0,-6,second,2,1459,-10,-7,third,3,1107,-7,-5,zero,0,-1341,-9,-3
1597653325601081113,first,1,1094,-7,-5,fourth,4,814,0,-6,second,2,1441,-10,-5,third,3,1094,-7,-6,zero,0,-1357,-8,-6
1597653325712937288,first,1,1082,-6,-6,fourth,4,814,0,-6,second,2,1424,-9,-7,third,3,1084,-5,-8,zero,0,-1367,-4,-7
1597653325824905285,first,1,1079,0,-4,fourth,4,814,0,-6,second,2,1411,-6,-5,third,3,1081,0,-6,zero,0,-1369,0,-6
1597653325936650719,first,1,1079,0,-5,fourth,4,814,0,-6,second,2,1402,-4,-8,third,3,1081,0,-6,zero,0,-1369,0,-3
1597653326048753599,first,1,1079,0,-5,fourth,4,814,0,-6,second,2,1401,0,-5,third,3,1080,0,-6,zero,0,-1370,0,-4
1597653326048805542,first,1,1079,0,-5,fourth,4,814,0,-6,second,2,1401,0,-5,third,3,1080,0,-6,zero,0,-1370,0,-4
1597653326160916209,first,1,1079,0,-4,fourth,4,814,0,-6,second,2,1401,0,-5,third,3,1077,0,-6,zero,0,-1370,0,-5
1597653326272902257,first,1,1079,0,-6,fourth,4,814,0,-6,second,2,1401,0,-5,third,3,1065,-5,-5,zero,0,-1370,0,-5
1597653326385050775,first,1,1079,0,-5,fourth,4,812,0,-5,second,2,1401,0,-5,third,3,1052,-6,-5,zero,0,-1371,0,-5
1597653326496900434,first,1,1079,0,-5,fourth,4,803,-3,-7,second,2,1402,0,-6,third,3,1040,-5,-5,zero,0,-1371,0,-8
1597653326608875677,first,1,1080,0,-5,fourth,4,795,-3,-6,second,2,1401,0,-6,third,3,1030,-5,-5,zero,0,-1376,-2,-4
1597653326608951668,first,1,1080,0,-5,fourth,4,795,-3,-6,second,2,1401,0,-6,third,3,1030,-5,-5,zero,0,-1376,-2,-4
1597653326720922255,first,1,1079,0,-5,fourth,4,795,0,-6,second,2,1401,0,-5,third,3,1020,-5,-5,zero,0,-1385,-3,-4
1597653326832897453,first,1,1079,0,-5,fourth,4,795,0,-5,second,2,1401,0,-6,third,3,1011,-4,-5,zero,0,-1393,-3,-8
1597653326944819803,first,1,1077,0,-4,fourth,4,794,0,-4,second,2,1401,0,-6,third,3,1008,-1,-4,zero,0,-1405,-5,-3
1597653327056781544,first,1,1061,-7,-7,fourth,4,795,0,-6,second,2,1400,0,-5,third,3,1007,0,-5,zero,0,-1417,-5,-5
1597653327168822770,first,1,1045,-8,-6,fourth,4,794,0,-4,second,2,1401,0,-5,third,3,1006,0,-6,zero,0,-1428,-5,-6
1597653327280756687,first,1,1031,-7,-5,fourth,4,794,0,-5,second,2,1400,0,-5,third,3,1000,-1,-7,zero,0,-1445,-7,-7
1597653327392776574,first,1,1017,-7,-6,fourth,4,794,0,-5,second,2,1397,-1,-5,third,3,988,-5,-6,zero,0,-1460,-7,-4
1597653327505053463,first,1,1005,-6,-5,fourth,4,787,-2,-7,second,2,1376,-11,-6,third,3,977,-5,-6,zero,0,-1471,-5,-5
1597653327616286150,first,1,999,-2,-5,fourth,4,775,-5,-4,second,2,1350,-13,-4,third,3,966,-5,-4,zero,0,-1484,-6,-3
1597653327728805546,first,1,998,0,-5,fourth,4,765,-5,-4,second,2,1327,-12,-6,third,3,955,-5,-7,zero,0,-1492,-3,-4
1597653327840735383,first,1,997,0,-6,fourth,4,759,-2,-5,second,2,1307,-10,-7,third,3,942,-6,-4,zero,0,-1492,0,-8
1597653327952848866,first,1,997,0,-3,fourth,4,759,0,-6,second,2,1288,-10,-5,third,3,928,-7,-5,zero,0,-1492,0,-6
1597653328064817234,first,1,998,0,-6,fourth,4,758,0,-7,second,2,1273,-8,-6,third,3,917,-5,-6,zero,0,-1492,0,-6
1597653328176945352,first,1,997,0,-6,fourth,4,749,-3,-5,second,2,1260,-6,-5,third,3,912,-2,-4,zero,0,-1492,0,-6
1597653328288779016,first,1,997,0,-6,fourth,4,738,-5,-7,second,2,1253,-3,-5,third,3,911,0,-6,zero,0,-1492,0,-6
1597653328400900827,first,1,998,0,-6,fourth,4,736,0,-5,second,2,1253,0,-5,third,3,902,-4,-7,zero,0,-1492,0,-6
1597653328512723567,first,1,998,0,-6,fourth,4,736,0,-5,second,2,1253,0,-5,third,3,890,-5,-4,zero,0,-1492,0,-6
1597653328624792304,first,1,998,0,-6,fourth,4,736,0,-4,second,2,1253,0,-5,third,3,888,0,-5,zero,0,-1492,0,-6
1597653328736679160,first,1,997,0,-6,fourth,4,736,0,-6,second,2,1253,0,-5,third,3,887,0,-6,zero,0,-1492,0,-5
1597653328848751861,first,1,998,0,-6,fourth,4,736,0,-6,second,2,1253,0,-6,third,3,887,0,-7,zero,0,-1492,0,-6
1597653328960699668,first,1,997,0,-5,fourth,4,736,0,-5,second,2,1253,0,-5,third,3,888,0,-6,zero,0,-1492,0,-6
1597653329072744065,first,1,997,0,-4,fourth,4,736,0,-5,second,2,1253,0,-7,third,3,887,0,-6,zero,0,-1493,0,-5
1597653329184801664,first,1,998,0,-4,fourth,4,735,0,-5,second,2,1253,0,-7,third,3,887,0,-6,zero,0,-1493,0,-5
1597653329296865881,first,1,998,0,-6,fourth,4,735,0,-5,second,2,1253,0,-6,third,3,886,0,-6,zero,0,-1493,0,-4
1597653329408576019,first,1,997,0,-5,fourth,4,736,0,-4,second,2,1253,0,-5,third,3,884,0,-5,zero,0,-1493,0,-7
1597653329520598953,first,1,997,0,-4,fourth,4,736,0,-6,second,2,1253,0,-5,third,3,875,-3,-6,zero,0,-1492,0,-4
1597653329632712653,first,1,998,0,-5,fourth,4,736,0,-5,second,2,1253,0,-6,third,3,864,-4,-7,zero,0,-1494,0,-6
1597653329744705353,first,1,998,0,-5,fourth,4,733,0,-6,second,2,1253,0,-5,third,3,857,-4,-7,zero,0,-1494,0,-6
1597653329856525850,first,1,997,0,-6,fourth,4,722,-5,-7,second,2,1253,0,-6,third,3,856,0,-7,zero,0,-1494,0,-4
1597653329968188581,first,1,997,0,-5,fourth,4,718,-1,-5,second,2,1253,0,-4,third,3,856,0,-6,zero,0,-1494,0,-6
1597653330080576454,first,1,998,0,-6,fourth,4,717,0,-6,second,2,1253,0,-6,third,3,855,0,-5,zero,0,-1496,0,-6
1597653330080638024,first,1,998,0,-6,fourth,4,717,0,-6,second,2,1253,0,-6,third,3,855,0,-5,zero,0,-1496,0,-6
1597653330192688838,first,1,998,0,-6,fourth,4,717,0,-5,second,2,1253,0,-6,third,3,853,0,-5,zero,0,-1508,-5,-10
1597653330304966437,first,1,997,0,-5,fourth,4,717,0,-5,second,2,1253,0,-4,third,3,838,-7,-5,zero,0,-1523,-7,-8
1597653330416742596,first,1,994,0,-5,fourth,4,716,0,-6,second,2,1253,0,-6,third,3,820,-9,-5,zero,0,-1529,-1,-5
1597653330528672179,first,1,981,-5,-4,fourth,4,708,-3,-5,second,2,1252,0,-4,third,3,807,-7,-5,zero,0,-1529,0,-5
1597653330640235912,first,1,974,-3,-5,fourth,4,696,-6,-6,second,2,1247,-3,-5,third,3,798,-4,-6,zero,0,-1530,0,-5
1597653330752523188,first,1,974,0,-5,fourth,4,695,0,-5,second,2,1223,-13,-6,third,3,796,0,-5,zero,0,-1529,0,-5
1597653330864414857,first,1,975,0,-5,fourth,4,695,0,-6,second,2,1197,-13,-6,third,3,795,0,-7,zero,0,-1530,0,-5
1597653330864521514,first,1,975,0,-5,fourth,4,695,0,-6,second,2,1197,-13,-6,third,3,795,0,-7,zero,0,-1530,0,-5
1597653330976652881,first,1,974,0,-5,fourth,4,694,0,-6,second,2,1177,-10,-6,third,3,790,-1,-5,zero,0,-1531,0,-6
1597653331088834144,first,1,974,0,-5,fourth,4,693,0,-4,second,2,1161,-9,-6,third,3,773,-8,-6,zero,0,-1531,0,-5
1597653331200703105,first,1,974,0,-5,fourth,4,682,-5,-6,second,2,1143,-9,-6,third,3,754,-9,-5,zero,0,-1531,0,-4
1597653331312588036,first,1,974,0,-5,fourth,4,664,-8,-5,second,2,1125,-9,-5,third,3,736,-9,-5,zero,0,-1532,0,-4
1597653331424483584,first,1,974,0,-5,fourth,4,649,-7,-5,second,2,1106,-9,-5,third,3,718,-9,-5,zero,0,-1543,-6,-5
1597653331536611503,first,1,974,0,-6,fourth,4,644,-2,-6,second,2,1090,-8,-6,third,3,704,-7,-7,zero,0,-1561,-9,-5
1597653331648585015,first,1,974,0,-6,fourth,4,644,0,-7,second,2,1077,-6,-4,third,3,696,-3,-7,zero,0,-1575,-6,-9
1597653331760583262,first,1,973,0,-5,fourth,4,644,0,-5,second,2,1071,-2,-6,third,3,696,0,-6,zero,0,-1578,0,-5
1597653331872513563,first,1,974,0,-5,fourth,4,644,0,-5,second,2,1071,0,-5,third,3,696,0,-7,zero,0,-1578,0,-5
1597653331984436312,first,1,973,0,-7,fourth,4,644,0,-6,second,2,1071,0,-6,third,3,696,0,-4,zero,0,-1578,0,-5
1597653332096693540,first,1,974,0,-6,fourth,4,644,0,-6,second,2,1071,0,-6,third,3,695,0,-6,zero,0,-1578,0,-5
1597653332208577294,first,1,973,0,-5,fourth,4,644,0,-6,second,2,1071,0,-6,third,3,695,0,-4,zero,0,-1578,0,-6
1597653332320534061,first,1,973,0,-6,fourth,4,644,0,-5,second,2,1071,0,-5,third,3,695,0,-5,zero,0,-1578,0,-5
1597653332432611674,first,1,973,0,-5,fourth,4,644,0,-5,second,2,1071,0,-5,third,3,687,-3,-5,zero,0,-1578,0,-5
1597653332544503639,first,1,973,0,-5,fourth,4,640,0,-7,second,2,1071,0,-6,third,3,671,-8,-5,zero,0,-1578,0,-5
1597653332656535177,first,1,973,0,-5,fourth,4,623,-8,-7,second,2,1071,0,-6,third,3,655,-8,-5,zero,0,-1578,0,-5
1597653332768496924,first,1,973,0,-6,fourth,4,613,-5,-6,second,2,1071,0,-5,third,3,642,-6,-4,zero,0,-1578,0,-5
1597653332880532036,first,1,973,0,-6,fourth,4,613,0,-5,second,2,1071,0,-5,third,3,639,-1,-5,zero,0,-1578,0,-5
1597653332992073105,first,1,973,0,-5,fourth,4,613,0,-5,second,2,1071,0,-6,third,3,639,0,-6,zero,0,-1578,0,-5
1597653333104418769,first,1,973,0,-4,fourth,4,613,0,-6,second,2,1071,0,-5,third,3,639,0,-6,zero,0,-1578,0,-5
1597653333216507567,first,1,973,0,-5,fourth,4,613,0,-5,second,2,1071,0,-5,third,3,639,0,-6,zero,0,-1579,0,-6
1597653333328462674,first,1,973,0,-7,fourth,4,613,0,-5,second,2,1071,0,-6,third,3,639,0,-5,zero,0,-1578,0,-6
1597653333440423667,first,1,973,0,-5,fourth,4,613,0,-6,second,2,1071,0,-6,third,3,639,0,-4,zero,0,-1578,0,-6
1597653333552615919,first,1,973,0,-6,fourth,4,613,0,-6,second,2,1071,0,-5,third,3,639,0,-6,zero,0,-1578,0,-6
1597653333664524951,first,1,973,0,-5,fourth,4,613,0,-5,second,2,1071,0,-6,third,3,639,0,-7,zero,0,-1578,0,-4
1597653333776502540,first,1,973,0,-4,fourth,4,613,0,-6,second,2,1071,0,-6,third,3,639,0,-6,zero,0,-1579,0,-5
1597653333888465708,first,1,973,0,-7,fourth,4,613,0,-5,second,2,1071,0,-6,third,3,638,0,-6,zero,0,-1579,0,-4
1597653334000675851,first,1,973,0,-5,fourth,4,613,0,-5,second,2,1071,0,-6,third,3,624,-7,-4,zero,0,-1579,0,-4
1597653334112352777,first,1,973,0,-7,fourth,4,613,0,-6,second,2,1071,0,-5,third,3,590,-17,-6,zero,0,-1580,0,-6
1597653334224438129,first,1,973,0,-5,fourth,4,613,0,-6,second,2,1063,-3,-5,third,3,547,-23,-5,zero,0,-1580,0,-5
1597653334336540984,first,1,973,0,-6,fourth,4,609,0,-7,second,2,1042,-11,-6,third,3,510,-20,-5,zero,0,-1580,0,-9
1597653334448472808,first,1,973,0,-6,fourth,4,589,-10,-5,second,2,1021,-11,-5,third,3,481,-15,-4,zero,0,-1580,0,-7
1597653334560330822,first,1,973,0,-4,fourth,4,565,-11,-5,second,2,1001,-11,-5,third,3,457,-12,-4,zero,0,-1590,-5,-8
1597653334672237352,first,1,973,0,-7,fourth,4,544,-11,-5,second,2,978,-11,-4,third,3,439,-9,-6,zero,0,-1607,-9,-5
1597653334672364138,first,1,973,0,-7,fourth,4,544,-11,-5,second,2,978,-11,-4,third,3,439,-9,-6,zero,0,-1607,-9,-5
1597653334784327102,first,1,973,0,-6,fourth,4,528,-8,-7,second,2,954,-12,-5,third,3,419,-9,-6,zero,0,-1618,-5,-6
1597653334896530322,first,1,973,0,-6,fourth,4,514,-7,-4,second,2,930,-12,-5,third,3,395,-12,-6,zero,0,-1620,0,-6
1597653335008488096,first,1,973,0,-6,fourth,4,500,-7,-4,second,2,908,-11,-6,third,3,369,-13,-5,zero,0,-1620,0,-6
1597653335120197454,first,1,973,0,-6,fourth,4,486,-7,-6,second,2,890,-10,-5,third,3,341,-14,-6,zero,0,-1620,0,-4
1597653335232536761,first,1,973,0,-5,fourth,4,471,-7,-5,second,2,871,-9,-5,third,3,316,-14,-6,zero,0,-1620,0,-5
1597653335344362422,first,1,973,0,-6,fourth,4,454,-7,-5,second,2,852,-9,-4,third,3,292,-13,-6,zero,0,-1621,0,-4
1597653335456222073,first,1,973,0,-7,fourth,4,438,-7,-4,second,2,833,-9,-6,third,3,271,-11,-5,zero,0,-1621,0,-6
1597653335568231357,first,1,973,0,-5,fourth,4,422,-7,-4,second,2,816,-9,-6,third,3,255,-8,-5,zero,0,-1621,0,-5
1597653335680140562,first,1,973,0,-6,fourth,4,408,-7,-6,second,2,800,-8,-5,third,3,238,-8,-5,zero,0,-1624,0,-3
1597653335680207215,first,1,973,0,-6,fourth,4,408,-7,-6,second,2,800,-8,-5,third,3,238,-8,-5,zero,0,-1624,0,-3
1597653335792363135,first,1,973,0,-5,fourth,4,395,-6,-6,second,2,786,-7,-5,third,3,216,-10,-5,zero,0,-1644,-10,-7
1597653335904457939,first,1,973,0,-6,fourth,4,380,-7,-6,second,2,772,-7,-4,third,3,193,-12,-4,zero,0,-1664,-10,-3
1597653336016356659,first,1,973,0,-5,fourth,4,363,-8,-4,second,2,754,-8,-4,third,3,172,-11,-6,zero,0,-1679,-8,-8
1597653336128409849,first,1,973,0,-6,fourth,4,348,-8,-6,second,2,737,-8,-4,third,3,153,-9,-5,zero,0,-1688,-3,-5
1597653336240231043,first,1,973,0,-5,fourth,4,338,-4,-5,second,2,723,-7,-5,third,3,135,-9,-5,zero,0,-1688,0,-5
1597653336352346295,first,1,973,0,-6,fourth,4,328,-4,-6,second,2,713,-5,-5,third,3,118,-9,-5,zero,0,-1688,0,-6
1597653336464274977,first,1,973,0,-5,fourth,4,318,-4,-5,second,2,704,-4,-5,third,3,102,-8,-6,zero,0,-1688,0,-6
1597653336576301608,first,1,973,0,-6,fourth,4,314,-1,-6,second,2,699,-2,-6,third,3,89,-7,-6,zero,0,-1688,0,-5
1597653336688254141,first,1,973,0,-5,fourth,4,314,0,-6,second,2,699,0,-6,third,3,82,-3,-4,zero,0,-1688,0,-7
1597653336799856606,first,1,973,0,-5,fourth,4,311,0,-6,second,2,698,0,-6,third,3,82,0,-4,zero,0,-1688,0,-5
1597653336911951218,first,1,973,0,-5,fourth,4,312,0,-5,second,2,698,0,-6,third,3,82,0,-5,zero,0,-1688,0,-5
1597653337024195558,first,1,973,0,-5,fourth,4,312,0,-5,second,2,698,0,-5,third,3,82,0,-6,zero,0,-1688,0,-6
1597653337136472392,first,1,973,0,-5,fourth,4,311,0,-6,second,2,698,0,-5,third,3,82,0,-6,zero,0,-1688,0,-5
1597653337248114752,first,1,973,0,-5,fourth,4,311,0,-6,second,2,699,0,-5,third,3,82,0,-6,zero,0,-1688,0,-5
1597653337360205148,first,1,973,0,-6,fourth,4,311,0,-5,second,2,698,0,-6,third,3,82,0,-6,zero,0,-1688,0,-5
1597653337360317139,first,1,973,0,-6,fourth,4,311,0,-5,second,2,698,0,-6,third,3,82,0,-6,zero,0,-1688,0,-5
1597653337472220559,first,1,973,0,-5,fourth,4,311,0,-6,second,2,698,0,-6,third,3,82,0,-6,zero,0,-1688,0,-6
1597653337584159908,first,1,973,0,-6,fourth,4,311,0,-6,second,2,698,0,-6,third,3,82,0,-6,zero,0,-1688,0,-5
1597653337696230651,first,1,973,0,-5,fourth,4,311,0,-5,second,2,698,0,-6,third,3,82,0,-6,zero,0,-1688,0,-7
1597653337808171602,first,1,973,0,-6,fourth,4,311,0,-4,second,2,699,0,-6,third,3,80,0,-7,zero,0,-1688,0,-5
1597653337920134478,first,1,973,0,-5,fourth,4,311,0,-4,second,2,698,0,-5,third,3,66,-7,-6,zero,0,-1688,0,-6
1597653338032368886,first,1,973,0,-6,fourth,4,302,-4,-7,second,2,698,0,-7,third,3,46,-9,-5,zero,0,-1691,0,-5
1597653338144178150,first,1,973,0,-6,fourth,4,284,-8,-6,second,2,698,0,-6,third,3,25,-10,-5,zero,0,-1705,-7,-6
1597653338256140718,first,1,973,0,-6,fourth,4,272,-6,-5,second,2,698,0,-5,third,3,6,-10,-5,zero,0,-1722,-8,-8
1597653338368213903,first,1,973,0,-5,fourth,4,261,-5,-7,second,2,698,0,-6,third,3,-10,-9,-6,zero,0,-1728,-1,-6
1597653338480155842,first,1,973,0,-4,fourth,4,251,-5,-4,second,2,698,0,-7,third,3,-21,-5,-5,zero,0,-1728,0,-5
1597653338592012322,first,1,973,0,-6,fourth,4,244,-3,-6,second,2,698,0,-6,third,3,-24,0,-6,zero,0,-1728,0,-4
1597653338704063335,first,1,973,0,-6,fourth,4,244,0,-5,second,2,698,0,-5,third,3,-24,0,-4,zero,0,-1728,0,-5
1597653338816111714,first,1,973,0,-6,fourth,4,244,0,-5,second,2,698,0,-7,third,3,-23,0,-5,zero,0,-1728,0,-5
1597653338928178272,first,1,973,0,-5,fourth,4,244,0,-6,second,2,698,0,-4,third,3,-24,0,-6,zero,0,-1728,0,-5
1597653339039983736,first,1,973,0,-5,fourth,4,244,0,-6,second,2,698,0,-6,third,3,-24,0,-6,zero,0,-1728,0,-6
1597653339151966566,first,1,973,0,-5,fourth,4,244,0,-5,second,2,698,0,-6,third,3,-23,0,-6,zero,0,-1728,0,-7
1597653339263696120,first,1,973,0,-5,fourth,4,244,0,-6,second,2,697,0,-5,third,3,-23,0,-5,zero,0,-1728,0,-6
1597653339375691998,first,1,973,0,-6,fourth,4,244,0,-6,second,2,698,0,-5,third,3,-24,0,-7,zero,0,-1728,0,-5
1597653339375746055,first,1,973,0,-6,fourth,4,244,0,-6,second,2,698,0,-5,third,3,-24,0,-7,zero,0,-1728,0,-5
1597653339487823168,first,1,973,0,-5,fourth,4,244,0,-5,second,2,697,0,-5,third,3,-24,0,-5,zero,0,-1728,0,-6
1597653339599706712,first,1,973,0,-5,fourth,4,244,0,-5,second,2,698,0,-6,third,3,-24,0,-6,zero,0,-1729,0,-6
1597653339711450840,first,1,973,0,-5,fourth,4,244,0,-6,second,2,698,0,-6,third,3,-24,0,-5,zero,0,-1729,0,-7
1597653339823476826,first,1,973,0,-6,fourth,4,244,0,-5,second,2,697,0,-5,third,3,-23,0,-6,zero,0,-1729,0,-6
1597653339935625402,first,1,973,0,-5,fourth,4,244,0,-5,second,2,698,0,-6,third,3,-23,0,-6,zero,0,-1729,0,-6
1597653340048288520,first,1,973,0,-6,fourth,4,244,0,-6,second,2,698,0,-5,third,3,-24,0,-6,zero,0,-1729,0,-6
1597653340160649263,first,1,973,0,-7,fourth,4,244,0,-6,second,2,698,0,-6,third,3,-24,0,-6,zero,0,-1729,0,-7
1597653340273176605,first,1,973,0,-5,fourth,4,244,0,-5,second,2,698,0,-6,third,3,-24,0,-6,zero,0,-1729,0,-5
1597653340384124737,first,1,973,0,-6,fourth,4,244,0,-5,second,2,698,0,-6,third,3,-23,0,-7,zero,0,-1730,0,-6
1597653340496145091,first,1,973,0,-6,fourth,4,244,0,-5,second,2,698,0,-5,third,3,-24,0,-7,zero,0,-1730,0,-6
1597653340608336231,first,1,974,0,-5,fourth,4,243,0,0,second,2,698,0,-5,third,3,-24,0,-7,zero,0,-1730,0,-6
1597653340719970202,first,1,973,0,-5,fourth,4,244,0,-6,second,2,698,0,-6,third,3,-24,0,-5,zero,0,-1730,0,-5
1597653340835685981,first,1,973,0,-6,fourth,4,243,0,-6,second,2,698,0,-5,third,3,-24,0,-6,zero,0,-1730,0,-6
1597653340944034113,first,1,973,0,-5,fourth,4,243,0,-5,second,2,698,0,-5,third,3,-23,0,-6,zero,0,-1730,0,-6
1597653341055987844,first,1,973,0,-5,fourth,4,243,0,-6,second,2,698,0,-5,third,3,-24,0,-7,zero,0,-1730,0,-5
1597653341168009700,first,1,973,0,-5,fourth,4,244,0,-6,second,2,698,0,-6,third,3,-24,0,-4,zero,0,-1730,0,-5
1597653341280023542,first,1,973,0,-5,fourth,4,244,0,-5,second,2,698,0,-5,third,3,-24,0,-6,zero,0,-1731,0,-7
1597653341392046982,first,1,973,0,-4,fourth,4,244,0,-6,second,2,698,0,-5,third,3,-24,0,-6,zero,0,-1731,0,-5
1597653341504252319,first,1,973,0,-5,fourth,4,244,0,-5,second,2,698,0,-5,third,3,-24,0,-6,zero,0,-1731,0,-7
1597653341616150589,first,1,973,0,-5,fourth,4,243,0,-6,second,2,698,0,-5,third,3,-24,0,-7,zero,0,-1731,0,1
1597653341728158491,first,1,973,0,-5,fourth,4,244,0,-6,second,2,698,0,-5,third,3,-24,0,-5,zero,0,-1731,0,-4
1597653341839896965,first,1,973,0,-6,fourth,4,244,0,-5,second,2,698,0,-4,third,3,-23,0,-5,zero,0,-1731,0,-7
1597653341951497757,first,1,973,0,-5,fourth,4,244,0,-4,second,2,698,0,-6,third,3,-24,0,-6,zero,0,-1731,0,-8
1597653342064143351,first,1,973,0,-6,fourth,4,244,0,-5,second,2,698,0,-6,third,3,-23,0,-5,zero,0,-1732,0,-7
1597653342176084962,first,1,973,0,-5,fourth,4,244,0,-5,second,2,697,0,-7,third,3,-24,0,-6,zero,0,-1732,0,-5
1597653342288080005,first,1,973,0,-5,fourth,4,243,0,-6,second,2,698,0,-5,third,3,-24,0,-7,zero,0,-1732,0,-6
1597653342400316427,first,1,973,0,-5,fourth,4,243,0,-4,second,2,698,0,-6,third,3,-24,0,-6,zero,0,-1732,0,-6
1597653342511931647,first,1,973,0,-6,fourth,4,243,0,-6,second,2,698,0,-5,third,3,-24,0,-6,zero,0,-1732,0,-6
1597653342623949082,first,1,973,0,-6,fourth,4,244,0,-5,second,2,698,0,-6,third,3,-24,0,-6,zero,0,-1732,0,-6
1597653342735838302,first,1,973,0,-6,fourth,4,243,0,-5,second,2,698,0,-6,third,3,-24,0,-6,zero,0,-1732,0,-4
1597653342735895899,first,1,973,0,-6,fourth,4,243,0,-5,second,2,698,0,-6,third,3,-24,0,-6,zero,0,-1732,0,-4
1597653342848075440,first,1,973,0,-6,fourth,4,244,0,-6,second,2,697,0,-4,third,3,-24,0,-5,zero,0,-1732,0,-3
1597653342959858404,first,1,973,0,-6,fourth,4,243,0,-6,second,2,698,0,-6,third,3,-24,0,-6,zero,0,-1732,0,-4
1597653343072012810,first,1,973,0,-5,fourth,4,244,0,-6,second,2,697,0,-5,third,3,-25,0,-6,zero,0,-1732,0,-5
1597653343183962233,first,1,973,0,-6,fourth,4,243,0,-5,second,2,698,0,-6,third,3,-25,0,-4,zero,0,-1732,0,-6
1597653343296215499,first,1,973,0,-5,fourth,4,243,0,-4,second,2,698,0,-6,third,3,-25,0,-5,zero,0,-1732,0,-6
1597653343407203576,first,1,973,0,-5,fourth,4,243,0,-4,second,2,698,0,-6,third,3,-25,0,-6,zero,0,-1732,0,-7
1597653343520008818,first,1,973,0,-6,fourth,4,244,0,-2,second,2,698,0,-6,third,3,-25,0,-4,zero,0,-1732,0,-4
1597653343631939641,first,1,973,0,-6,fourth,4,243,0,-5,second,2,698,0,-5,third,3,-25,0,-5,zero,0,-1733,0,-5
1597653343744062643,first,1,973,0,-6,fourth,4,243,0,-5,second,2,698,0,-5,third,3,-26,0,-4,zero,0,-1733,0,-4
1597653343855991679,first,1,973,0,-4,fourth,4,243,0,-5,second,2,698,0,-5,third,3,-26,0,-6,zero,0,-1733,0,-7
1597653343967840184,first,1,973,0,-6,fourth,4,243,0,-6,second,2,698,0,-5,third,3,-26,0,-5,zero,0,-1733,0,-6
1597653344079898747,first,1,973,0,-6,fourth,4,243,0,-5,second,2,698,0,-6,third,3,-26,0,-6,zero,0,-1733,0,-5
1597653344191856862,first,1,973,0,-6,fourth,4,244,0,-6,second,2,698,0,-6,third,3,-26,0,-5,zero,0,-1733,0,-5
1597653344303739040,first,1,973,0,-6,fourth,4,243,0,-7,second,2,697,0,-5,third,3,-26,0,-5,zero,0,-1733,0,-7
1597653344417624935,first,1,973,0,-6,fourth,4,243,0,-6,second,2,698,0,-5,third,3,-26,0,-6,zero,0,-1733,0,-4
1597653344527933668,first,1,973,0,-5,fourth,4,243,0,-5,second,2,698,0,-6,third,3,-26,0,-5,zero,0,-1733,0,-6
1597653344639185739,first,1,973,0,-6,fourth,4,243,0,-5,second,2,698,0,-7,third,3,-26,0,-4,zero,0,-1734,0,-6
1597653344751197649,first,1,973,0,-6,fourth,4,243,0,-6,second,2,697,0,-5,third,3,-26,0,-6,zero,0,-1734,0,-5
1597653344863199216,first,1,973,0,-6,fourth,4,243,0,-5,second,2,698,0,-4,third,3,-26,0,-5,zero,0,-1733,0,-5
1597653344975146917,first,1,973,0,-5,fourth,4,243,0,-6,second,2,698,0,-5,third,3,-26,0,-6,zero,0,-1733,0,-5
1597653345087099532,first,1,973,0,-6,fourth,4,243,0,-5,second,2,698,0,-6,third,3,-26,0,-6,zero,0,-1734,0,-5
1597653345199955865,first,1,973,0,-5,fourth,4,242,0,-6,second,2,697,0,-7,third,3,-27,0,-7,zero,0,-1735,0,-4
1597653345311933898,first,1,973,0,-5,fourth,4,243,0,-6,second,2,698,0,-5,third,3,-27,0,-7,zero,0,-1734,0,-6
1597653345312001498,first,1,973,0,-5,fourth,4,243,0,-6,second,2,698,0,-5,third,3,-27,0,-7,zero,0,-1734,0,-6
1597653345423828684,first,1,973,0,-4,fourth,4,242,0,-5,second,2,698,0,-6,third,3,-27,0,-5,zero,0,-1734,0,-5
1597653345535847843,first,1,973,0,-5,fourth,4,242,0,-6,second,2,697,0,-6,third,3,-27,0,-5,zero,0,-1735,0,-6
1597653345647901495,first,1,973,0,-5,fourth,4,242,0,-5,second,2,698,0,-4,third,3,-27,0,-5,zero,0,-1735,0,-5
1597653345759754623,first,1,973,0,-5,fourth,4,242,0,-5,second,2,698,0,-6,third,3,-29,0,-6,zero,0,-1735,0,-4
1597653345871697004,first,1,973,0,-5,fourth,4,243,0,-5,second,2,698,0,-6,third,3,-29,0,-4,zero,0,-1735,0,-7
1597653345983747711,first,1,973,0,-5,fourth,4,242,0,-5,second,2,698,0,-5,third,3,-29,0,-5,zero,0,-1735,0,-3
1597653346095733298,first,1,973,0,-6,fourth,4,242,0,-6,second,2,698,0,-6,third,3,-30,0,-6,zero,0,-1735,0,-1
1597653346207231098,first,1,973,0,-6,fourth,4,242,0,-5,second,2,698,0,-6,third,3,-30,0,-6,zero,0,-1735,0,-5
1597653346319815515,first,1,973,0,-4,fourth,4,242,0,-5,second,2,698,0,-5,third,3,-30,0,-4,zero,0,-1736,0,-4
1597653346431693803,first,1,973,0,-4,fourth,4,242,0,-4,second,2,698,0,-6,third,3,-30,0,-5,zero,0,-1736,0,-6
1597653346543707639,first,1,973,0,-6,fourth,4,242,0,-6,second,2,698,0,-5,third,3,-31,0,-4,zero,0,-1736,0,-4
1597653346655703839,first,1,973,0,-5,fourth,4,242,0,-4,second,2,698,0,-5,third,3,-31,0,-7,zero,0,-1736,0,-5
1597653346767698768,first,1,973,0,-6,fourth,4,242,0,-6,second,2,697,0,-5,third,3,-31,0,-6,zero,0,-1736,0,-7
1597653346879729044,first,1,973,0,-6,fourth,4,242,0,-5,second,2,698,0,-6,third,3,-31,0,-4,zero,0,-1736,0,-5
1597653346991758318,first,1,973,0,-6,fourth,4,242,0,-5,second,2,698,0,-6,third,3,-31,0,-5,zero,0,-1736,0,-6
1597653347103083756,first,1,973,0,-6,fourth,4,241,0,-5,second,2,698,0,-4,third,3,-31,0,-6,zero,0,-1736,0,-7
1597653347214964012,first,1,973,0,-4,fourth,4,242,0,-5,second,2,698,0,-5,third,3,-31,0,-5,zero,0,-1737,0,-6
1597653347327772106,first,1,973,0,-5,fourth,4,242,0,-5,second,2,698,0,-5,third,3,-31,0,-4,zero,0,-1737,0,-5
1597653347439518739,first,1,973,0,-6,fourth,4,242,0,-6,second,2,698,0,-5,third,3,-31,0,-5,zero,0,-1736,0,-7
1597653347631122095,first,1,973,0,-2,fourth,4,242,0,-3,second,2,698,0,-3,third,3,-31,0,-1,zero,0,-1733,1,0
1597653347742937857,first,1,973,0,-1,fourth,4,242,0,-3,second,2,698,0,-3,third,3,-31,0,0,zero,0,-1724,3,0
1597653347855504374,first,1,975,0,-1,fourth,4,242,0,-3,second,2,698,0,-3,third,3,-31,0,0,zero,0,-1715,4,0
1597653347967834007,first,1,980,1,-1,fourth,4,242,0,-2,second,2,698,0,-3,third,3,-31,0,0,zero,0,-1710,1,0
1597653348079621214,first,1,990,4,-1,fourth,4,242,0,-2,second,2,698,0,-3,third,3,-31,0,0,zero,0,-1706,1,0
1597653348191498552,first,1,1004,6,-1,fourth,4,242,0,-2,second,2,698,0,-3,third,3,-31,0,0,zero,0,-1700,1,0
1597653348303582225,first,1,1020,7,-1,fourth,4,242,0,-2,second,2,698,0,-3,third,3,-33,0,0,zero,0,-1691,3,0
1597653348415602131,first,1,1038,9,-1,fourth,4,242,0,-2,second,2,698,0,-3,third,3,-31,0,0,zero,0,-1678,6,0
1597653348527624076,first,1,1055,9,-1,fourth,4,242,0,-2,second,2,698,0,-3,third,3,-31,0,0,zero,0,-1659,9,0
1597653348639574512,first,1,1072,9,-1,fourth,4,242,0,-2,second,2,697,0,-3,third,3,-31,0,0,zero,0,-1636,11,0
1597653348751678666,first,1,1091,9,-1,fourth,4,242,0,-2,second,2,698,0,-3,third,3,-31,0,0,zero,0,-1611,12,0
1597653348863552228,first,1,1113,11,-1,fourth,4,242,0,-2,second,2,698,0,-3,third,3,-31,0,0,zero,0,-1588,12,0
1597653348975587663,first,1,1132,11,-1,fourth,4,242,0,-2,second,2,698,0,-3,third,3,-31,0,0,zero,0,-1566,11,0
1597653349087497624,first,1,1148,8,-1,fourth,4,242,0,-2,second,2,698,0,-3,third,3,-31,0,0,zero,0,-1548,9,0
1597653349199531012,first,1,1165,8,-1,fourth,4,242,0,-2,second,2,698,0,-3,third,3,-31,0,0,zero,0,-1532,8,0
1597653349311506871,first,1,1184,9,-1,fourth,4,242,0,-2,second,2,698,0,-3,third,3,-31,0,0,zero,0,-1518,7,0
1597653349423668228,first,1,1208,11,-1,fourth,4,242,0,-2,second,2,698,0,-3,third,3,-31,0,0,zero,0,-1503,7,0
1597653349535552363,first,1,1231,11,-1,fourth,4,242,0,-2,second,2,698,0,-3,third,3,-31,0,0,zero,0,-1486,8,0
1597653349647697911,first,1,1250,10,-1,fourth,4,242,0,-2,second,2,698,0,-3,third,3,-31,0,0,zero,0,-1467,9,0
1597653349759351801,first,1,1271,10,-1,fourth,4,242,0,-2,second,2,698,0,-3,third,3,-31,0,0,zero,0,-1446,9,0
1597653349871252252,first,1,1291,10,-1,fourth,4,242,0,-2,second,2,698,0,-3,third,3,-30,0,0,zero,0,-1423,11,0
1597653349871315578,first,1,1291,10,-1,fourth,4,242,0,-2,second,2,698,0,-3,third,3,-30,0,0,zero,0,-1423,11,0
1597653349983527096,first,1,1307,9,-1,fourth,4,241,0,-2,second,2,697,0,-3,third,3,-24,1,0,zero,0,-1399,12,0
1597653350095481401,first,1,1324,8,-1,fourth,4,242,0,-2,second,2,698,0,-3,third,3,-19,1,0,zero,0,-1375,12,0
1597653350207458664,first,1,1343,9,-1,fourth,4,242,0,-2,second,2,698,0,-3,third,3,-14,1,0,zero,0,-1355,10,0
1597653350319534263,first,1,1365,11,-1,fourth,4,241,0,-2,second,2,698,0,-3,third,3,-10,1,0,zero,0,-1337,10,0
1597653350431470280,first,1,1389,11,-1,fourth,4,242,0,-2,second,2,698,0,-3,third,3,-4,1,0,zero,0,-1319,9,0
1597653350543489218,first,1,1412,11,-1,fourth,4,242,0,-2,second,2,698,0,-3,third,3,-1,1,0,zero,0,-1299,9,0
1597653350654779423,first,1,1437,12,-1,fourth,4,242,0,-2,second,2,698,0,-3,third,3,0,0,0,zero,0,-1277,10,0
1597653350767607769,first,1,1466,15,-1,fourth,4,242,0,-2,second,2,698,0,-3,third,3,1,0,0,zero,0,-1253,11,0
1597653350879550990,first,1,1499,17,-1,fourth,4,242,0,-2,second,2,698,0,-3,third,3,2,0,0,zero,0,-1226,13,0
1597653350991108880,first,1,1534,18,-1,fourth,4,242,0,-2,second,2,698,0,-3,third,3,3,0,0,zero,0,-1196,15,0
1597653351103513623,first,1,1575,21,-1,fourth,4,242,0,-2,second,2,698,0,-3,third,3,3,0,0,zero,0,-1163,17,0
1597653351215464528,first,1,1619,23,-1,fourth,4,242,0,-2,second,2,698,0,-3,third,3,3,0,0,zero,0,-1127,19,0
1597653351327448068,first,1,1664,24,-1,fourth,4,242,0,-2,second,2,698,0,-3,third,3,3,0,0,zero,0,-1087,21,0
1597653351438837191,first,1,1707,24,-1,fourth,4,242,0,-2,second,2,698,0,-3,third,3,3,0,0,zero,0,-1046,21,0
1597653351551111940,first,1,1750,23,-1,fourth,4,242,0,-2,second,2,698,0,-3,third,3,3,0,0,zero,0,-1004,23,0
1597653351663083799,first,1,1792,23,-1,fourth,4,242,0,-2,second,2,698,0,-3,third,3,3,0,0,zero,0,-963,22,0
1597653351775301342,first,1,1835,23,-1,fourth,4,242,0,-2,second,2,698,0,-3,third,3,4,0,0,zero,0,-925,21,0
1597653351887327055,first,1,1878,23,-1,fourth,4,241,0,-2,second,2,698,0,-3,third,3,3,0,0,zero,0,-889,20,0
1597653351999229785,first,1,1919,22,-1,fourth,4,242,0,-2,second,2,698,0,-3,third,3,3,0,0,zero,0,-854,19,0
1597653352111293188,first,1,1956,20,-1,fourth,4,242,0,-2,second,2,698,0,-3,third,3,3,0,0,zero,0,-822,17,0
1597653352223261127,first,1,1989,18,-1,fourth,4,241,0,-2,second,2,698,0,-3,third,3,3,0,0,zero,0,-789,17,0
1597653352223315656,first,1,1989,18,-1,fourth,4,241,0,-2,second,2,698,0,-3,third,3,3,0,0,zero,0,-789,17,0
1597653352335480703,first,1,2020,17,-1,fourth,4,242,0,-2,second,2,698,0,-3,third,3,3,0,0,zero,0,-757,17,0
1597653352447315266,first,1,2046,14,-1,fourth,4,242,0,-2,second,2,698,0,-3,third,3,3,0,0,zero,0,-726,17,0
1597653352559341258,first,1,2067,11,-1,fourth,4,242,0,-2,second,2,698,0,-3,third,3,3,0,0,zero,0,-696,16,0
1597653352671182512,first,1,2089,11,-1,fourth,4,242,0,-2,second,2,698,0,-3,third,3,3,0,0,zero,0,-669,14,0
1597653352783436336,first,1,2108,10,-1,fourth,4,241,0,-2,second,2,698,0,-3,third,3,3,0,0,zero,0,-649,11,0
1597653352895176313,first,1,2128,10,-1,fourth,4,242,0,-2,second,2,698,0,-3,third,3,3,0,0,zero,0,-632,8,0
1597653353007117533,first,1,2145,9,-1,fourth,4,242,0,-2,second,2,698,0,-3,third,3,3,0,0,zero,0,-619,6,0
1597653353119301443,first,1,2158,7,-1,fourth,4,242,0,-2,second,2,698,0,-3,third,3,3,0,0,zero,0,-608,5,0
1597653353231109142,first,1,2167,4,-1,fourth,4,242,0,-2,second,2,698,0,-3,third,3,3,0,0,zero,0,-599,5,0
1597653353343134951,first,1,2169,0,-1,fourth,4,242,0,-2,second,2,698,0,-3,third,3,3,0,0,zero,0,-589,5,0
1597653353455252221,first,1,2169,0,-1,fourth,4,242,0,-2,second,2,698,0,-3,third,3,3,0,0,zero,0,-584,3,0
1597653353567290219,first,1,2169,0,-1,fourth,4,242,0,-2,second,2,698,0,-3,third,3,3,0,0,zero,0,-582,0,0
1597653353679308456,first,1,2169,0,-1,fourth,4,242,0,-2,second,2,698,0,-3,third,3,3,0,0,zero,0,-582,0,0
1597653353791205525,first,1,2170,0,-1,fourth,4,242,0,-2,second,2,698,0,-3,third,3,3,0,0,zero,0,-582,0,0
1597653353903214358,first,1,2171,0,-1,fourth,4,242,0,-2,second,2,698,0,-3,third,3,3,0,0,zero,0,-582,0,0
1597653354014762103,first,1,2175,0,-1,fourth,4,242,0,-2,second,2,698,0,-3,third,3,3,0,0,zero,0,-582,0,0
1597653354014794299,first,1,2175,0,-1,fourth,4,242,0,-2,second,2,698,0,-3,third,3,3,0,0,zero,0,-582,0,0
1597653354127434757,first,1,2181,1,-1,fourth,4,242,0,-2,second,2,697,0,-3,third,3,3,0,0,zero,0,-582,0,0
1597653354239199260,first,1,2184,1,-1,fourth,4,242,0,-2,second,2,698,0,-3,third,3,3,0,0,zero,0,-582,0,0
1597653354351299199,first,1,2184,0,-1,fourth,4,242,0,-2,second,2,697,0,-3,third,3,3,0,0,zero,0,-582,0,0
1597653354463256893,first,1,2184,0,-1,fourth,4,242,0,-2,second,2,697,0,-3,third,3,3,0,0,zero,0,-582,0,0
1597653354575257427,first,1,2184,0,-1,fourth,4,241,0,-2,second,2,698,0,-3,third,3,3,0,0,zero,0,-582,0,0
1597653354687084074,first,1,2184,0,-1,fourth,4,241,0,-2,second,2,698,0,-3,third,3,3,0,0,zero,0,-582,0,0
1597653354798875517,first,1,2184,0,-1,fourth,4,242,0,-2,second,2,698,0,-3,third,3,3,0,0,zero,0,-581,0,0
1597653354910903736,first,1,2184,0,-1,fourth,4,242,0,-2,second,2,698,0,-3,third,3,3,0,0,zero,0,-581,0,0
1597653355023004699,first,1,2184,0,-1,fourth,4,241,0,-2,second,2,698,0,-3,third,3,3,0,0,zero,0,-581,0,0
1597653355023060881,first,1,2184,0,-1,fourth,4,241,0,-2,second,2,698,0,-3,third,3,3,0,0,zero,0,-581,0,0
1597653355135130204,first,1,2184,0,-1,fourth,4,242,0,-2,second,2,698,0,-3,third,3,3,0,0,zero,0,-581,0,0
1597653355246991853,first,1,2184,0,-1,fourth,4,242,0,-2,second,2,698,0,-3,third,3,3,0,0,zero,0,-581,0,0
1597653355358538075,first,1,2184,0,-1,fourth,4,242,0,-2,second,2,698,0,-3,third,3,3,0,0,zero,0,-581,0,0
1597653355471318704,first,1,2184,0,-1,fourth,4,241,0,-2,second,2,698,0,-3,third,3,3,0,0,zero,0,-581,0,0
1597653355583499785,first,1,2184,0,-1,fourth,4,242,0,-2,second,2,698,0,-3,third,3,3,0,0,zero,0,-581,0,0
1597653355695207573,first,1,2184,0,-1,fourth,4,242,0,-2,second,2,698,0,-3,third,3,3,0,0,zero,0,-581,0,0
1597653355807098483,first,1,2184,0,-1,fourth,4,242,0,-2,second,2,698,0,-3,third,3,3,0,0,zero,0,-581,0,0
1597653355919089864,first,1,2184,0,-1,fourth,4,242,0,-2,second,2,698,0,-3,third,3,3,0,0,zero,0,-581,0,0
1597653355919162131,first,1,2184,0,-1,fourth,4,242,0,-2,second,2,698,0,-3,third,3,3,0,0,zero,0,-581,0,0
1597653356031038429,first,1,2184,0,-1,fourth,4,242,0,-2,second,2,698,0,-3,third,3,3,0,0,zero,0,-581,0,0
1597653356142584814,first,1,2184,0,-1,fourth,4,242,0,-2,second,2,698,0,-3,third,3,3,0,0,zero,0,-581,0,0
1597653356254423315,first,1,2184,0,-1,fourth,4,242,0,-2,second,2,697,0,-3,third,3,3,0,0,zero,0,-581,0,0
1597653356366446049,first,1,2184,0,-1,fourth,4,242,0,-2,second,2,698,0,-3,third,3,3,0,0,zero,0,-579,0,0
1597653356478646731,first,1,2184,0,-1,fourth,4,242,0,-2,second,2,698,0,-3,third,3,3,0,0,zero,0,-576,0,0
1597653356671248132,first,1,2184,0,0,fourth,4,242,0,0,second,2,698,0,0,third,3,3,0,0,zero,0,-571,0,0
1597653356782510192,first,1,2182,0,-5,fourth,4,234,-3,-6,second,2,698,0,-6,third,3,-5,-3,-4,zero,0,-577,-3,-4
1597653356895016541,first,1,2182,0,-5,fourth,4,204,-16,-5,second,2,698,0,-5,third,3,-34,-14,-5,zero,0,-589,-5,-3
1597653356895096150,first,1,2182,0,-5,fourth,4,204,-16,-5,second,2,698,0,-5,third,3,-34,-14,-5,zero,0,-589,-5,-3
1597653357007139456,first,1,2182,0,-6,fourth,4,161,-23,-6,second,2,698,0,-5,third,3,-59,-13,-5,zero,0,-591,0,-6
1597653357119084254,first,1,2181,0,-6,fourth,4,108,-29,-6,second,2,698,0,-5,third,3,-75,-8,-7,zero,0,-591,0,-7
1597653357231079923,first,1,2182,0,-6,fourth,4,47,-33,-7,second,2,698,0,-5,third,3,-81,-2,-6,zero,0,-591,0,-6
1597653357342993937,first,1,2182,0,-4,fourth,4,4,-23,-4,second,2,698,0,-5,third,3,-82,0,-5,zero,0,-591,0,-5
1597653357455011121,first,1,2182,0,-5,fourth,4,-1,-1,-5,second,2,698,0,-6,third,3,-94,-5,-5,zero,0,-591,0,-5
1597653357567159967,first,1,2182,0,-5,fourth,4,-1,0,-4,second,2,698,0,-6,third,3,-110,-8,-7,zero,0,-592,0,-5
1597653357679094812,first,1,2182,0,-4,fourth,4,-1,0,-6,second,2,698,0,-5,third,3,-119,-4,-6,zero,0,-591,0,-6
1597653357791264610,first,1,2182,0,-5,fourth,4,-6,0,-6,second,2,698,0,-6,third,3,-120,0,-7,zero,0,-591,0,-5
1597653357903713413,first,1,2182,0,-6,fourth,4,-17,-5,-6,second,2,698,0,-6,third,3,-121,0,-4,zero,0,-591,0,-6
1597653358015063887,first,1,2182,0,-5,fourth,4,-26,-4,-6,second,2,698,0,-5,third,3,-129,-3,-5,zero,0,-591,0,-5
1597653358127022399,first,1,2182,0,-6,fourth,4,-43,-8,-6,second,2,698,0,-5,third,3,-148,-10,-5,zero,0,-592,0,-9
1597653358238981161,first,1,2183,0,-6,fourth,4,-65,-10,-7,second,2,698,0,-5,third,3,-173,-13,-5,zero,0,-596,-1,-5
1597653358351009879,first,1,2183,0,-7,fourth,4,-88,-11,-7,second,2,698,0,-7,third,3,-202,-15,-4,zero,0,-613,-9,-5
1597653358462949526,first,1,2183,0,-5,fourth,4,-112,-11,-7,second,2,698,0,-6,third,3,-234,-16,-7,zero,0,-633,-10,-7
1597653358574855193,first,1,2183,0,-6,fourth,4,-135,-11,-5,second,2,697,0,-6,third,3,-264,-16,-6,zero,0,-648,-7,-4
1597653358686850282,first,1,2184,0,-5,fourth,4,-157,-11,-5,second,2,698,0,-6,third,3,-285,-11,-5,zero,0,-651,0,-5
1597653358687048123,first,1,2184,0,-5,fourth,4,-157,-11,-5,second,2,698,0,-6,third,3,-285,-11,-5,zero,0,-651,0,-5
1597653358798880970,first,1,2185,0,-8,fourth,4,-172,-7,-6,second,2,697,0,-6,third,3,-299,-7,-4,zero,0,-651,0,-7
1597653358910971143,first,1,2189,0,-4,fourth,4,-176,-1,-6,second,2,698,0,-5,third,3,-308,-4,-5,zero,0,-651,0,-6
1597653359022993059,first,1,2193,0,-7,fourth,4,-176,0,-5,second,2,698,0,-6,third,3,-310,0,-5,zero,0,-651,0,-7
1597653359135041803,first,1,2197,0,-7,fourth,4,-179,0,-5,second,2,698,0,-5,third,3,-310,0,-5,zero,0,-651,0,-6
1597653359246971329,first,1,2201,0,-4,fourth,4,-184,-1,-4,second,2,697,0,-5,third,3,-310,0,-6,zero,0,-651,0,-6
1597653359358977892,first,1,2205,0,2,fourth,4,-188,-1,-6,second,2,698,0,-6,third,3,-310,0,-4,zero,0,-651,0,-3
1597653359471004473,first,1,2210,0,-7,fourth,4,-189,0,-4,second,2,698,0,-6,third,3,-309,0,-6,zero,0,-652,0,-5
1597653359583097581,first,1,2214,0,-7,fourth,4,-189,0,-6,second,2,698,0,-5,third,3,-310,0,-7,zero,0,-652,0,-4
1597653359695050429,first,1,2220,1,-4,fourth,4,-189,0,-5,second,2,698,0,-7,third,3,-310,0,-5,zero,0,-652,0,-6
1597653359806910386,first,1,2229,3,-3,fourth,4,-190,0,-4,second,2,698,0,-6,third,3,-310,0,-5,zero,0,-652,0,-4
1597653359918845425,first,1,2238,3,0,fourth,4,-189,0,-6,second,2,698,0,-6,third,3,-309,0,-5,zero,0,-652,0,-9
1597653360030774196,first,1,2242,2,-8,fourth,4,-189,0,-6,second,2,698,0,-5,third,3,-309,0,-5,zero,0,-652,0,-7
1597653360030845729,first,1,2242,2,-8,fourth,4,-189,0,-6,second,2,698,0,-5,third,3,-309,0,-5,zero,0,-652,0,-7
1597653360143008697,first,1,2247,2,-8,fourth,4,-190,0,-6,second,2,698,0,-6,third,3,-310,0,-5,zero,0,-651,0,-4
1597653360254880164,first,1,2251,2,-1,fourth,4,-190,0,-6,second,2,698,0,-6,third,3,-310,0,-5,zero,0,-652,0,-5
1597653360366397542,first,1,2254,1,-1,fourth,4,-190,0,-5,second,2,698,0,-5,third,3,-310,0,-5,zero,0,-652,0,-4
1597653360478866501,first,1,2258,1,-1,fourth,4,-190,0,-6,second,2,698,0,-7,third,3,-310,0,-4,zero,0,-652,0,-6
1597653360591155422,first,1,2261,1,-3,fourth,4,-190,0,-5,second,2,698,0,-6,third,3,-310,0,-6,zero,0,-652,0,-5
1597653360703131379,first,1,2264,1,-6,fourth,4,-190,0,-8,second,2,698,0,-5,third,3,-310,0,-7,zero,0,-652,0,-4
1597653360814851968,first,1,2265,0,-6,fourth,4,-190,0,-5,second,2,698,0,-6,third,3,-310,0,-4,zero,0,-651,0,-5
1597653360927036515,first,1,2265,0,-6,fourth,4,-190,0,-5,second,2,698,0,-5,third,3,-310,0,-5,zero,0,-651,0,-6
1597653361038815865,first,1,2265,0,-7,fourth,4,-190,0,-4,second,2,697,0,-6,third,3,-310,0,-4,zero,0,-651,0,-8
1597653361150884493,first,1,2266,0,-6,fourth,4,-190,0,-4,second,2,697,0,-6,third,3,-310,0,-6,zero,0,-651,0,-5
1597653361262851684,first,1,2265,0,-6,fourth,4,-190,0,-6,second,2,698,0,-5,third,3,-310,0,-6,zero,0,-651,0,-6
1597653361374919225,first,1,2266,0,-5,fourth,4,-190,0,-6,second,2,697,0,-7,third,3,-310,0,-7,zero,0,-651,0,-6
1597653361486862763,first,1,2265,0,-5,fourth,4,-190,0,-6,second,2,698,0,-6,third,3,-309,0,-6,zero,0,-651,0,-6
1597653361599007795,first,1,2265,0,-7,fourth,4,-190,0,-6,second,2,698,0,-5,third,3,-310,0,-6,zero,0,-651,0,-5
1597653361710818081,first,1,2265,0,-5,fourth,4,-190,0,-4,second,2,698,0,-5,third,3,-310,0,-6,zero,0,-651,0,-6
1597653361822882469,first,1,2265,0,-5,fourth,4,-190,0,-5,second,2,698,0,-6,third,3,-310,0,-4,zero,0,-651,0,-6
1597653361934607321,first,1,2265,0,-5,fourth,4,-190,0,-5,second,2,698,0,-6,third,3,-310,0,-6,zero,0,-651,0,-5
1597653362046618151,first,1,2265,0,-7,fourth,4,-190,0,-5,second,2,698,0,-5,third,3,-310,0,-6,zero,0,-651,0,-6
1597653362158600422,first,1,2265,0,-7,fourth,4,-190,0,-4,second,2,698,0,-6,third,3,-310,0,-6,zero,0,-651,0,-5
1597653362270712610,first,1,2266,0,-5,fourth,4,-190,0,-6,second,2,697,0,-6,third,3,-310,0,-5,zero,0,-651,0,-8
1597653362382654509,first,1,2265,0,-6,fourth,4,-190,0,-6,second,2,698,0,-6,third,3,-310,0,-5,zero,0,-651,0,-6
1597653362494760927,first,1,2265,0,-6,fourth,4,-190,0,-5,second,2,697,0,-6,third,3,-311,0,-4,zero,0,-651,0,-5
1597653362606584475,first,1,2265,0,-5,fourth,4,-190,0,-5,second,2,698,0,-4,third,3,-320,-4,-6,zero,0,-651,0,-5
1597653362718748637,first,1,2265,0,-6,fourth,4,-190,0,-6,second,2,698,0,-5,third,3,-333,-6,-4,zero,0,-651,0,-6
1597653362718812734,first,1,2265,0,-6,fourth,4,-190,0,-6,second,2,698,0,-5,third,3,-333,-6,-4,zero,0,-651,0,-6
1597653362830250083,first,1,2265,0,-5,fourth,4,-190,0,-7,second,2,698,0,-5,third,3,-336,0,-4,zero,0,-651,0,-8
1597653362942788912,first,1,2265,0,-6,fourth,4,-191,0,-4,second,2,698,0,-5,third,3,-337,0,-6,zero,0,-651,0,-5
1597653363054556565,first,1,2265,0,-5,fourth,4,-191,0,-5,second,2,698,0,-6,third,3,-337,0,-7,zero,0,-651,0,-6
1597653363166480085,first,1,2265,0,-4,fourth,4,-191,0,-5,second,2,698,0,-5,third,3,-337,0,-5,zero,0,-651,0,-9
1597653363278359203,first,1,2265,0,-6,fourth,4,-191,0,-5,second,2,698,0,-6,third,3,-337,0,-6,zero,0,-651,0,-6
1597653363390205375,first,1,2265,0,-5,fourth,4,-191,0,-5,second,2,698,0,-6,third,3,-337,0,-5,zero,0,-651,0,-5
1597653363502812270,first,1,2265,0,-6,fourth,4,-192,0,-6,second,2,698,0,-5,third,3,-337,0,-5,zero,0,-651,0,-6
1597653363614407776,first,1,2265,0,-6,fourth,4,-191,0,-5,second,2,698,0,-6,third,3,-336,0,-5,zero,0,-651,0,-4
1597653363727057869,first,1,2265,0,-5,fourth,4,-191,0,-6,second,2,698,0,-6,third,3,-337,0,-6,zero,0,-651,0,-6
1597653363838251544,first,1,2265,0,-5,fourth,4,-191,0,-6,second,2,698,0,-6,third,3,-337,0,-7,zero,0,-651,0,-6
1597653363950169295,first,1,2265,0,-6,fourth,4,-192,0,-6,second,2,697,0,-6,third,3,-337,0,-7,zero,0,-651,0,-6
1597653364062384910,first,1,2265,0,-6,fourth,4,-192,0,-5,second,2,698,0,-6,third,3,-337,0,-5,zero,0,-651,0,-3
1597653364174230558,first,1,2265,0,-6,fourth,4,-192,0,-6,second,2,698,0,-6,third,3,-336,0,-5,zero,0,-651,0,-6
1597653364286347420,first,1,2265,0,-5,fourth,4,-192,0,-6,second,2,698,0,-7,third,3,-337,0,-5,zero,0,-651,0,-9
1597653364401031717,first,1,2265,0,-6,fourth,4,-192,0,-6,second,2,697,0,-6,third,3,-337,0,-5,zero,0,-651,0,-5
1597653364510494814,first,1,2265,0,-5,fourth,4,-192,0,-7,second,2,698,0,-5,third,3,-336,0,-6,zero,0,-651,0,-5
1597653364622569567,first,1,2265,0,-5,fourth,4,-192,0,-6,second,2,698,0,-6,third,3,-337,0,-6,zero,0,-651,0,-4
1597653364734963487,first,1,2265,0,-6,fourth,4,-192,0,-6,second,2,698,0,-7,third,3,-336,0,-4,zero,0,-651,0,-4
1597653364851357878,first,1,2265,0,-5,fourth,4,-192,0,-6,second,2,698,0,-5,third,3,-337,0,-5,zero,0,-651,0,-7
1597653364973997168,first,1,2265,0,-4,fourth,4,-192,0,-5,second,2,698,0,-6,third,3,-336,0,-6,zero,0,-651,0,-6
1597653364974013479,first,1,2265,0,-4,fourth,4,-192,0,-5,second,2,698,0,-6,third,3,-336,0,-6,zero,0,-651,0,-6
1597653365085975442,first,1,2265,0,-6,fourth,4,-192,0,-6,second,2,698,0,-5,third,3,-337,0,-6,zero,0,-651,0,-7
1597653365198859911,first,1,2265,0,-6,fourth,4,-192,0,-7,second,2,698,0,-5,third,3,-337,0,-4,zero,0,-651,0,-6
1597653365310900437,first,1,2265,0,-7,fourth,4,-192,0,-5,second,2,698,0,-7,third,3,-337,0,-5,zero,0,-651,0,-5
1597653365518808389,first,1,2268,0,-2,fourth,4,-189,0,-3,second,2,698,0,-3,third,3,-337,0,-1,zero,0,-644,4,0
1597653365629922618,first,1,2274,1,-2,fourth,4,-188,0,-3,second,2,698,0,-3,third,3,-336,0,0,zero,0,-610,19,0
1597653365741929388,first,1,2284,4,-2,fourth,4,-187,0,-3,second,2,698,0,-3,third,3,-337,0,0,zero,0,-563,26,0
1597653365854270852,first,1,2309,12,-2,fourth,4,-185,0,-3,second,2,698,0,-3,third,3,-335,0,0,zero,0,-513,27,0
1597653365966662604,first,1,2351,22,-2,fourth,4,-185,0,-3,second,2,698,0,-2,third,3,-334,0,0,zero,0,-470,23,0
1597653366078757079,first,1,2404,28,-2,fourth,4,-185,0,-3,second,2,698,0,-2,third,3,-328,1,0,zero,0,-430,22,0
1597653366190645789,first,1,2459,29,-2,fourth,4,-185,0,-2,second,2,697,0,-2,third,3,-319,3,0,zero,0,-386,23,0
1597653366302496836,first,1,2512,29,-2,fourth,4,-185,0,-2,second,2,698,0,-2,third,3,-305,7,0,zero,0,-335,28,0
1597653366414567164,first,1,2561,27,-2,fourth,4,-185,0,-2,second,2,698,0,-2,third,3,-287,8,0,zero,0,-273,33,0
1597653366526314563,first,1,2611,27,-2,fourth,4,-185,0,-2,second,2,697,0,-2,third,3,-268,9,0,zero,0,-210,35,0
1597653366638546600,first,1,2666,29,-2,fourth,4,-185,0,-2,second,2,698,0,-2,third,3,-249,9,0,zero,0,-146,35,0
1597653366750493413,first,1,2724,31,-2,fourth,4,-185,0,-2,second,2,698,0,-2,third,3,-230,9,0,zero,0,-83,35,0
1597653366750633260,first,1,2724,31,-2,fourth,4,-185,0,-2,second,2,698,0,-2,third,3,-230,9,0,zero,0,-83,35,0
1597653366862719758,first,1,2782,32,-2,fourth,4,-185,0,-2,second,2,698,0,-2,third,3,-212,9,0,zero,0,-20,34,0
1597653366974606803,first,1,2840,31,-2,fourth,4,-185,0,-2,second,2,698,0,-2,third,3,-195,9,0,zero,0,43,34,0
1597653367086604419,first,1,2891,28,-2,fourth,4,-182,0,-2,second,2,698,0,-2,third,3,-180,8,0,zero,0,107,35,0
1597653367198731652,first,1,2937,26,-2,fourth,4,-177,1,-2,second,2,698,0,-2,third,3,-163,8,0,zero,0,170,35,0
1597653367310497722,first,1,2983,25,-2,fourth,4,-172,1,-2,second,2,698,0,-2,third,3,-147,8,0,zero,0,232,34,0
1597653367422540481,first,1,3029,25,-2,fourth,4,-167,1,-2,second,2,698,0,-2,third,3,-126,10,0,zero,0,289,31,0
1597653367534654227,first,1,3074,25,-2,fourth,4,-161,1,-2,second,2,697,0,-2,third,3,-104,11,0,zero,0,344,31,0
1597653367646507011,first,1,3118,24,-2,fourth,4,-157,1,-2,second,2,698,0,-2,third,3,-84,11,0,zero,0,396,29,0
1597653367758534986,first,1,3162,24,-2,fourth,4,-153,0,-2,second,2,698,0,-2,third,3,-68,8,0,zero,0,447,27,0
1597653367870510562,first,1,3203,23,-2,fourth,4,-152,0,-2,second,2,698,0,-2,third,3,-56,6,0,zero,0,492,25,0
1597653367982479702,first,1,3241,21,-2,fourth,4,-151,0,-2,second,2,698,0,-2,third,3,-46,5,0,zero,0,537,24,0
1597653368094506243,first,1,3276,19,-2,fourth,4,-151,0,-2,second,2,698,0,-2,third,3,-38,4,0,zero,0,580,23,0
1597653368206318819,first,1,3309,19,-2,fourth,4,-151,0,-2,second,2,698,0,-2,third,3,-30,3,0,zero,0,617,21,0
1597653368318280137,first,1,3342,18,-2,fourth,4,-152,0,-2,second,2,699,0,-2,third,3,-24,2,0,zero,0,654,20,0
1597653368430253953,first,1,3375,18,-2,fourth,4,-151,0,-2,second,2,698,0,-2,third,3,-19,2,0,zero,0,688,18,0
1597653368542215978,first,1,3404,16,-2,fourth,4,-151,0,-2,second,2,698,0,-2,third,3,-14,2,0,zero,0,720,18,0
1597653368542281062,first,1,3404,16,-2,fourth,4,-151,0,-2,second,2,698,0,-2,third,3,-14,2,0,zero,0,720,18,0
1597653368654425946,first,1,3433,15,-2,fourth,4,-152,0,-2,second,2,698,0,-2,third,3,-8,2,0,zero,0,751,17,0
1597653368766410714,first,1,3458,14,-2,fourth,4,-152,0,-2,second,2,698,0,-2,third,3,0,2,0,zero,0,783,17,0
1597653368878424957,first,1,3483,13,-2,fourth,4,-151,0,-2,second,2,699,0,-2,third,3,9,3,0,zero,0,814,17,0
1597653368990690063,first,1,3508,13,-2,fourth,4,-152,0,-2,second,2,698,0,-2,third,3,18,3,0,zero,0,844,16,0
1597653369102471756,first,1,3532,13,-2,fourth,4,-151,0,-2,second,2,699,0,-2,third,3,27,3,0,zero,0,874,16,0
1597653369214527844,first,1,3555,12,-2,fourth,4,-151,0,-2,second,2,698,0,-2,third,3,36,3,0,zero,0,904,16,0
1597653369326409492,first,1,3579,12,-2,fourth,4,-151,0,-2,second,2,699,0,-2,third,3,43,3,0,zero,0,934,16,0
1597653369438082139,first,1,3604,12,-2,fourth,4,-152,0,-2,second,2,699,0,-2,third,3,48,2,0,zero,0,964,16,0
1597653369550514235,first,1,3629,12,-2,fourth,4,-151,0,-2,second,2,704,0,-2,third,3,54,2,0,zero,0,995,16,0
1597653369662454988,first,1,3653,12,-2,fourth,4,-151,0,-2,second,2,715,5,-2,third,3,60,2,0,zero,0,1025,16,0
1597653369774380543,first,1,3676,12,-2,fourth,4,-152,0,-2,second,2,737,11,-2,third,3,65,2,0,zero,0,1054,16,0
1597653369886410311,first,1,3701,12,-2,fourth,4,-152,0,-2,second,2,769,16,-2,third,3,72,2,0,zero,0,1081,15,0
1597653369998438908,first,1,3725,12,-2,fourth,4,-152,0,-2,second,2,804,18,-2,third,3,80,3,0,zero,0,1108,14,0
1597653370110400464,first,1,3748,12,-2,fourth,4,-151,0,-2,second,2,839,18,-2,third,3,92,5,0,zero,0,1134,14,0
1597653370222396277,first,1,3769,12,-2,fourth,4,-149,0,-2,second,2,873,18,-2,third,3,105,6,0,zero,0,1163,15,0
1597653370334363540,first,1,3791,11,-2,fourth,4,-140,4,-2,second,2,904,16,-2,third,3,119,6,0,zero,0,1193,15,0
1597653370446369587,first,1,3809,10,-2,fourth,4,-125,6,-2,second,2,930,14,-2,third,3,137,8,0,zero,0,1224,16,0
1597653370558404508,first,1,3828,10,-2,fourth,4,-112,6,-2,second,2,955,13,-2,third,3,159,10,0,zero,0,1255,16,0
1597653370669888785,first,1,3846,10,-2,fourth,4,-102,5,-2,second,2,979,12,-2,third,3,181,11,0,zero,0,1285,16,0
1597653370782390307,first,1,3865,10,-2,fourth,4,-93,4,-2,second,2,1001,12,-2,third,3,200,10,0,zero,0,1315,16,0
1597653370894306540,first,1,3883,10,-2,fourth,4,-84,4,-2,second,2,1021,11,-2,third,3,216,9,0,zero,0,1343,15,0
1597653371006444023,first,1,3901,9,-2,fourth,4,-77,3,-2,second,2,1042,11,-2,third,3,233,8,0,zero,0,1371,15,0
1597653371118283345,first,1,3917,8,-2,fourth,4,-70,3,-2,second,2,1063,11,-2,third,3,248,8,0,zero,0,1399,15,0
1597653371230369172,first,1,3934,8,-2,fourth,4,-64,3,-2,second,2,1084,11,-2,third,3,263,8,0,zero,0,1425,14,0
1597653371342254782,first,1,3949,8,-2,fourth,4,-58,3,-2,second,2,1104,11,-2,third,3,277,7,0,zero,0,1451,14,0
1597653371454409760,first,1,3966,8,-2,fourth,4,-51,3,-2,second,2,1126,11,-2,third,3,293,7,0,zero,0,1478,14,0
1597653371566243020,first,1,3982,8,-2,fourth,4,-43,3,-2,second,2,1149,11,-2,third,3,310,8,0,zero,0,1506,14,0
1597653371678326436,first,1,3996,7,-2,fourth,4,-36,3,-2,second,2,1171,11,-2,third,3,326,8,0,zero,0,1531,14,0
1597653371790266501,first,1,4010,7,-2,fourth,4,-28,3,-2,second,2,1195,11,-2,third,3,342,8,0,zero,0,1556,13,0
1597653371902221028,first,1,4024,7,-2,fourth,4,-21,3,-2,second,2,1219,11,-2,third,3,359,8,0,zero,0,1581,13,0
1597653372014208590,first,1,4037,7,-2,fourth,4,-14,3,-2,second,2,1242,11,-2,third,3,376,8,0,zero,0,1605,13,0
1597653372126171855,first,1,4051,7,-2,fourth,4,-6,3,-2,second,2,1264,11,-2,third,3,394,8,0,zero,0,1629,13,0
1597653372238136192,first,1,4064,7,-2,fourth,4,3,3,-2,second,2,1286,11,-2,third,3,412,8,0,zero,0,1653,12,0
1597653372350058878,first,1,4075,5,-2,fourth,4,12,4,-2,second,2,1307,11,-2,third,3,427,8,0,zero,0,1676,12,0
1597653372462075812,first,1,4085,4,-2,fourth,4,23,4,-2,second,2,1328,11,-2,third,3,445,8,0,zero,0,1698,12,0
1597653372462127249,first,1,4085,4,-2,fourth,4,23,4,-2,second,2,1328,11,-2,third,3,445,8,0,zero,0,1698,12,0
1597653372574233212,first,1,4092,3,-2,fourth,4,33,4,-2,second,2,1349,11,-2,third,3,467,11,0,zero,0,1721,12,0
1597653372686170914,first,1,4097,2,-2,fourth,4,45,5,-2,second,2,1370,11,-2,third,3,492,12,0,zero,0,1744,12,0
1597653372798299394,first,1,4100,1,-2,fourth,4,59,5,-2,second,2,1393,11,-2,third,3,516,12,0,zero,0,1764,11,0
1597653372909850625,first,1,4104,1,-2,fourth,4,71,5,-2,second,2,1418,12,-2,third,3,539,12,0,zero,0,1783,9,0
1597653373022559832,first,1,4109,1,-2,fourth,4,82,5,-2,second,2,1445,13,-2,third,3,560,11,0,zero,0,1799,8,0
1597653373134195617,first,1,4114,1,-2,fourth,4,92,5,-2,second,2,1474,15,-2,third,3,582,11,0,zero,0,1815,8,0
1597653373246176651,first,1,4119,1,-2,fourth,4,103,5,-2,second,2,1503,15,-2,third,3,602,11,0,zero,0,1831,8,0
1597653373358119684,first,1,4122,1,-2,fourth,4,115,5,-2,second,2,1534,15,-2,third,3,622,10,0,zero,0,1847,8,0
1597653373470129231,first,1,4125,1,-2,fourth,4,127,5,-2,second,2,1561,15,-2,third,3,643,10,0,zero,0,1862,8,0
1597653373582158212,first,1,4127,0,-2,fourth,4,142,6,-2,second,2,1587,14,-2,third,3,667,11,0,zero,0,1878,8,0
1597653373693538606,first,1,4127,0,-2,fourth,4,158,7,-2,second,2,1611,13,-2,third,3,691,12,0,zero,0,1894,8,0
1597653373806848168,first,1,4127,0,-2,fourth,4,173,7,-2,second,2,1633,12,-2,third,3,716,12,0,zero,0,1908,7,0
1597653373918238809,first,1,4127,0,-2,fourth,4,188,7,-2,second,2,1656,12,-2,third,3,741,12,0,zero,0,1921,6,0
1597653374030231292,first,1,4127,0,-2,fourth,4,201,7,-2,second,2,1680,12,-2,third,3,765,12,0,zero,0,1933,6,0
1597653374142037885,first,1,4127,0,-2,fourth,4,213,6,-2,second,2,1704,12,-2,third,3,787,12,0,zero,0,1944,5,0
1597653374254084096,first,1,4127,0,-2,fourth,4,227,6,-2,second,2,1727,12,-2,third,3,808,11,0,zero,0,1954,5,0
1597653374365949911,first,1,4127,0,-2,fourth,4,241,6,-2,second,2,1751,12,-2,third,3,831,11,0,zero,0,1965,5,0
1597653374478066597,first,1,4127,0,-2,fourth,4,252,6,-2,second,2,1774,12,-2,third,3,854,11,0,zero,0,1976,5,0
1597653374589849410,first,1,4127,0,-2,fourth,4,263,5,-2,second,2,1799,12,-2,third,3,878,12,0,zero,0,1988,5,0
1597653374701922163,first,1,4127,0,-2,fourth,4,274,5,-2,second,2,1822,12,-2,third,3,900,12,0,zero,0,2002,5,0
1597653374813973013,first,1,4127,0,-2,fourth,4,286,5,-2,second,2,1846,12,-2,third,3,922,11,0,zero,0,2014,6,0
1597653374814076083,first,1,4127,0,-2,fourth,4,286,5,-2,second,2,1846,12,-2,third,3,922,11,0,zero,0,2014,6,0
1597653374926141983,first,1,4127,0,-2,fourth,4,298,5,-2,second,2,1869,12,-2,third,3,943,11,0,zero,0,2025,6,0
1597653375038067338,first,1,4127,0,-2,fourth,4,310,5,-2,second,2,1893,12,-2,third,3,965,11,0,zero,0,2037,6,0
1597653375150038023,first,1,4128,0,-2,fourth,4,321,5,-2,second,2,1915,12,-2,third,3,987,11,0,zero,0,2047,5,0
1597653375262066793,first,1,4127,0,-2,fourth,4,330,5,-2,second,2,1937,12,-2,third,3,1007,11,0,zero,0,2057,5,0
1597653375374055926,first,1,4127,0,-2,fourth,4,339,4,-2,second,2,1960,12,-2,third,3,1027,10,0,zero,0,2067,5,0
1597653375486064755,first,1,4127,0,-2,fourth,4,347,4,-2,second,2,1981,11,-2,third,3,1048,10,0,zero,0,2076,4,0
1597653375597954734,first,1,4127,0,-2,fourth,4,356,4,-2,second,2,2001,11,-2,third,3,1067,10,0,zero,0,2085,4,0
1597653375709862978,first,1,4127,0,-2,fourth,4,365,4,-2,second,2,2021,11,-2,third,3,1082,8,0,zero,0,2093,4,0
1597653375709913917,first,1,4127,0,-2,fourth,4,365,4,-2,second,2,2021,11,-2,third,3,1082,8,0,zero,0,2093,4,0
1597653375822346881,first,1,4127,0,-2,fourth,4,374,4,-2,second,2,2041,10,-2,third,3,1098,8,0,zero,0,2100,3,0
1597653375933951900,first,1,4127,0,-2,fourth,4,385,4,-2,second,2,2059,9,-2,third,3,1115,8,0,zero,0,2105,1,0
1597653376045974873,first,1,4127,0,-2,fourth,4,399,6,-2,second,2,2076,9,-2,third,3,1135,10,0,zero,0,2109,1,0
1597653376157901403,first,1,4127,0,-1,fourth,4,415,7,-2,second,2,2093,9,-2,third,3,1156,10,0,zero,0,2114,1,0
1597653376269927161,first,1,4127,0,-1,fourth,4,429,7,-2,second,2,2112,9,-2,third,3,1176,10,0,zero,0,2117,1,0
1597653376381957119,first,1,4127,0,-1,fourth,4,441,5,-2,second,2,2132,9,-2,third,3,1196,10,0,zero,0,2120,1,0
1597653376494144926,first,1,4127,0,-1,fourth,4,450,5,-2,second,2,2152,10,-2,third,3,1216,10,0,zero,0,2121,0,0
1597653376606021283,first,1,4127,0,-1,fourth,4,460,5,-2,second,2,2172,10,-2,third,3,1237,10,0,zero,0,2121,0,0
1597653376717954894,first,1,4127,0,-1,fourth,4,471,5,-2,second,2,2193,10,-2,third,3,1256,10,0,zero,0,2121,0,0
1597653376829946782,first,1,4127,0,-1,fourth,4,485,5,-2,second,2,2214,10,-2,third,3,1274,10,0,zero,0,2121,0,0
1597653376941691003,first,1,4127,0,-1,fourth,4,499,6,-2,second,2,2233,10,-2,third,3,1293,9,0,zero,0,2121,0,0
1597653377053673664,first,1,4127,0,-1,fourth,4,512,6,-2,second,2,2250,8,-2,third,3,1312,10,0,zero,0,2121,0,0
1597653377053743675,first,1,4127,0,-1,fourth,4,512,6,-2,second,2,2250,8,-2,third,3,1312,10,0,zero,0,2121,0,0
1597653377165886017,first,1,4127,0,-1,fourth,4,525,6,-2,second,2,2264,7,-2,third,3,1333,10,0,zero,0,2121,0,0
1597653377277943380,first,1,4127,0,-1,fourth,4,538,6,-2,second,2,2277,7,-2,third,3,1353,10,0,zero,0,2121,0,0
1597653377389886277,first,1,4127,0,-1,fourth,4,552,6,-2,second,2,2288,6,-2,third,3,1372,10,0,zero,0,2121,0,0
1597653377501910395,first,1,4127,0,-1,fourth,4,566,6,-2,second,2,2300,6,-2,third,3,1390,10,0,zero,0,2121,0,0
1597653377613875708,first,1,4127,0,-1,fourth,4,581,6,-2,second,2,2312,6,-2,third,3,1409,9,0,zero,0,2120,0,0
1597653377725488456,first,1,4127,0,-1,fourth,4,593,6,-2,second,2,2323,5,-2,third,3,1425,9,0,zero,0,2121,0,0
1597653377725520549,first,1,4127,0,-1,fourth,4,593,6,-2,second,2,2323,5,-2,third,3,1425,9,0,zero,0,2121,0,0
1597653377837730917,first,1,4127,0,-1,fourth,4,605,5,-2,second,2,2333,5,-2,third,3,1442,8,0,zero,0,2121,0,0
1597653377950039175,first,1,4127,0,-1,fourth,4,615,5,-2,second,2,2342,4,-2,third,3,1459,8,0,zero,0,2121,0,0
1597653378061923900,first,1,4127,0,-1,fourth,4,627,5,-2,second,2,2350,3,-2,third,3,1474,8,0,zero,0,2121,0,0
1597653378173791539,first,1,4127,0,-1,fourth,4,638,5,-2,second,2,2357,3,-2,third,3,1488,7,0,zero,0,2121,0,0
1597653378285773272,first,1,4127,0,-1,fourth,4,650,5,-2,second,2,2362,2,-2,third,3,1502,7,0,zero,0,2121,0,0
1597653378397808518,first,1,4127,0,-1,fourth,4,663,5,-2,second,2,2367,1,-2,third,3,1516,7,0,zero,0,2121,0,0
1597653378509866623,first,1,4127,0,-1,fourth,4,674,5,-2,second,2,2371,1,-2,third,3,1531,7,0,zero,0,2121,0,0
1597653378621867699,first,1,4127,0,-1,fourth,4,683,4,-2,second,2,2379,2,-2,third,3,1543,6,0,zero,0,2121,0,0
1597653378733917279,first,1,4127,0,-1,fourth,4,691,4,-2,second,2,2385,2,-2,third,3,1552,4,0,zero,0,2121,0,0
1597653378845810509,first,1,4127,0,-1,fourth,4,699,4,-2,second,2,2390,2,-2,third,3,1558,2,0,zero,0,2121,0,0
1597653378957937673,first,1,4127,0,-1,fourth,4,705,3,-2,second,2,2392,1,-2,third,3,1560,0,0,zero,0,2121,0,0
1597653379069899273,first,1,4127,0,-1,fourth,4,709,1,-2,second,2,2392,0,-2,third,3,1560,0,0,zero,0,2121,0,0
1597653379181902552,first,1,4127,0,-1,fourth,4,709,0,-2,second,2,2393,0,-2,third,3,1560,0,0,zero,0,2121,0,0
1597653379293670097,first,1,4127,0,-1,fourth,4,709,0,-2,second,2,2392,0,-2,third,3,1560,0,0,zero,0,2121,0,0
1597653379293740957,first,1,4127,0,-1,fourth,4,709,0,-2,second,2,2392,0,-2,third,3,1560,0,0,zero,0,2121,0,0
1597653379405752681,first,1,4127,0,-1,fourth,4,709,0,-2,second,2,2392,0,-2,third,3,1560,0,0,zero,0,2121,0,0
1597653379518099615,first,1,4127,0,-1,fourth,4,709,0,-2,second,2,2393,0,-2,third,3,1560,0,0,zero,0,2121,0,0
1597653379629834390,first,1,4127,0,-1,fourth,4,709,0,-2,second,2,2393,0,-2,third,3,1560,0,0,zero,0,2121,0,0
1597653379741820161,first,1,4127,0,-1,fourth,4,709,0,-2,second,2,2392,0,-2,third,3,1560,0,0,zero,0,2121,0,0
1597653379853660791,first,1,4127,0,-1,fourth,4,709,0,-2,second,2,2393,0,-2,third,3,1560,0,0,zero,0,2121,0,0
1597653379965767952,first,1,4127,0,-1,fourth,4,709,0,-2,second,2,2392,0,-2,third,3,1560,0,0,zero,0,2121,0,0
1597653380077843349,first,1,4127,0,-1,fourth,4,709,0,-2,second,2,2392,0,-2,third,3,1560,0,0,zero,0,2121,0,0
1597653380189914932,first,1,4127,0,-1,fourth,4,709,0,-2,second,2,2393,0,-2,third,3,1560,0,0,zero,0,2121,0,0
1597653380301727648,first,1,4127,0,-1,fourth,4,709,0,-2,second,2,2393,0,-2,third,3,1560,0,0,zero,0,2122,0,0
1597653380413682485,first,1,4127,0,-1,fourth,4,709,0,-2,second,2,2393,0,-2,third,3,1560,0,0,zero,0,2122,0,0
1597653380525181717,first,1,4127,0,-1,fourth,4,709,0,-2,second,2,2393,0,-2,third,3,1560,0,0,zero,0,2122,0,0
1597653380637251506,first,1,4127,0,-1,fourth,4,709,0,-2,second,2,2392,0,-2,third,3,1560,0,0,zero,0,2124,0,0
1597653380749526842,first,1,4127,0,-1,fourth,4,709,0,-2,second,2,2392,0,-2,third,3,1560,0,0,zero,0,2127,0,0
1597653380861726152,first,1,4127,0,-1,fourth,4,709,0,-2,second,2,2393,0,-2,third,3,1560,0,0,zero,0,2128,0,0
1597653380973541575,first,1,4127,0,-1,fourth,4,709,0,-2,second,2,2392,0,-2,third,3,1560,0,0,zero,0,2130,0,0
1597653381085106873,first,1,4127,0,-1,fourth,4,708,0,-2,second,2,2393,0,-2,third,3,1560,0,0,zero,0,2133,0,0
1597653381197562844,first,1,4127,0,-1,fourth,4,709,0,-2,second,2,2392,0,-2,third,3,1560,0,0,zero,0,2136,0,0
1597653381309374486,first,1,4127,0,-1,fourth,4,709,0,-2,second,2,2393,0,-2,third,3,1560,0,0,zero,0,2140,1,0
1597653381421399611,first,1,4127,0,-1,fourth,4,709,0,-2,second,2,2393,0,-2,third,3,1560,0,0,zero,0,2144,1,0
1597653381533184769,first,1,4127,0,-1,fourth,4,709,0,-2,second,2,2392,0,-2,third,3,1560,0,0,zero,0,2147,0,0
1597653381645378395,first,1,4127,0,-1,fourth,4,709,0,-2,second,2,2393,0,-2,third,3,1560,0,0,zero,0,2147,0,0
1597653381757651848,first,1,4127,0,-1,fourth,4,709,0,-2,second,2,2392,0,-2,third,3,1560,0,0,zero,0,2147,0,0
1597653381757717681,first,1,4127,0,-1,fourth,4,709,0,-2,second,2,2392,0,-2,third,3,1560,0,0,zero,0,2147,0,0
1597653381869599936,first,1,4127,0,-1,fourth,4,709,0,-2,second,2,2393,0,-2,third,3,1560,0,0,zero,0,2147,0,0
1597653381981537499,first,1,4127,0,-1,fourth,4,709,0,-2,second,2,2392,0,-2,third,3,1560,0,0,zero,0,2147,0,0
1597653381981617614,first,1,4127,0,-1,fourth,4,709,0,-2,second,2,2392,0,-2,third,3,1560,0,0,zero,0,2147,0,0
1597653382093584023,first,1,4127,0,-1,fourth,4,709,0,-2,second,2,2393,0,-2,third,3,1560,0,0,zero,0,2147,0,0
1597653382205692619,first,1,4127,0,-1,fourth,4,709,0,-2,second,2,2393,0,-2,third,3,1560,0,0,zero,0,2147,0,0
1597653382317708685,first,1,4127,0,-1,fourth,4,709,0,-2,second,2,2393,0,-2,third,3,1560,0,0,zero,0,2147,0,0
1597653382429738016,first,1,4127,0,-1,fourth,4,709,0,-2,second,2,2393,0,-2,third,3,1560,0,0,zero,0,2147,0,0
1597653382541619102,first,1,4127,0,-1,fourth,4,709,0,-2,second,2,2393,0,-2,third,3,1560,0,0,zero,0,2147,0,0
1597653382653598228,first,1,4127,0,-1,fourth,4,709,0,-2,second,2,2393,0,-2,third,3,1560,0,0,zero,0,2147,0,0
1597653382764925993,first,1,4127,0,-1,fourth,4,709,0,-2,second,2,2392,0,-2,third,3,1560,0,0,zero,0,2147,0,0
1597653382876901215,first,1,4127,0,-1,fourth,4,709,0,-2,second,2,2392,0,-2,third,3,1560,0,0,zero,0,2147,0,0
1597653382988900047,first,1,4127,0,-1,fourth,4,709,0,-2,second,2,2393,0,-2,third,3,1560,0,0,zero,0,2147,0,0
1597653383101807859,first,1,4127,0,-1,fourth,4,709,0,-2,second,2,2392,0,-2,third,3,1560,0,0,zero,0,2147,0,0
1597653383213573374,first,1,4127,0,-1,fourth,4,709,0,-2,second,2,2393,0,-2,third,3,1560,0,0,zero,0,2147,0,0
1597653383421346322,first,1,4127,0,0,fourth,4,709,0,0,second,2,2392,0,0,third,3,1560,0,0,zero,0,2147,0,0
1597653383532870322,first,1,4119,-3,-5,fourth,4,704,-1,-6,second,2,2392,0,-6,third,3,1557,0,-5,zero,0,2141,-3,-8
1597653383645142777,first,1,4090,-15,-5,fourth,4,691,-5,-6,second,2,2393,0,-7,third,3,1552,-1,-4,zero,0,2121,-10,-4
1597653383757457193,first,1,4047,-21,-6,fourth,4,688,-1,-6,second,2,2392,0,-5,third,3,1552,0,-6,zero,0,2101,-10,-4
1597653383869383472,first,1,3997,-27,-6,fourth,4,688,0,-5,second,2,2392,0,-6,third,3,1552,0,-4,zero,0,2085,-8,-5
1597653383981097368,first,1,3949,-26,-7,fourth,4,688,0,-5,second,2,2393,0,-5,third,3,1552,0,-7,zero,0,2065,-10,-3
1597653384093445685,first,1,3920,-15,-6,fourth,4,688,0,-6,second,2,2393,0,-6,third,3,1552,0,-7,zero,0,2041,-12,-5
1597653384205276951,first,1,3905,-7,-5,fourth,4,688,0,-6,second,2,2393,0,-5,third,3,1552,0,-6,zero,0,2018,-12,-4
1597653384317302702,first,1,3892,-7,-5,fourth,4,688,0,-5,second,2,2393,0,-5,third,3,1551,0,-5,zero,0,2001,-10,-3
1597653384429363881,first,1,3879,-6,-4,fourth,4,688,0,-5,second,2,2393,0,-5,third,3,1551,0,-5,zero,0,1982,-9,-6
1597653384541394605,first,1,3865,-6,-5,fourth,4,688,0,-6,second,2,2393,0,-5,third,3,1551,0,-6,zero,0,1965,-9,-4
1597653384541462739,first,1,3865,-6,-5,fourth,4,688,0,-6,second,2,2393,0,-5,third,3,1551,0,-6,zero,0,1965,-9,-4
1597653384653434242,first,1,3853,-6,-4,fourth,4,688,0,-5,second,2,2393,0,-6,third,3,1551,0,-4,zero,0,1950,-8,-2
1597653384765499268,first,1,3842,-5,-5,fourth,4,687,0,-5,second,2,2393,0,-6,third,3,1551,0,-7,zero,0,1938,-6,-7
1597653384877389477,first,1,3836,-2,-5,fourth,4,688,0,-5,second,2,2393,0,-6,third,3,1547,0,-5,zero,0,1936,0,-7
1597653384989689412,first,1,3836,0,-6,fourth,4,687,0,-5,second,2,2393,0,-5,third,3,1534,-6,-4,zero,0,1936,0,-5
1597653385101560621,first,1,3836,0,-5,fourth,4,684,0,-4,second,2,2393,0,-7,third,3,1529,-1,-5,zero,0,1936,0,-5
1597653385213432698,first,1,3836,0,-5,fourth,4,674,-4,-4,second,2,2393,0,-6,third,3,1529,0,-4,zero,0,1936,0,-4
1597653385325421383,first,1,3836,0,-5,fourth,4,670,0,-5,second,2,2393,0,-6,third,3,1529,0,-4,zero,0,1936,0,-5
1597653385437412025,first,1,3836,0,-6,fourth,4,670,0,-6,second,2,2393,0,-5,third,3,1529,0,-5,zero,0,1936,0,-6
1597653385549413020,first,1,3836,0,-6,fourth,4,670,0,-6,second,2,2393,0,-5,third,3,1529,0,-4,zero,0,1936,0,-8
1597653385660959921,first,1,3836,0,-6,fourth,4,670,0,-6,second,2,2393,0,-5,third,3,1529,0,-5,zero,0,1936,0,-7
1597653385772989033,first,1,3836,0,-5,fourth,4,670,0,-5,second,2,2393,0,-5,third,3,1529,0,-5,zero,0,1935,0,-4
1597653385884931604,first,1,3836,0,-6,fourth,4,670,0,-6,second,2,2393,0,-5,third,3,1529,0,-7,zero,0,1935,0,-6
1597653385996981374,first,1,3836,0,-6,fourth,4,670,0,-5,second,2,2393,0,-5,third,3,1529,0,-6,zero,0,1935,0,-5
1597653386109533766,first,1,3836,0,-5,fourth,4,670,0,-4,second,2,2393,0,-5,third,3,1529,0,-6,zero,0,1935,0,-7
1597653386221407116,first,1,3836,0,-6,fourth,4,670,0,-6,second,2,2393,0,-6,third,3,1529,0,-4,zero,0,1934,0,-5
1597653386332715039,first,1,3836,0,-6,fourth,4,670,0,-7,second,2,2393,0,-5,third,3,1529,0,-6,zero,0,1934,0,-4
1597653386445146554,first,1,3836,0,-6,fourth,4,670,0,-6,second,2,2393,0,-7,third,3,1529,0,-6,zero,0,1934,0,-6
1597653386557483050,first,1,3836,0,-5,fourth,4,670,0,-5,second,2,2393,0,-5,third,3,1529,0,-7,zero,0,1934,0,-6
1597653386669623922,first,1,3836,0,-6,fourth,4,670,0,-5,second,2,2393,0,-5,third,3,1529,0,-5,zero,0,1934,0,-6
1597653386781443515,first,1,3836,0,-6,fourth,4,670,0,-6,second,2,2393,0,-6,third,3,1529,0,-7,zero,0,1934,0,-6
1597653386893354484,first,1,3836,0,-5,fourth,4,670,0,-6,second,2,2393,0,-6,third,3,1529,0,-5,zero,0,1934,0,-5
1597653387005073512,first,1,3836,0,-6,fourth,4,670,0,-5,second,2,2393,0,-4,third,3,1529,0,-6,zero,0,1934,0,-4
1597653387117312361,first,1,3836,0,-6,fourth,4,670,0,-2,second,2,2393,0,-5,third,3,1529,0,-5,zero,0,1934,0,-6
1597653387229399488,first,1,3836,0,-6,fourth,4,670,0,-5,second,2,2393,0,-6,third,3,1529,0,-5,zero,0,1933,0,-7
1597653387341381733,first,1,3836,0,-6,fourth,4,670,0,-6,second,2,2393,0,-6,third,3,1529,0,-5,zero,0,1933,0,-5
1597653387453449113,first,1,3836,0,-6,fourth,4,670,0,-5,second,2,2393,0,-5,third,3,1529,0,-6,zero,0,1933,0,-5
1597653387565450407,first,1,3836,0,-6,fourth,4,670,0,-6,second,2,2393,0,-6,third,3,1529,0,-6,zero,0,1933,0,-7
1597653387677280855,first,1,3836,0,-7,fourth,4,670,0,-6,second,2,2393,0,-5,third,3,1529,0,-6,zero,0,1933,0,-6
1597653387789355857,first,1,3836,0,-5,fourth,4,670,0,-6,second,2,2393,0,-6,third,3,1529,0,-4,zero,0,1933,0,-5
1597653387901432746,first,1,3836,0,-7,fourth,4,670,0,-5,second,2,2392,0,-5,third,3,1529,0,-4,zero,0,1932,0,-5
1597653388013432761,first,1,3836,0,-6,fourth,4,670,0,-5,second,2,2393,0,-6,third,3,1529,0,-6,zero,0,1933,0,-8
1597653388125329638,first,1,3836,0,-5,fourth,4,670,0,-4,second,2,2392,0,-5,third,3,1529,0,-5,zero,0,1932,0,-8
1597653388237227622,first,1,3836,0,-6,fourth,4,670,0,-6,second,2,2393,0,-5,third,3,1529,0,-4,zero,0,1932,0,-7
1597653388349293525,first,1,3836,0,-6,fourth,4,670,0,-6,second,2,2393,0,-6,third,3,1529,0,-5,zero,0,1932,0,-4
1597653388461319848,first,1,3836,0,-5,fourth,4,670,0,-5,second,2,2393,0,-5,third,3,1529,0,-5,zero,0,1932,0,-4
1597653388573242612,first,1,3836,0,-7,fourth,4,670,0,-7,second,2,2393,0,-5,third,3,1529,0,-5,zero,0,1932,0,-5
1597653388684507171,first,1,3836,0,-5,fourth,4,670,0,-5,second,2,2392,0,-5,third,3,1529,0,-6,zero,0,1932,0,-7
1597653388797201788,first,1,3836,0,-5,fourth,4,670,0,-5,second,2,2393,0,-6,third,3,1529,0,-6,zero,0,1932,0,-5
1597653388909102610,first,1,3837,0,-7,fourth,4,670,0,-5,second,2,2393,0,-7,third,3,1529,0,-6,zero,0,1932,0,-6
1597653389021136332,first,1,3836,0,-6,fourth,4,670,0,-5,second,2,2393,0,-5,third,3,1529,0,-5,zero,0,1932,0,-4
1597653389133097887,first,1,3836,0,-6,fourth,4,670,0,-6,second,2,2393,0,-6,third,3,1529,0,-6,zero,0,1932,0,-6
1597653389245039802,first,1,3836,0,-6,fourth,4,670,0,-6,second,2,2393,0,-5,third,3,1529,0,-6,zero,0,1932,0,-6
1597653389357124212,first,1,3836,0,-5,fourth,4,669,0,-5,second,2,2393,0,-6,third,3,1529,0,-6,zero,0,1931,0,-5
1597653389468983350,first,1,3836,0,-6,fourth,4,670,0,-7,second,2,2393,0,-5,third,3,1529,0,-5,zero,0,1931,0,-9
1597653389581066322,first,1,3836,0,-6,fourth,4,670,0,-5,second,2,2393,0,-5,third,3,1529,0,-6,zero,0,1931,0,-5
1597653389693038878,first,1,3836,0,-6,fourth,4,670,0,-6,second,2,2393,0,-6,third,3,1529,0,-5,zero,0,1931,0,-7
1597653389805052392,first,1,3836,0,-6,fourth,4,670,0,-6,second,2,2392,0,-7,third,3,1529,0,-5,zero,0,1931,0,-5
1597653389917233894,first,1,3836,0,-6,fourth,4,670,0,-5,second,2,2393,0,-6,third,3,1529,0,-5,zero,0,1930,0,-4
1597653390029145446,first,1,3836,0,-7,fourth,4,670,0,-5,second,2,2393,0,-6,third,3,1529,0,-4,zero,0,1931,0,-5
1597653390141017433,first,1,3836,0,-5,fourth,4,669,0,-5,second,2,2393,0,-5,third,3,1529,0,-6,zero,0,1930,0,-5
1597653390141089545,first,1,3836,0,-5,fourth,4,669,0,-5,second,2,2393,0,-5,third,3,1529,0,-6,zero,0,1930,0,-5
1597653390253142197,first,1,3836,0,-6,fourth,4,670,0,-6,second,2,2393,0,-6,third,3,1529,0,-5,zero,0,1930,0,-5
1597653390365258472,first,1,3836,0,-6,fourth,4,670,0,-6,second,2,2393,0,-5,third,3,1529,0,-4,zero,0,1930,0,-5
1597653390476953808,first,1,3836,0,-6,fourth,4,670,0,-6,second,2,2393,0,-5,third,3,1529,0,-6,zero,0,1930,0,-5
1597653390477166362,first,1,3836,0,-6,fourth,4,670,0,-6,second,2,2393,0,-5,third,3,1529,0,-6,zero,0,1930,0,-5
1597653390589148801,first,1,3836,0,-4,fourth,4,670,0,-6,second,2,2392,0,-5,third,3,1529,0,-6,zero,0,1930,0,-5
1597653390700746782,first,1,3836,0,-6,fourth,4,670,0,-6,second,2,2393,0,-5,third,3,1529,0,-6,zero,0,1929,0,-3
1597653390813142008,first,1,3836,0,-6,fourth,4,670,0,-6,second,2,2393,0,-5,third,3,1529,0,-7,zero,0,1930,0,-5
