1599991201856623482,one,1,-2551,0,-2
1599991201888689746,one,1,-2551,0,-2
1599991201952692160,one,1,-2551,0,-2
1599991201984539225,one,1,-2551,0,-3
1599991202048464296,one,1,-2551,0,-5
1599991202080450143,one,1,-2551,0,-6
1599991202144444566,one,1,-2552,0,-7
1599991202208847479,one,1,-2552,0,-7
1599991202241118568,one,1,-2553,0,-6
1599991202305038212,one,1,-2554,0,-7
1599991202336809912,one,1,-2555,0,-6
1599991202400890675,one,1,-2557,0,-6
1599991202432894145,one,1,-2559,0,-6
1599991202496593184,one,1,-2561,0,-7
1599991202528622423,one,1,-2561,0,-7
1599991202592711442,one,1,-2564,0,-8
1599991202656458579,one,1,-2565,0,-10
1599991202688388777,one,1,-2566,0,-11
1599991202752418337,one,1,-2567,0,-10
1599991202784364364,one,1,-2568,0,-9
1599991202848992323,one,1,-2570,0,-9
1599991202881055143,one,1,-2571,0,-9
1599991202945210068,one,1,-2572,0,-10
1599991203008398644,one,1,-2574,0,-9
1599991203040445452,one,1,-2575,0,-8
1599991203104789721,one,1,-2576,0,-10
1599991203136373107,one,1,-2577,0,-12
1599991203200416231,one,1,-2578,0,-11
1599991203232581383,one,1,-2579,0,-11
1599991203296352855,one,1,-2581,0,-11
1599991203328321559,one,1,-2582,0,-13
1599991203393168275,one,1,-2583,0,-13
1599991203457046297,one,1,-2585,0,-12
1599991203488950672,one,1,-2586,0,-12
1599991203552790162,one,1,-2587,0,-13
1599991203584944539,one,1,-2589,0,-13
1599991203648927957,one,1,-2589,0,-13
1599991203681277397,one,1,-2591,0,-13
1599991203744866354,one,1,-2592,0,-14
1599991203808838294,one,1,-2594,0,-16
1599991203840874612,one,1,-2594,0,-16
1599991203905041490,one,1,-2595,0,-15
1599991203936896908,one,1,-2596,0,-15
1599991204000890323,one,1,-2598,0,-14
1599991204032774764,one,1,-2599,0,-14
1599991204096839594,one,1,-2602,0,-13
1599991204128835474,one,1,-2603,0,-13
1599991204192854217,one,1,-2605,0,-15
1599991204256813590,one,1,-2607,0,-15
1599991204288947626,one,1,-2608,0,-15
1599991204352488588,one,1,-2610,0,-16
1599991204384537093,one,1,-2611,0,-16
1599991204448651364,one,1,-2613,0,-14
1599991204480938428,one,1,-2614,0,-14
1599991204544717019,one,1,-2616,0,-15
1599991204609006818,one,1,-2617,0,-15
1599991204640792373,one,1,-2619,0,-16
1599991204704934670,one,1,-2620,0,-18
1599991204736773229,one,1,-2621,0,-19
1599991204800840193,one,1,-2622,0,-16
1599991204832695742,one,1,-2624,0,-16
1599991204896769148,one,1,-2626,0,-16
1599991204928880274,one,1,-2627,0,-15
1599991204992814714,one,1,-2630,-1,-15
1599991205056732523,one,1,-2632,-1,-18
1599991205088900345,one,1,-2633,-1,-17
1599991205152810868,one,1,-2634,-1,-16
1599991205184952458,one,1,-2635,-1,-17
1599991205248958420,one,1,-2637,-1,-18
1599991205280888225,one,1,-2637,-1,-17
1599991205344202766,one,1,-2639,-1,-16
1599991205408384370,one,1,-2641,-1,-17
1599991205440795304,one,1,-2642,-1,-18
1599991205504966862,one,1,-2643,-1,-16
1599991205536850752,one,1,-2644,-1,-17
1599991205600849907,one,1,-2646,-1,-17
1599991205632784703,one,1,-2646,-1,-18
1599991205696715377,one,1,-2647,0,-20
1599991205728719712,one,1,-2647,0,-21
1599991205792761994,one,1,-2650,0,-18
1599991205856742224,one,1,-2652,0,-18
1599991205888828834,one,1,-2653,0,-18
1599991205952882159,one,1,-2656,0,-17
1599991205984842124,one,1,-2657,-1,-17
1599991206048742482,one,1,-2660,-1,-16
1599991206080856284,one,1,-2661,-1,-17
1599991206144662208,one,1,-2662,-1,-18
1599991206208686903,one,1,-2664,-1,-19
1599991206240645560,one,1,-2664,-1,-18
1599991206304583813,one,1,-2666,-1,-18
1599991206336502317,one,1,-2667,-1,-18
1599991206400765172,one,1,-2668,0,-19
1599991206432599091,one,1,-2669,0,-19
1599991206496649914,one,1,-2672,0,-18
1599991206528582798,one,1,-2672,0,-18
1599991206592697726,one,1,-2674,0,-21
1599991206656774299,one,1,-2674,0,-23
1599991206688827825,one,1,-2675,0,-22
1599991206752663340,one,1,-2678,0,-19
1599991206784744748,one,1,-2679,0,-19
1599991206848699936,one,1,-2683,0,-18
1599991206880637964,one,1,-2684,-1,-18
1599991206944769298,one,1,-2687,-1,-18
1599991207008647433,one,1,-2688,-1,-18
1599991207040605538,one,1,-2689,-1,-18
1599991207104731569,one,1,-2691,-1,-20
1599991207136602930,one,1,-2691,0,-19
1599991207200645857,one,1,-2693,0,-18
1599991207232617441,one,1,-2694,0,-18
1599991207296628350,one,1,-2697,0,-18
1599991207328536050,one,1,-2698,0,-18
1599991207392696977,one,1,-2700,0,-19
1599991207456652307,one,1,-2702,0,-20
1599991207488373964,one,1,-2703,0,-19
1599991207552545622,one,1,-2705,0,-19
1599991207584546002,one,1,-2706,0,-20
1599991207649079159,one,1,-2709,0,-17
1599991207680606005,one,1,-2710,0,-17
1599991207744517324,one,1,-2713,0,-17
1599991207808645976,one,1,-2715,0,-18
1599991207840547107,one,1,-2716,0,-19
1599991207904563036,one,1,-2718,0,-18
1599991207936468965,one,1,-2720,0,-17
1599991208000673585,one,1,-2722,-1,-18
1599991208032504886,one,1,-2723,-1,-16
1599991208096573261,one,1,-2725,-1,-17
1599991208128530670,one,1,-2726,-1,-18
1599991208192508358,one,1,-2727,-1,-19
1599991208257023181,one,1,-2728,-1,-21
1599991208288793734,one,1,-2729,0,-21
1599991208352525421,one,1,-2730,0,-21
1599991208384483759,one,1,-2731,0,-19
1599991208448467739,one,1,-2734,0,-19
1599991208480526025,one,1,-2735,0,-17
1599991208544526061,one,1,-2738,-1,-17
1599991208608487736,one,1,-2740,-1,-15
1599991208640450023,one,1,-2742,-1,-16
1599991208704811098,one,1,-2744,-1,-18
1599991208736572152,one,1,-2744,-1,-17
1599991208800533907,one,1,-2747,-1,-17
1599991208832540401,one,1,-2748,-1,-17
1599991208896532299,one,1,-2750,-1,-17
1599991208928521980,one,1,-2751,-1,-16
1599991208992580200,one,1,-2753,-1,-18
1599991209056385914,one,1,-2755,-1,-17
1599991209088496011,one,1,-2756,-1,-18
1599991209152439825,one,1,-2758,-1,-19
1599991209184655871,one,1,-2759,-1,-19
1599991209248468707,one,1,-2760,0,-20
1599991209280550502,one,1,-2761,0,-18
1599991209344380257,one,1,-2763,0,-17
1599991209408429605,one,1,-2766,0,-17
1599991209440406110,one,1,-2767,0,-16
1599991209504479255,one,1,-2770,0,-17
1599991209536397469,one,1,-2771,-1,-17
1599991209600387622,one,1,-2773,-1,-17
1599991209632477868,one,1,-2774,-1,-17
1599991209696400289,one,1,-2776,-1,-18
1599991209728383267,one,1,-2777,-1,-17
1599991209792408880,one,1,-2778,-1,-17
1599991209856521159,one,1,-2780,-1,-18
1599991209888383852,one,1,-2780,0,-19
1599991209952609291,one,1,-2782,0,-19
1599991209984517916,one,1,-2783,0,-19
1599991210048357179,one,1,-2785,0,-21
1599991210080548958,one,1,-2786,0,-20
1599991210144448068,one,1,-2788,0,-18
1599991210208319781,one,1,-2790,0,-18
1599991210240383432,one,1,-2792,0,-18
1599991210304551132,one,1,-2794,0,-16
1599991210336538191,one,1,-2795,0,-16
1599991210400425771,one,1,-2798,0,-17
1599991210432417257,one,1,-2799,0,-16
1599991210495884944,one,1,-2801,0,-17
1599991210527894841,one,1,-2803,0,-17
1599991210592305703,one,1,-2805,0,-16
1599991210657020019,one,1,-2808,0,-18
1599991210688363451,one,1,-2809,0,-16
1599991210752246700,one,1,-2811,0,-17
1599991210784367333,one,1,-2813,0,-18
1599991210848490568,one,1,-2815,0,-16
1599991210880248747,one,1,-2816,0,-16
1599991210944298390,one,1,-2819,0,-16
1599991211007756423,one,1,-2821,-1,-15
1599991211039673159,one,1,-2823,-1,-16
1599991211104419847,one,1,-2825,-1,-16
1599991211136233688,one,1,-2826,-1,-16
1599991211200341251,one,1,-2828,-1,-16
1599991211232207157,one,1,-2829,-1,-17
1599991211296319978,one,1,-2830,-1,-16
1599991211328341453,one,1,-2831,-1,-16
1599991211392187894,one,1,-2833,-1,-16
1599991211456299830,one,1,-2834,-1,-17
1599991211488405558,one,1,-2836,-1,-17
1599991211552163443,one,1,-2837,-1,-17
1599991211584191303,one,1,-2838,-1,-19
1599991211648336859,one,1,-2839,0,-20
1599991211680313782,one,1,-2840,0,-18
1599991211744263736,one,1,-2843,-1,-17
1599991211808343586,one,1,-2845,-1,-16
1599991211840191819,one,1,-2846,-1,-16
1599991211904377704,one,1,-2849,-1,-16
1599991211936178583,one,1,-2850,-1,-17
1599991212000237055,one,1,-2851,-1,-17
1599991212032190673,one,1,-2852,-1,-16
1599991212096147498,one,1,-2854,-1,-17
1599991212128128388,one,1,-2855,-1,-18
1599991212192149587,one,1,-2857,-1,-17
1599991212256137121,one,1,-2858,-1,-16
1599991212288191055,one,1,-2860,-1,-16
1599991212352470904,one,1,-2862,-1,-17
1599991212384261572,one,1,-2863,-1,-16
1599991212448252125,one,1,-2865,-1,-16
1599991212480250641,one,1,-2866,-1,-17
1599991212544148922,one,1,-2867,-1,-18
1599991212608174323,one,1,-2869,-1,-17
1599991212640086111,one,1,-2870,-1,-17
1599991212704227307,one,1,-2871,-1,-18
1599991212736148093,one,1,-2872,-1,-17
1599991212800087369,one,1,-2874,-1,-16
1599991212832150600,one,1,-2875,-1,-16
1599991212896363052,one,1,-2878,-1,-17
1599991212928117744,one,1,-2879,-1,-16
1599991212992079862,one,1,-2880,-1,-16
1599991213056143372,one,1,-2882,-1,-17
1599991213088055356,one,1,-2883,-1,-17
1599991213152099878,one,1,-2886,-1,-16
1599991213184026533,one,1,-2886,-1,-16
1599991213248210026,one,1,-2889,-1,-16
1599991213280215202,one,1,-2889,-1,-16
1599991213344066975,one,1,-2892,-1,-16
1599991213408131541,one,1,-2893,-1,-18
1599991213440050036,one,1,-2894,-1,-18
1599991213503616143,one,1,-2896,-1,-16
1599991213535844331,one,1,-2898,-1,-16
1599991213600154012,one,1,-2899,-1,-16
1599991213632066106,one,1,-2901,-1,-15
1599991213696139196,one,1,-2903,-1,-14
1599991213728030482,one,1,-2904,-1,-15
1599991213792217712,one,1,-2907,-1,-15
1599991213856290952,one,1,-2909,-1,-15
1599991213888242329,one,1,-2910,-1,-16
1599991213952043189,one,1,-2912,-1,-15
1599991213983950679,one,1,-2912,-1,-16
1599991214048326120,one,1,-2914,-1,-16
1599991214080041534,one,1,-2915,-1,-16
1599991214144127661,one,1,-2917,-1,-16
1599991214207960709,one,1,-2919,-1,-17
1599991214240144447,one,1,-2920,-1,-19
1599991214304131323,one,1,-2921,-1,-16
1599991214335917303,one,1,-2922,0,-16
1599991214400078968,one,1,-2925,0,-17
1599991214432097871,one,1,-2926,0,-16
1599991214495989664,one,1,-2929,-1,-16
1599991214527894140,one,1,-2930,-1,-16
1599991214592071252,one,1,-2932,-1,-16
1599991214656134006,one,1,-2934,-1,-16
1599991214687931479,one,1,-2935,-1,-17
1599991214751919910,one,1,-2936,-1,-17
1599991214783949750,one,1,-2937,-1,-16
1599991214848058382,one,1,-2939,-1,-16
1599991214880107627,one,1,-2940,-1,-17
1599991214943874010,one,1,-2941,-1,-18
1599991215008301419,one,1,-2943,-1,-17
1599991215039939776,one,1,-2943,-1,-17
1599991215104025038,one,1,-2945,-1,-18
1599991215135919688,one,1,-2945,-1,-18
1599991215200041979,one,1,-2947,-1,-18
1599991215231984601,one,1,-2948,-1,-17
1599991215295839699,one,1,-2950,-1,-16
1599991215327702936,one,1,-2950,-1,-17
1599991215391402368,one,1,-2952,-1,-18
1599991215456089612,one,1,-2954,-1,-16
1599991215488134138,one,1,-2955,-1,-16
1599991215552021622,one,1,-2956,-1,-16
1599991215583959412,one,1,-2957,-1,-16
1599991215647837054,one,1,-2959,-1,-16
1599991215679823473,one,1,-2960,-1,-17
1599991215743987277,one,1,-2962,-1,-18
1599991215807852564,one,1,-2964,-1,-17
1599991215839881146,one,1,-2964,0,-16
1599991215903950992,one,1,-2967,0,-16
1599991215935806360,one,1,-2968,0,-17
1599991216000024704,one,1,-2970,0,-16
1599991216031833838,one,1,-2971,0,-15
1599991216096017410,one,1,-2974,0,-15
1599991216127828891,one,1,-2975,0,-15
1599991216191947960,one,1,-2977,0,-15
1599991216255949805,one,1,-2979,0,-15
1599991216287834951,one,1,-2981,0,-15
1599991216351811682,one,1,-2983,-1,-14
1599991216383779063,one,1,-2984,-1,-14
1599991216447937955,one,1,-2986,-1,-15
1599991216479916552,one,1,-2987,-1,-15
1599991216543387980,one,1,-2989,-1,-16
1599991216607732425,one,1,-2990,-1,-16
1599991216639931148,one,1,-2991,-1,-16
1599991216703825485,one,1,-2993,-1,-16
1599991216735749364,one,1,-2993,-1,-17
1599991216799800894,one,1,-2995,-1,-17
1599991216831782546,one,1,-2996,-1,-16
1599991216895994261,one,1,-2997,-1,-16
1599991216927931978,one,1,-2998,-1,-16
1599991216991975466,one,1,-3000,-1,-17
1599991217055780165,one,1,-3001,-1,-17
1599991217087929770,one,1,-3001,-1,-16
1599991217152311804,one,1,-3003,-1,-16
1599991217183718288,one,1,-3004,-1,-16
1599991217247795073,one,1,-3005,-1,-17
1599991217280924880,one,1,-3006,0,-16
1599991217343877463,one,1,-3008,0,-16
1599991217407760828,one,1,-3011,0,-16
1599991217439827150,one,1,-3012,0,-16
1599991217503673912,one,1,-3014,0,-15
1599991217535935877,one,1,-3015,0,-16
1599991217599794293,one,1,-3017,0,-16
1599991217631765247,one,1,-3018,0,-15
1599991217695760470,one,1,-3020,0,-16
1599991217727720283,one,1,-3021,0,-16
1599991217791714655,one,1,-3024,0,-16
1599991217855825219,one,1,-3025,0,-16
1599991217887721348,one,1,-3026,0,-17
1599991217951762430,one,1,-3028,0,-16
1599991217983872288,one,1,-3029,0,-16
1599991218047896944,one,1,-3031,0,-16
1599991218079649173,one,1,-3032,0,-17
1599991218143734431,one,1,-3034,0,-16
1599991218207605178,one,1,-3036,0,-16
1599991218239648907,one,1,-3037,0,-16
1599991218303888573,one,1,-3040,0,-15
1599991218335730006,one,1,-3040,0,-16
1599991218399757052,one,1,-3043,0,-17
1599991218431541831,one,1,-3044,0,-17
1599991218495810991,one,1,-3046,0,-16
1599991218527638880,one,1,-3047,0,-16
1599991218591643263,one,1,-3048,0,-18
1599991218655649361,one,1,-3050,0,-16
1599991218687774770,one,1,-3051,0,-16
1599991218751793943,one,1,-3053,0,-16
1599991218783758351,one,1,-3054,0,-16
1599991218847712373,one,1,-3056,0,-15
1599991218879688802,one,1,-3058,0,-15
1599991218943490271,one,1,-3060,0,-15
1599991219007667506,one,1,-3062,0,-15
1599991219039702471,one,1,-3063,0,-15
1599991219103299970,one,1,-3066,0,-15
1599991219135625027,one,1,-3067,0,-14
1599991219199952248,one,1,-3069,0,-15
1599991219231753799,one,1,-3070,0,-15
1599991219295081917,one,1,-3073,0,-15
1599991219327450598,one,1,-3074,0,-15
1599991219391738446,one,1,-3076,0,-15
1599991219455778998,one,1,-3079,0,-15
1599991219487720018,one,1,-3079,0,-15
1599991219551521848,one,1,-3082,0,-15
1599991219583534527,one,1,-3083,0,-15
1599991219647804995,one,1,-3085,0,-16
1599991219679603865,one,1,-3086,0,-16
1599991219743525326,one,1,-3089,0,-15
1599991219807791138,one,1,-3091,0,-16
1599991219839687438,one,1,-3092,0,-16
1599991219903297689,one,1,-3094,0,-15
1599991219935483556,one,1,-3095,0,-15
1599991219999688489,one,1,-3097,0,-16
1599991220031446083,one,1,-3099,0,-15
1599991220095693122,one,1,-3101,0,-15
1599991220127529322,one,1,-3102,0,-17
1599991220191515742,one,1,-3104,0,-16
1599991220255609573,one,1,-3106,0,-16
1599991220287514503,one,1,-3107,0,-16
1599991220351538354,one,1,-3109,0,-17
1599991220383704134,one,1,-3110,0,-16
1599991220447545369,one,1,-3112,0,-16
1599991220479519157,one,1,-3113,0,-17
1599991220543450347,one,1,-3115,0,-16
1599991220607467099,one,1,-3117,0,-16
1599991220639433713,one,1,-3118,0,-17
1599991220703637307,one,1,-3120,0,-15
1599991220735366670,one,1,-3121,0,-16
1599991220799591050,one,1,-3124,0,-16
1599991220831478506,one,1,-3125,0,-16
1599991220895646365,one,1,-3126,0,-17
1599991220927601543,one,1,-3127,0,-16
1599991220991493280,one,1,-3129,0,-17
1599991221055486764,one,1,-3131,0,-17
1599991221087466531,one,1,-3132,0,-16
1599991221151482396,one,1,-3134,0,-17
1599991221183627932,one,1,-3135,0,-18
1599991221247544121,one,1,-3137,0,-17
1599991221279539580,one,1,-3138,0,-17
1599991221343344019,one,1,-3139,0,-18
1599991221407298628,one,1,-3141,0,-18
1599991221439119387,one,1,-3141,0,-18
1599991221503477625,one,1,-3144,0,-16
1599991221535434894,one,1,-3145,0,-16
1599991221599432293,one,1,-3147,0,-16
1599991221631338964,one,1,-3148,0,-15
1599991221695170191,one,1,-3151,0,-15
1599991221726885300,one,1,-3152,0,-15
1599991221790909232,one,1,-3154,0,-15
1599991221855165928,one,1,-3156,0,-15
1599991221887428390,one,1,-3158,0,-16
1599991221951511559,one,1,-3159,0,-15
1599991221983444122,one,1,-3160,0,-15
1599991222047425619,one,1,-3163,0,-16
1599991222079859523,one,1,-3164,0,-15
1599991222143326632,one,1,-3166,0,-15
1599991222207377248,one,1,-3168,0,-16
1599991222239282273,one,1,-3168,0,-15
1599991222303410969,one,1,-3171,0,-15
1599991222335293119,one,1,-3172,0,-15
1599991222398886962,one,1,-3174,0,-14
1599991222430867541,one,1,-3176,0,-14
1599991222495295612,one,1,-3178,0,-15
1599991222526944825,one,1,-3179,0,-15
1599991222591318592,one,1,-3181,0,-15
1599991222655453955,one,1,-3183,0,-16
1599991222687360522,one,1,-3185,0,-15
1599991222751411718,one,1,-3187,0,-16
1599991222783419873,one,1,-3188,0,-16
1599991222847457123,one,1,-3190,0,-16
1599991222879719270,one,1,-3191,0,-16
1599991222943239220,one,1,-3193,0,-16
1599991223007308258,one,1,-3195,0,-17
1599991223039268576,one,1,-3196,0,-16
1599991223103367865,one,1,-3198,0,-15
1599991223135403613,one,1,-3199,0,-17
1599991223199404806,one,1,-3201,0,-16
1599991223231465658,one,1,-3202,0,-15
1599991223295396904,one,1,-3205,0,-15
1599991223327334107,one,1,-3206,0,-15
1599991223391381149,one,1,-3208,0,-16
1599991223455217458,one,1,-3210,0,-17
1599991223487502395,one,1,-3211,0,-17
1599991223551595237,one,1,-3213,0,-16
1599991223583405659,one,1,-3214,0,-16
1599991223647192576,one,1,-3216,0,-17
1599991223679490470,one,1,-3217,0,-17
1599991223743254755,one,1,-3219,0,-16
1599991223807285681,one,1,-3221,0,-17
1599991223839289906,one,1,-3222,0,-17
1599991223903266067,one,1,-3223,0,-17
1599991223935202836,one,1,-3224,0,-17
1599991223999291585,one,1,-3226,0,-17
1599991224031187726,one,1,-3227,0,-17
1599991224094936829,one,1,-3229,0,-16
1599991224126964725,one,1,-3231,0,-16
1599991224191368399,one,1,-3233,0,-17
1599991224255398732,one,1,-3235,0,-16
1599991224287368080,one,1,-3235,0,-16
1599991224351301112,one,1,-3237,0,-16
1599991224383371483,one,1,-3239,0,-15
1599991224447108503,one,1,-3241,0,-15
1599991224479320086,one,1,-3242,0,-16
1599991224543186008,one,1,-3244,0,-17
1599991224607278610,one,1,-3246,0,-16
1599991224639119162,one,1,-3247,0,-16
1599991224703295857,one,1,-3249,0,-17
1599991224735148789,one,1,-3250,0,-16
1599991224799437817,one,1,-3252,0,-16
1599991224831151848,one,1,-3253,0,-16
1599991224895257315,one,1,-3256,0,-16
1599991224959133321,one,1,-3258,0,-16
1599991224991236981,one,1,-3259,0,-16
1599991225055120014,one,1,-3261,0,-15
1599991225087127950,one,1,-3262,0,-15
1599991225151378561,one,1,-3265,0,-15
1599991225183296502,one,1,-3266,0,-16
1599991225247104775,one,1,-3268,0,-15
1599991225279259306,one,1,-3269,0,-15
1599991225342619535,one,1,-3271,0,-16
1599991225407271010,one,1,-3273,0,-16
1599991225439244216,one,1,-3274,0,-16
1599991225502614896,one,1,-3276,0,-16
1599991225534580216,one,1,-3278,0,-17
1599991225599985128,one,1,-3279,0,-17
1599991225631231504,one,1,-3280,0,-16
1599991225695139161,one,1,-3283,0,-16
1599991225759290785,one,1,-3285,0,-16
1599991225791175793,one,1,-3286,0,-16
1599991225855065528,one,1,-3288,0,-16
1599991225887150033,one,1,-3289,0,-15
1599991225950965193,one,1,-3291,0,-16
1599991225983251357,one,1,-3292,0,-16
1599991226046997918,one,1,-3294,0,-16
1599991226079097704,one,1,-3295,0,-16
1599991226143006318,one,1,-3297,0,-16
1599991226207063790,one,1,-3300,0,-16
1599991226239067191,one,1,-3300,0,-16
1599991226303160052,one,1,-3302,0,-17
1599991226335061305,one,1,-3303,0,-18
1599991226399140341,one,1,-3305,0,-17
1599991226431005699,one,1,-3306,0,-17
1599991226495221219,one,1,-3308,0,-17
1599991226559015761,one,1,-3310,0,-16
1599991226591097399,one,1,-3311,0,-16
1599991226655004351,one,1,-3313,0,-16
1599991226687055096,one,1,-3314,0,-16
1599991226751041553,one,1,-3316,0,-15
1599991226783064196,one,1,-3318,0,-15
1599991226847061882,one,1,-3320,0,-16
1599991226878944985,one,1,-3321,0,-17
1599991226943098485,one,1,-3322,0,-15
1599991227007172241,one,1,-3324,0,-17
1599991227038914449,one,1,-3326,0,-17
1599991227102715568,one,1,-3328,0,-16
1599991227134673686,one,1,-3329,0,-16
1599991227199043121,one,1,-3331,0,-16
1599991227231090920,one,1,-3332,0,-15
1599991227295028559,one,1,-3334,0,-15
1599991227359242931,one,1,-3336,0,-15
1599991227390502228,one,1,-3337,0,-15
1599991227454908466,one,1,-3340,0,-15
1599991227487425597,one,1,-3341,0,-15
1599991227551127651,one,1,-3343,0,-14
1599991227582973579,one,1,-3345,0,-14
1599991227646915092,one,1,-3347,0,-15
1599991227678930932,one,1,-3348,0,-15
1599991227742922994,one,1,-3350,0,-15
1599991227806971935,one,1,-3352,0,-15
1599991227838861571,one,1,-3354,0,-15
1599991227902870100,one,1,-3356,0,-15
1599991227934879187,one,1,-3357,0,-16
1599991227999019468,one,1,-3359,0,-16
1599991228030919044,one,1,-3360,0,-15
1599991228094904947,one,1,-3362,0,-16
1599991228158983924,one,1,-3364,0,-16
1599991228190912675,one,1,-3365,0,-15
1599991228255023230,one,1,-3368,0,-15
1599991228286984521,one,1,-3368,0,-16
1599991228350904274,one,1,-3371,0,-14
1599991228383212540,one,1,-3372,0,-15
1599991228446828556,one,1,-3374,0,-16
1599991228478969514,one,1,-3375,0,-16
1599991228542853839,one,1,-3378,0,-15
1599991228606894857,one,1,-3379,0,-16
1599991228638840341,one,1,-3381,0,-16
1599991228702889501,one,1,-3383,0,-16
1599991228734800967,one,1,-3384,0,-16
1599991228798879420,one,1,-3386,0,-17
1599991228830800709,one,1,-3387,0,-16
1599991228894949371,one,1,-3389,0,-17
1599991228959000767,one,1,-3391,0,-17
1599991228990905947,one,1,-3391,0,-16
1599991229054775057,one,1,-3394,0,-16
1599991229088229779,one,1,-3394,0,-16
1599991229150762963,one,1,-3397,0,-15
1599991229182913976,one,1,-3398,0,-15
1599991229246875266,one,1,-3400,0,-16
1599991229278941357,one,1,-3401,0,-16
1599991229342780513,one,1,-3403,0,-16
1599991229406730973,one,1,-3406,0,-17
1599991229438794986,one,1,-3406,0,-16
1599991229502893576,one,1,-3409,0,-16
1599991229534757684,one,1,-3410,0,-16
1599991229598822740,one,1,-3412,0,-17
1599991229630817664,one,1,-3413,0,-17
1599991229694806945,one,1,-3415,0,-15
1599991229758977347,one,1,-3416,0,-16
1599991229790782402,one,1,-3418,0,-17
1599991229854689036,one,1,-3420,0,-15
1599991229887183334,one,1,-3421,0,-15
1599991229951055170,one,1,-3423,0,-15
1599991229982874616,one,1,-3425,0,-14
1599991230046692050,one,1,-3427,0,-14
1599991230081213329,one,1,-3428,0,-14
1599991230142637540,one,1,-3431,0,-15
1599991230206792814,one,1,-3433,0,-15
1599991230238652193,one,1,-3434,0,-15
1599991230302878762,one,1,-3436,0,-15
1599991230334617790,one,1,-3438,0,-16
1599991230398747331,one,1,-3440,0,-16
1599991230430688139,one,1,-3441,0,-15
1599991230494770225,one,1,-3443,0,-16
1599991230558699770,one,1,-3445,0,-16
1599991230590802679,one,1,-3447,0,-14
1599991230654631768,one,1,-3449,0,-15
1599991230686777380,one,1,-3450,0,-15
1599991230751080994,one,1,-3452,0,-14
1599991230782589938,one,1,-3454,0,-14
1599991230846611535,one,1,-3456,0,-15
1599991230878687522,one,1,-3457,0,-15
1599991230942693992,one,1,-3459,0,-15
1599991231006790531,one,1,-3461,0,-15
1599991231038719834,one,1,-3463,0,-14
1599991231102639026,one,1,-3465,0,-17
1599991231134732391,one,1,-3465,0,-17
1599991231198779643,one,1,-3468,0,-16
1599991231230814857,one,1,-3469,0,-17
1599991231294036429,one,1,-3471,0,-18
1599991231358647290,one,1,-3472,0,-17
1599991231390601361,one,1,-3473,0,-17
1599991231454603762,one,1,-3475,0,-17
1599991231486616738,one,1,-3476,0,-17
1599991231550506100,one,1,-3477,0,-16
1599991231582646581,one,1,-3479,0,-15
1599991231646535941,one,1,-3481,0,-16
1599991231678713206,one,1,-3482,0,-16
1599991231742642761,one,1,-3484,0,-16
1599991231806637181,one,1,-3486,0,-16
1599991231838602227,one,1,-3487,0,-17
1599991231902649139,one,1,-3489,0,-16
1599991231934426626,one,1,-3490,0,-17
1599991231998592647,one,1,-3492,0,-18
1599991232030487801,one,1,-3492,0,-18
1599991232094607445,one,1,-3494,0,-18
1599991232158640570,one,1,-3497,0,-18
1599991232190751010,one,1,-3498,0,-18
1599991232254456943,one,1,-3499,0,-19
1599991232286485753,one,1,-3500,0,-18
1599991232350452826,one,1,-3503,0,-17
1599991232382573601,one,1,-3504,0,-17
1599991232446908102,one,1,-3507,0,-15
1599991232478716179,one,1,-3508,0,-15
1599991232542525358,one,1,-3511,0,-15
1599991232606462558,one,1,-3513,-1,-16
1599991232638408152,one,1,-3514,-1,-17
1599991232702511032,one,1,-3516,-1,-15
1599991232734471501,one,1,-3517,-1,-15
1599991232798409264,one,1,-3519,-1,-17
1599991232830465162,one,1,-3520,-1,-17
1599991232894627782,one,1,-3522,-1,-16
1599991232958595047,one,1,-3523,-1,-16
1599991232990419349,one,1,-3524,-1,-18
1599991233054523983,one,1,-3526,-1,-18
1599991233086380209,one,1,-3526,-1,-18
1599991233150105170,one,1,-3529,0,-16
1599991233182141302,one,1,-3530,0,-16
1599991233246224724,one,1,-3532,0,-15
1599991233278339334,one,1,-3534,-1,-15
1599991233342313261,one,1,-3536,-1,-14
1599991233406489538,one,1,-3538,-1,-14
1599991233438585743,one,1,-3539,-1,-15
1599991233502495148,one,1,-3541,-1,-17
1599991233534319920,one,1,-3541,-1,-18
1599991233598492749,one,1,-3543,0,-16
1599991233630618034,one,1,-3544,0,-15
1599991233694527431,one,1,-3547,0,-16
1599991233758494498,one,1,-3549,0,-15
1599991233790474170,one,1,-3550,0,-16
1599991233854283619,one,1,-3552,0,-17
1599991233886445579,one,1,-3553,0,-18
1599991233950446971,one,1,-3554,0,-18
1599991233982606195,one,1,-3555,0,-18
1599991234047090869,one,1,-3557,0,-17
1599991234078496659,one,1,-3558,0,-16
1599991234142415701,one,1,-3561,0,-15
1599991234206341464,one,1,-3563,0,-15
1599991234238510631,one,1,-3564,0,-15
1599991234302391294,one,1,-3566,0,-16
1599991234334344258,one,1,-3567,0,-17
1599991234398240056,one,1,-3570,0,-18
1599991234430329028,one,1,-3570,0,-17
1599991234493979342,one,1,-3572,0,-17
1599991234558254085,one,1,-3574,0,-17
1599991234590649869,one,1,-3575,0,-16
1599991234654348253,one,1,-3577,0,-17
1599991234686463895,one,1,-3578,0,-18
1599991234750297749,one,1,-3580,0,-19
1599991234782235237,one,1,-3580,0,-19
1599991234846331579,one,1,-3582,0,-20
1599991234878344417,one,1,-3583,0,-20
1599991234942289629,one,1,-3584,0,-19
1599991235006399898,one,1,-3586,0,-18
1599991235038360614,one,1,-3587,0,-17
1599991235102460739,one,1,-3589,0,-17
1599991235134220290,one,1,-3590,0,-17
1599991235198229030,one,1,-3592,0,-16
1599991235230237539,one,1,-3593,0,-17
1599991235294313788,one,1,-3595,0,-18
1599991235357713942,one,1,-3597,0,-18
1599991235389825710,one,1,-3598,0,-18
1599991235454454095,one,1,-3599,0,-18
1599991235486195479,one,1,-3600,0,-18
1599991235550188453,one,1,-3602,0,-16
1599991235582216640,one,1,-3603,0,-17
1599991235646645278,one,1,-3605,0,-18
1599991235678369620,one,1,-3606,0,-18
1599991235742373991,one,1,-3607,0,-19
1599991235806196124,one,1,-3608,0,-22
1599991235838188639,one,1,-3609,0,-22
1599991235902214105,one,1,-3612,0,-18
1599991235934128925,one,1,-3613,0,-17
1599991235998261860,one,1,-3615,0,-16
1599991236030188076,one,1,-3617,-1,-15
1599991236094355451,one,1,-3619,-1,-15
1599991236158411802,one,1,-3622,-1,-17
1599991236190245638,one,1,-3623,-1,-16
1599991236254203845,one,1,-3625,-1,-16
1599991236286452987,one,1,-3626,-1,-16
1599991236350168024,one,1,-3628,-1,-16
1599991236382194201,one,1,-3629,-1,-16
1599991236446281677,one,1,-3632,-1,-17
1599991236478228889,one,1,-3633,-1,-17
1599991236542297209,one,1,-3634,-1,-18
1599991236606326962,one,1,-3636,-1,-20
1599991236638186957,one,1,-3637,-1,-19
1599991236702202384,one,1,-3639,-1,-17
1599991236734163382,one,1,-3640,-1,-16
1599991236798164298,one,1,-3642,-1,-16
1599991236830105997,one,1,-3643,-1,-16
1599991236895802469,one,1,-3645,-1,-15
1599991236958243257,one,1,-3647,-1,-16
1599991236990225238,one,1,-3648,-1,-16
1599991237054128596,one,1,-3651,-1,-17
1599991237086210708,one,1,-3651,-1,-17
1599991237150096357,one,1,-3654,-1,-18
1599991237182118463,one,1,-3654,-1,-18
1599991237246200588,one,1,-3656,-1,-17
1599991237278096664,one,1,-3658,-1,-17
1599991237342093462,one,1,-3659,-1,-17
1599991237406079592,one,1,-3661,-1,-18
1599991237438107532,one,1,-3662,-1,-19
1599991237501537904,one,1,-3663,0,-21
1599991237533531945,one,1,-3663,0,-21
1599991237598103375,one,1,-3666,0,-18
1599991237630146932,one,1,-3668,-1,-17
1599991237694420218,one,1,-3670,-1,-16
1599991237758073056,one,1,-3672,-1,-15
1599991237790203199,one,1,-3673,-1,-17
1599991237853960416,one,1,-3674,-1,-18
1599991237886167797,one,1,-3675,-1,-18
1599991237950064404,one,1,-3677,0,-18
1599991237983189416,one,1,-3678,0,-18
1599991238046237851,one,1,-3680,0,-18
1599991238078030236,one,1,-3681,0,-17
1599991238142088711,one,1,-3683,0,-16
1599991238206154753,one,1,-3686,0,-17
1599991238238052366,one,1,-3687,0,-16
1599991238302108063,one,1,-3690,0,-17
1599991238333988090,one,1,-3690,0,-17
1599991238397992051,one,1,-3693,0,-16
1599991238429979025,one,1,-3694,0,-16
1599991238494080236,one,1,-3697,0,-16
1599991238558059702,one,1,-3700,0,-15
1599991238590055844,one,1,-3701,0,-16
1599991238653978818,one,1,-3704,0,-15
1599991238686100447,one,1,-3705,0,-15
1599991238750004188,one,1,-3707,0,-17
1599991238782028841,one,1,-3709,0,-16
1599991238845991869,one,1,-3711,-1,-17
1599991238878276997,one,1,-3712,-1,-17
1599991238942062191,one,1,-3714,-1,-16
1599991239005925545,one,1,-3716,-1,-17
1599991239037918167,one,1,-3717,-1,-19
1599991239101927911,one,1,-3719,-1,-18
1599991239133957369,one,1,-3719,-1,-17
1599991239198095510,one,1,-3721,-1,-17
1599991239230022166,one,1,-3722,-1,-17
1599991239294146906,one,1,-3725,-1,-16
1599991239357959834,one,1,-3727,-1,-15
1599991239390006445,one,1,-3728,-1,-15
1599991239454183371,one,1,-3730,-1,-16
1599991239485961999,one,1,-3731,-1,-17
1599991239549887071,one,1,-3733,-1,-17
1599991239582170446,one,1,-3734,-1,-18
1599991239645992570,one,1,-3736,-1,-16
1599991239678328440,one,1,-3737,-1,-16
1599991239742067567,one,1,-3739,-1,-17
1599991239805860765,one,1,-3741,-1,-17
1599991239837935885,one,1,-3742,-1,-17
1599991239901897805,one,1,-3744,-1,-20
1599991239933799688,one,1,-3744,-1,-20
1599991239997886419,one,1,-3745,0,-22
1599991240029980835,one,1,-3745,0,-20
1599991240093818121,one,1,-3748,0,-18
1599991240157886316,one,1,-3751,-1,-16
1599991240190222838,one,1,-3752,-1,-16
1599991240253833068,one,1,-3755,-1,-17
1599991240285976362,one,1,-3756,-1,-17
1599991240349752045,one,1,-3757,-1,-17
1599991240382057134,one,1,-3759,-1,-18
1599991240445980503,one,1,-3760,-1,-18
1599991240477548029,one,1,-3761,-1,-17
1599991240541601289,one,1,-3763,-1,-17
1599991240606016708,one,1,-3764,-1,-18
1599991240637833643,one,1,-3765,-1,-18
1599991240701909207,one,1,-3766,-1,-17
1599991240733806627,one,1,-3767,-1,-17
1599991240797915530,one,1,-3769,-1,-19
1599991240829761544,one,1,-3769,-1,-19
1599991240893750165,one,1,-3770,0,-20
1599991240957729718,one,1,-3772,0,-22
1599991240989874729,one,1,-3773,0,-19
1599991241053698088,one,1,-3775,0,-18
1599991241085908810,one,1,-3777,0,-15
1599991241149676129,one,1,-3780,-1,-15
1599991241181779306,one,1,-3781,-1,-15
1599991241246005040,one,1,-3783,-1,-16
1599991241277641578,one,1,-3785,-1,-16
1599991241341788877,one,1,-3786,-1,-17
1599991241405925345,one,1,-3787,0,-18
1599991241437700170,one,1,-3788,0,-17
1599991241501756385,one,1,-3790,0,-17
1599991241533753734,one,1,-3792,0,-18
1599991241597807433,one,1,-3794,0,-17
1599991241629760972,one,1,-3795,0,-17
1599991241693880667,one,1,-3797,0,-18
1599991241757885557,one,1,-3798,0,-20
1599991241789808991,one,1,-3799,0,-20
1599991241853705401,one,1,-3801,0,-18
1599991241885713379,one,1,-3802,0,-18
1599991241949835707,one,1,-3804,0,-16
1599991241981770095,one,1,-3806,0,-16
1599991242045690164,one,1,-3808,0,-16
1599991242077729919,one,1,-3809,0,-15
1599991242141698175,one,1,-3811,0,-16
1599991242205784723,one,1,-3814,0,-16
1599991242237651343,one,1,-3815,0,-16
1599991242301735623,one,1,-3817,0,-16
1599991242333812148,one,1,-3818,0,-17
1599991242397724528,one,1,-3821,0,-16
1599991242429651235,one,1,-3822,0,-17
1599991242493668467,one,1,-3824,0,-17
1599991242557797087,one,1,-3826,0,-17
1599991242589695961,one,1,-3827,0,-17
1599991242653997882,one,1,-3830,0,-17
1599991242685788327,one,1,-3831,0,-16
1599991242749797099,one,1,-3833,0,-16
1599991242781588285,one,1,-3834,0,-16
1599991242845638671,one,1,-3837,0,-15
1599991242877633218,one,1,-3838,0,-16
1599991242941554858,one,1,-3840,0,-17
1599991243005768832,one,1,-3842,0,-16
1599991243037520828,one,1,-3843,0,-16
1599991243101615604,one,1,-3846,0,-17
1599991243133626519,one,1,-3846,0,-17
1599991243197619548,one,1,-3849,0,-17
1599991243229623532,one,1,-3850,0,-18
1599991243293082394,one,1,-3852,0,-18
1599991243357720795,one,1,-3853,0,-21
1599991243389822843,one,1,-3854,0,-21
1599991243453719470,one,1,-3856,0,-19
1599991243485878388,one,1,-3858,0,-18
1599991243549337790,one,1,-3860,0,-17
1599991243581562101,one,1,-3863,-1,-16
1599991243645706120,one,1,-3866,-1,-15
1599991243677657967,one,1,-3866,-1,-16
1599991243741680419,one,1,-3869,-1,-16
1599991243805663107,one,1,-3871,-1,-16
1599991243837402169,one,1,-3873,-1,-16
1599991243901553989,one,1,-3875,-1,-15
1599991243933500103,one,1,-3876,-1,-16
1599991243997660695,one,1,-3878,-1,-16
1599991244029563168,one,1,-3880,-1,-16
1599991244093635977,one,1,-3882,-1,-17
1599991244157706897,one,1,-3884,-1,-17
1599991244189512907,one,1,-3885,-1,-17
1599991244253626679,one,1,-3887,-1,-16
1599991244285612352,one,1,-3888,-1,-16
1599991244349566948,one,1,-3891,-1,-14
1599991244381507867,one,1,-3892,-1,-14
1599991244445516776,one,1,-3894,-1,-16
1599991244478051129,one,1,-3895,-1,-16
1599991244541596117,one,1,-3896,-1,-15
1599991244605518766,one,1,-3898,-1,-15
1599991244637877399,one,1,-3899,-1,-16
1599991244701699597,one,1,-3901,-1,-16
1599991244733520255,one,1,-3901,-1,-16
1599991244797597069,one,1,-3903,-1,-16
1599991244829418575,one,1,-3904,-1,-17
1599991244893449808,one,1,-3905,-1,-17
1599991244957628920,one,1,-3906,-1,-17
1599991244989554230,one,1,-3907,-1,-16
1599991245053460220,one,1,-3909,-1,-18
1599991245085600491,one,1,-3909,-1,-18
1599991245149368022,one,1,-3910,0,-18
1599991245181419671,one,1,-3912,0,-16
1599991245245570073,one,1,-3914,0,-16
1599991245277610312,one,1,-3915,0,-16
1599991245341425963,one,1,-3917,0,-15
1599991245405041662,one,1,-3920,0,-17
1599991245437463402,one,1,-3921,0,-17
1599991245501509281,one,1,-3923,0,-16
1599991245533371704,one,1,-3925,0,-16
1599991245597563131,one,1,-3927,0,-17
1599991245629516710,one,1,-3928,0,-16
1599991245693375300,one,1,-3930,0,-16
1599991245757385101,one,1,-3932,0,-17
1599991245789356697,one,1,-3934,0,-16
1599991245853691391,one,1,-3936,0,-18
1599991245885692347,one,1,-3936,0,-18
1599991245949569173,one,1,-3938,0,-16
1599991245981570893,one,1,-3939,0,-16
1599991246045585052,one,1,-3942,0,-16
1599991246077472776,one,1,-3943,0,-15
1599991246141438197,one,1,-3945,0,-15
1599991246205435345,one,1,-3948,0,-16
1599991246237301279,one,1,-3949,0,-15
1599991246301483905,one,1,-3951,-1,-16
1599991246333383539,one,1,-3952,-1,-16
1599991246397263077,one,1,-3955,-1,-16
1599991246429259794,one,1,-3955,-1,-16
1599991246492942849,one,1,-3957,-1,-16
1599991246557292490,one,1,-3959,-1,-16
1599991246589589914,one,1,-3960,-1,-16
1599991246653330763,one,1,-3962,-1,-16
1599991246685294010,one,1,-3963,-1,-16
1599991246749356745,one,1,-3965,-1,-17
1599991246781248609,one,1,-3965,-1,-15
1599991246845529502,one,1,-3968,-1,-15
1599991246877347101,one,1,-3969,-1,-16
1599991246941256326,one,1,-3971,-1,-14
1599991247005680590,one,1,-3973,-1,-15
1599991247037493085,one,1,-3975,-1,-16
1599991247101435581,one,1,-3976,-1,-15
1599991247133461785,one,1,-3977,-1,-15
1599991247197290546,one,1,-3980,-1,-16
1599991247229392540,one,1,-3981,-1,-15
1599991247293520623,one,1,-3983,-1,-15
1599991247356843361,one,1,-3985,-1,-16
1599991247388744214,one,1,-3986,-1,-16
1599991247452722541,one,1,-3988,-1,-15
1599991247484910013,one,1,-3989,-1,-15
1599991247548827960,one,1,-3991,-1,-17
1599991247580748498,one,1,-3992,-1,-15
1599991247644694038,one,1,-3993,-1,-15
1599991247676715714,one,1,-3994,-1,-16
1599991247740737485,one,1,-3996,-1,-15
1599991247804849516,one,1,-3999,-1,-15
1599991247837516479,one,1,-4000,-1,-15
1599991247900979252,one,1,-4002,-1,-15
1599991247933077176,one,1,-4003,-1,-15
1599991247996966705,one,1,-4005,-1,-16
1599991248028944003,one,1,-4006,-1,-17
1599991248093290480,one,1,-4008,-1,-16
1599991248157186203,one,1,-4010,-1,-16
1599991248189220481,one,1,-4011,-1,-17
1599991248253258311,one,1,-4012,-1,-18
1599991248284934906,one,1,-4013,-1,-17
1599991248348810109,one,1,-4014,-1,-17
1599991248380951026,one,1,-4015,-1,-18
1599991248444925253,one,1,-4017,-1,-18
1599991248477029860,one,1,-4017,-1,-17
1599991248540948988,one,1,-4020,-1,-17
1599991248604953995,one,1,-4021,-1,-17
1599991248636933693,one,1,-4022,-1,-17
1599991248700880465,one,1,-4023,-1,-16
1599991248732894758,one,1,-4025,-1,-16
1599991248796881015,one,1,-4027,-1,-16
1599991248828909608,one,1,-4027,-1,-16
1599991248893049528,one,1,-4030,-1,-17
1599991248957267624,one,1,-4031,-1,-16
1599991248989343198,one,1,-4032,-1,-16
1599991249053282001,one,1,-4034,-1,-17
1599991249085132561,one,1,-4034,-1,-17
1599991249149347893,one,1,-4036,-1,-16
1599991249181094999,one,1,-4037,-1,-17
1599991249245054526,one,1,-4039,-1,-17
1599991249309303626,one,1,-4041,-1,-16
1599991249341151681,one,1,-4042,-1,-16
1599991249404757303,one,1,-4043,-1,-16
1599991249436600434,one,1,-4044,-1,-16
1599991249500581475,one,1,-4046,-1,-16
1599991249532544120,one,1,-4047,-1,-16
1599991249596540436,one,1,-4050,-1,-16
1599991249628571703,one,1,-4051,-1,-15
1599991249692635637,one,1,-4052,-1,-15
1599991249756717908,one,1,-4055,-1,-15
1599991249789441112,one,1,-4056,-1,-15
1599991249852646281,one,1,-4058,-1,-15
1599991249885141163,one,1,-4059,-1,-15
1599991249949122581,one,1,-4061,-1,-16
1599991249981097620,one,1,-4062,-1,-15
1599991250045153390,one,1,-4064,-1,-16
1599991250108524760,one,1,-4065,-1,-17
1599991250140635532,one,1,-4067,-1,-16
1599991250205187439,one,1,-4069,-1,-16
1599991250236994092,one,1,-4070,-1,-16
1599991250301105547,one,1,-4072,-1,-16
1599991250333019483,one,1,-4073,-1,-15
1599991250397017641,one,1,-4075,-1,-15
1599991250428997897,one,1,-4076,-1,-16
1599991250493054400,one,1,-4078,-1,-15
1599991250557163290,one,1,-4081,-1,-15
1599991250589305439,one,1,-4082,-1,-15
1599991250652974376,one,1,-4084,-1,-15
1599991250685163036,one,1,-4085,-1,-15
1599991250748995935,one,1,-4087,-1,-16
1599991250781120687,one,1,-4088,-1,-16
1599991250844930982,one,1,-4090,-1,-15
1599991250908972880,one,1,-4092,-1,-17
1599991250941056166,one,1,-4093,-1,-18
1599991251004966865,one,1,-4095,-1,-16
1599991251036864679,one,1,-4095,-1,-16
1599991251101149453,one,1,-4097,-1,-18
1599991251132912380,one,1,-4098,-1,-18
1599991251196944904,one,1,-4100,-1,-16
1599991251228884606,one,1,-4101,-1,-16
1599991251293064877,one,1,-4103,-1,-17
1599991251356987326,one,1,-4105,-1,-17
1599991251388608872,one,1,-4106,-1,-16
1599991251452941041,one,1,-4108,-1,-16
1599991251485036746,one,1,-4109,-1,-16
1599991251549083358,one,1,-4111,-1,-15
1599991251581031117,one,1,-4113,-1,-15
1599991251645030700,one,1,-4115,-1,-17
1599991251708949272,one,1,-4117,-1,-16
1599991251740929086,one,1,-4118,-1,-16
1599991251804876599,one,1,-4120,-1,-16
1599991251836819967,one,1,-4120,-1,-17
1599991251900623759,one,1,-4122,-1,-16
1599991251932499362,one,1,-4124,-1,-16
1599991251996698582,one,1,-4126,-1,-17
1599991252028640920,one,1,-4126,-1,-17
1599991252092721641,one,1,-4129,-1,-14
1599991252157022685,one,1,-4130,-1,-14
1599991252188913633,one,1,-4132,-1,-15
1599991252253049006,one,1,-4134,-1,-14
1599991252285014286,one,1,-4136,-1,-14
1599991252348838204,one,1,-4138,-1,-15
1599991252380835334,one,1,-4139,-1,-15
1599991252444783780,one,1,-4141,-1,-14
1599991252477709010,one,1,-4142,-1,-15
1599991252540345253,one,1,-4145,-1,-15
1599991252604924840,one,1,-4148,-1,-15
1599991252636806074,one,1,-4149,-1,-16
1599991252700905301,one,1,-4151,-1,-15
1599991252732863297,one,1,-4151,-1,-15
1599991252796930035,one,1,-4154,-1,-15
1599991252828821537,one,1,-4155,-1,-15
1599991252892797063,one,1,-4158,-1,-14
1599991252956803689,one,1,-4159,-1,-15
1599991252988836392,one,1,-4160,-1,-16
1599991253052781968,one,1,-4163,-1,-14
1599991253084957212,one,1,-4164,-1,-14
1599991253148781663,one,1,-4166,-1,-15
1599991253181121143,one,1,-4167,-1,-15
1599991253244790565,one,1,-4169,-1,-14
1599991253308741959,one,1,-4172,-1,-15
1599991253340787154,one,1,-4172,-1,-15
1599991253405067148,one,1,-4174,-1,-15
1599991253436808297,one,1,-4176,-1,-15
1599991253500859077,one,1,-4178,-1,-16
1599991253532829474,one,1,-4179,-1,-16
1599991253596756909,one,1,-4181,-1,-16
1599991253628780936,one,1,-4181,-1,-17
1599991253692898081,one,1,-4183,-1,-16
1599991253756945384,one,1,-4185,-1,-16
1599991253788912091,one,1,-4186,-1,-16
1599991253852753887,one,1,-4188,-1,-16
1599991253885064636,one,1,-4189,-1,-16
1599991253948671018,one,1,-4191,-1,-16
1599991253980695240,one,1,-4192,-1,-17
1599991254044815095,one,1,-4193,-1,-16
1599991254108690191,one,1,-4195,-1,-16
1599991254140818320,one,1,-4197,-1,-16
1599991254204658661,one,1,-4198,-1,-18
1599991254236751707,one,1,-4199,-1,-17
1599991254300811953,one,1,-4201,-1,-17
1599991254332643555,one,1,-4202,-1,-17
1599991254396882155,one,1,-4203,-1,-18
1599991254429816536,one,1,-4204,-1,-18
1599991254492673720,one,1,-4206,-1,-16
1599991254556692807,one,1,-4207,-1,-17
1599991254588694667,one,1,-4208,-1,-18
1599991254652638031,one,1,-4210,-1,-18
1599991254684745082,one,1,-4210,-1,-17
1599991254748779548,one,1,-4212,-1,-18
1599991254780778825,one,1,-4213,-1,-18
1599991254844760488,one,1,-4214,0,-19
1599991254908855541,one,1,-4216,0,-15
1599991254940784609,one,1,-4218,0,-15
1599991255004473447,one,1,-4220,0,-16
1599991255036404064,one,1,-4221,-1,-15
1599991255100645844,one,1,-4224,-1,-15
1599991255132666554,one,1,-4225,-1,-15
1599991255196589237,one,1,-4227,-1,-15
1599991255228636708,one,1,-4228,-1,-15
1599991255292208581,one,1,-4229,-1,-15
1599991255356046825,one,1,-4231,-1,-15
1599991255388363943,one,1,-4231,-1,-16
1599991255452707677,one,1,-4233,-1,-16
1599991255484855665,one,1,-4234,-1,-16
1599991255548255969,one,1,-4235,-1,-18
1599991255580493319,one,1,-4236,-1,-17
1599991255644491097,one,1,-4237,0,-16
1599991255708505641,one,1,-4239,0,-17
1599991255740459295,one,1,-4240,0,-17
1599991255804664842,one,1,-4243,0,-16
1599991255836617601,one,1,-4243,0,-16
1599991255900592120,one,1,-4246,0,-16
1599991255932514201,one,1,-4247,0,-15
1599991255996662179,one,1,-4250,0,-15
1599991256028550710,one,1,-4251,0,-15
1599991256092696334,one,1,-4253,0,-15
1599991256156577057,one,1,-4256,0,-15
1599991256188513715,one,1,-4257,0,-16
1599991256252501870,one,1,-4259,0,-16
1599991256284500975,one,1,-4260,0,-16
1599991256348490532,one,1,-4263,0,-16
1599991256380490211,one,1,-4264,0,-16
1599991256444612556,one,1,-4265,0,-16
1599991256508532268,one,1,-4268,0,-16
1599991256540512281,one,1,-4268,0,-17
1599991256604549513,one,1,-4271,0,-16
1599991256636489207,one,1,-4272,0,-16
1599991256700550043,one,1,-4274,0,-16
1599991256732756403,one,1,-4276,0,-15
1599991256796589194,one,1,-4278,0,-15
1599991256828486409,one,1,-4279,0,-16
1599991256892651626,one,1,-4282,0,-16
1599991256956571645,one,1,-4284,0,-16
1599991256988752213,one,1,-4285,0,-17
1599991257052631456,one,1,-4287,0,-16
1599991257084527680,one,1,-4288,0,-16
1599991257148737419,one,1,-4290,0,-18
1599991257180671914,one,1,-4291,0,-18
1599991257244569855,one,1,-4293,0,-17
1599991257308503631,one,1,-4294,0,-18
1599991257340350291,one,1,-4295,0,-18
1599991257404170170,one,1,-4297,0,-18
1599991257436104826,one,1,-4298,0,-16
1599991257500516539,one,1,-4300,0,-17
1599991257532446025,one,1,-4301,0,-18
1599991257596546002,one,1,-4304,0,-16
1599991257628408232,one,1,-4305,0,-16
1599991257692623896,one,1,-4307,0,-16
1599991257756481045,one,1,-4309,0,-16
1599991257788389230,one,1,-4310,0,-16
1599991257852413716,one,1,-4312,0,-16
1599991257884547313,one,1,-4313,0,-16
1599991257948460639,one,1,-4315,0,-16
1599991257980579721,one,1,-4316,0,-16
1599991258044552626,one,1,-4319,0,-16
1599991258108503701,one,1,-4321,0,-16
1599991258140352272,one,1,-4322,0,-16
1599991258204560057,one,1,-4324,0,-16
1599991258236373681,one,1,-4325,0,-16
1599991258300532606,one,1,-4327,0,-16
1599991258332469010,one,1,-4328,0,-16
1599991258396580502,one,1,-4331,0,-14
1599991258428314167,one,1,-4332,-1,-14
1599991258492095950,one,1,-4335,-1,-15
1599991258556552726,one,1,-4336,-1,-15
1599991258588451433,one,1,-4337,-1,-16
1599991258652370186,one,1,-4339,-1,-16
1599991258684369881,one,1,-4340,-1,-16
1599991258748402623,one,1,-4341,-1,-16
1599991258780409042,one,1,-4342,-1,-16
1599991258844308339,one,1,-4344,-1,-16
1599991258908342568,one,1,-4345,-1,-17
1599991258940353239,one,1,-4346,-1,-17
1599991259004282063,one,1,-4347,-1,-16
1599991259036327099,one,1,-4348,-1,-18
1599991259099999853,one,1,-4349,-1,-19
1599991259131993127,one,1,-4349,0,-19
1599991259196436107,one,1,-4351,0,-18
1599991259228239951,one,1,-4352,0,-18
1599991259292357032,one,1,-4354,0,-17
1599991259356273085,one,1,-4356,0,-17
1599991259388293456,one,1,-4358,0,-16
1599991259452260269,one,1,-4361,0,-16
1599991259484401157,one,1,-4362,0,-16
1599991259548700267,one,1,-4364,0,-16
1599991259580404866,one,1,-4366,0,-17
1599991259644238938,one,1,-4368,0,-16
1599991259708433168,one,1,-4370,0,-16
1599991259740252960,one,1,-4372,0,-17
1599991259804325125,one,1,-4374,0,-16
1599991259836211848,one,1,-4375,0,-16
1599991259900353190,one,1,-4377,0,-17
1599991259932390626,one,1,-4379,0,-17
1599991259996321157,one,1,-4382,0,-16
1599991260028355051,one,1,-4383,0,-17
1599991260092271695,one,1,-4384,0,-16
1599991260156385046,one,1,-4387,-1,-16
1599991260188346254,one,1,-4388,-1,-15
1599991260252361270,one,1,-4390,-1,-15
1599991260284235558,one,1,-4391,-1,-16
1599991260348259098,one,1,-4392,-1,-16
1599991260380302063,one,1,-4393,-1,-16
1599991260444206931,one,1,-4394,-1,-17
1599991260508363471,one,1,-4395,-1,-16
1599991260540326227,one,1,-4396,-1,-17
1599991260604279508,one,1,-4397,0,-18
1599991260636219952,one,1,-4398,0,-17
1599991260700246447,one,1,-4400,0,-16
1599991260732202574,one,1,-4401,0,-16
1599991260796301811,one,1,-4403,0,-17
1599991260828236382,one,1,-4404,0,-16
1599991260892985595,one,1,-4406,0,-17
1599991260956154056,one,1,-4408,0,-16
1599991260988159058,one,1,-4410,0,-15
1599991261052215530,one,1,-4412,0,-15
1599991261084088111,one,1,-4413,0,-15
1599991261148176318,one,1,-4416,0,-14
1599991261180214095,one,1,-4417,0,-15
1599991261244112119,one,1,-4419,-1,-16
1599991261308337157,one,1,-4421,-1,-15
1599991261340166468,one,1,-4422,-1,-15
1599991261404194570,one,1,-4423,-1,-16
1599991261436084602,one,1,-4424,-1,-17
1599991261499598464,one,1,-4426,-1,-15
1599991261531648982,one,1,-4427,-1,-15
1599991261596420876,one,1,-4428,-1,-17
1599991261628156469,one,1,-4429,-1,-17
1599991261691780038,one,1,-4431,-1,-17
1599991261755586695,one,1,-4432,-1,-17
1599991261787591213,one,1,-4433,-1,-17
1599991261852203237,one,1,-4434,0,-17
1599991261883631625,one,1,-4435,0,-17
1599991261947933207,one,1,-4437,0,-15
1599991261980175538,one,1,-4439,0,-15
1599991262044082115,one,1,-4440,0,-16
1599991262108142156,one,1,-4443,0,-15
1599991262140046157,one,1,-4445,0,-16
1599991262204148499,one,1,-4447,0,-17
1599991262235993181,one,1,-4447,0,-16
1599991262299981677,one,1,-4450,0,-16
1599991262332018189,one,1,-4451,0,-17
1599991262396144290,one,1,-4453,0,-17
1599991262427984344,one,1,-4454,0,-16
1599991262492066918,one,1,-4455,0,-18
1599991262555906991,one,1,-4457,0,-18
1599991262587957383,one,1,-4458,0,-17
1599991262652068790,one,1,-4460,0,-18
1599991262684057627,one,1,-4461,0,-18
1599991262748234354,one,1,-4463,0,-17
1599991262780001263,one,1,-4464,0,-17
1599991262843974045,one,1,-4466,0,-16
1599991262908124430,one,1,-4468,0,-16
1599991262940065303,one,1,-4470,0,-15
1599991263004002778,one,1,-4472,0,-16
1599991263035908042,one,1,-4473,0,-16
1599991263099924489,one,1,-4475,0,-16
1599991263132511471,one,1,-4476,0,-16
1599991263196104960,one,1,-4478,0,-16
1599991263227924493,one,1,-4480,0,-16
1599991263292111167,one,1,-4481,0,-16
1599991263356065241,one,1,-4484,0,-17
1599991263387712213,one,1,-4485,0,-17
1599991263451763884,one,1,-4487,0,-16
1599991263483954031,one,1,-4488,0,-16
1599991263547988680,one,1,-4490,0,-16
1599991263579812023,one,1,-4491,0,-15
1599991263643804013,one,1,-4494,0,-15
1599991263707781258,one,1,-4496,0,-14
1599991263739949782,one,1,-4497,0,-14
1599991263803861928,one,1,-4500,0,-16
1599991263835829916,one,1,-4501,0,-16
1599991263899854269,one,1,-4503,0,-15
1599991263931759660,one,1,-4504,0,-15
1599991263995808909,one,1,-4507,0,-14
1599991264027734619,one,1,-4508,0,-14
1599991264092417473,one,1,-4511,0,-16
1599991264155929572,one,1,-4513,0,-16
1599991264187841346,one,1,-4514,0,-17
1599991264251727734,one,1,-4516,0,-17
1599991264284120004,one,1,-4517,0,-16
1599991264348080322,one,1,-4519,0,-15
1599991264379931986,one,1,-4521,0,-16
1599991264443895270,one,1,-4524,0,-15
1599991264507388175,one,1,-4525,-1,-14
1599991264539414181,one,1,-4527,-1,-15
1599991264603862132,one,1,-4529,-1,-15
1599991264635839864,one,1,-4530,-1,-15
1599991264699784996,one,1,-4532,-1,-15
1599991264731924945,one,1,-4533,-1,-17
1599991264795947658,one,1,-4535,-1,-16
1599991264827789842,one,1,-4536,-1,-16
1599991264891836080,one,1,-4538,-1,-17
1599991264955950467,one,1,-4539,-1,-17
1599991264988084510,one,1,-4540,-1,-17
1599991265051921243,one,1,-4542,-1,-18
1599991265083759340,one,1,-4542,-1,-20
1599991265147902932,one,1,-4544,0,-20
1599991265179894349,one,1,-4545,0,-17
1599991265243761239,one,1,-4547,0,-16
1599991265307820626,one,1,-4550,0,-16
1599991265339306098,one,1,-4551,-1,-15
1599991265403685180,one,1,-4554,-1,-15
1599991265435868334,one,1,-4554,-1,-16
1599991265499808248,one,1,-4556,-1,-16
1599991265531820352,one,1,-4557,-1,-16
1599991265595789987,one,1,-4558,-1,-18
1599991265627747386,one,1,-4559,0,-18
1599991265692005246,one,1,-4560,0,-17
1599991265755679199,one,1,-4563,0,-17
1599991265787746228,one,1,-4564,0,-17
1599991265851906927,one,1,-4567,0,-17
1599991265883722991,one,1,-4568,0,-17
1599991265947704735,one,1,-4569,0,-19
1599991265979839221,one,1,-4571,0,-19
1599991266043790512,one,1,-4573,0,-17
1599991266107756910,one,1,-4575,0,-17
1599991266139854320,one,1,-4576,0,-16
1599991266203912424,one,1,-4579,0,-16
1599991266235641498,one,1,-4580,0,-16
1599991266299742050,one,1,-4582,0,-16
1599991266331765617,one,1,-4584,0,-16
1599991266396010373,one,1,-4586,0,-17
1599991266427919325,one,1,-4587,0,-16
1599991266493922330,one,1,-4590,0,-16
1599991266555880205,one,1,-4591,0,-17
1599991266587696248,one,1,-4593,0,-16
1599991266651812674,one,1,-4595,0,-19
1599991266683705741,one,1,-4596,0,-21
1599991266747747026,one,1,-4597,0,-21
1599991266779754235,one,1,-4598,0,-20
1599991266843644859,one,1,-4601,0,-17
1599991266907853320,one,1,-4604,-1,-16
1599991266939859086,one,1,-4605,-1,-15
1599991267003676493,one,1,-4608,-1,-14
1599991267035741971,one,1,-4609,-1,-14
1599991267099648979,one,1,-4610,-1,-16
1599991267131683208,one,1,-4611,0,-17
1599991267195402517,one,1,-4612,0,-18
1599991267227402880,one,1,-4613,0,-18
1599991267291361599,one,1,-4615,0,-17
1599991267355540315,one,1,-4617,0,-17
1599991267387671421,one,1,-4618,0,-18
1599991267451507687,one,1,-4620,0,-16
1599991267483728266,one,1,-4621,0,-17
1599991267547287259,one,1,-4623,0,-19
1599991267579800446,one,1,-4624,0,-21
1599991267643728187,one,1,-4625,0,-19
1599991267707743147,one,1,-4627,0,-17
1599991267739773549,one,1,-4628,0,-17
1599991267803699995,one,1,-4631,0,-16
1599991267835567215,one,1,-4632,0,-16
1599991267899618090,one,1,-4635,0,-16
1599991267931593855,one,1,-4635,0,-16
1599991267995845901,one,1,-4638,0,-17
1599991268027617363,one,1,-4639,0,-18
1599991268091619084,one,1,-4640,0,-18
1599991268155718321,one,1,-4642,0,-18
1599991268187742448,one,1,-4644,0,-18
1599991268251613469,one,1,-4645,0,-19
1599991268283730706,one,1,-4646,0,-18
1599991268347644470,one,1,-4648,0,-17
1599991268379732351,one,1,-4649,0,-18
1599991268443542512,one,1,-4651,0,-20
1599991268507546741,one,1,-4652,0,-20
1599991268539673366,one,1,-4653,0,-22
1599991268603480778,one,1,-4655,0,-19
1599991268635430437,one,1,-4656,0,-18
1599991268699601899,one,1,-4658,0,-17
1599991268731471959,one,1,-4659,0,-17
1599991268795676719,one,1,-4663,-1,-15
1599991268827503302,one,1,-4664,-1,-15
1599991268891771459,one,1,-4666,-1,-18
1599991268955718642,one,1,-4667,-1,-18
1599991268987517078,one,1,-4669,-1,-17
1599991269051644474,one,1,-4670,-1,-17
1599991269083460049,one,1,-4671,-1,-17
1599991269147560243,one,1,-4672,-1,-18
1599991269179829641,one,1,-4673,-1,-17
1599991269243633820,one,1,-4674,-1,-18
1599991269307457785,one,1,-4676,-1,-18
1599991269339483423,one,1,-4677,-1,-19
1599991269403459353,one,1,-4678,0,-20
1599991269435530765,one,1,-4678,0,-20
1599991269499547122,one,1,-4680,0,-22
1599991269531510753,one,1,-4681,0,-20
1599991269595591925,one,1,-4684,-1,-17
1599991269627396914,one,1,-4686,-1,-17
1599991269691580820,one,1,-4689,-1,-16
1599991269755509802,one,1,-4691,-1,-16
1599991269787573067,one,1,-4692,-1,-16
1599991269851383153,one,1,-4694,-1,-18
1599991269883457911,one,1,-4694,0,-18
1599991269947370944,one,1,-4696,0,-18
1599991269979669735,one,1,-4697,0,-18
1599991270043464460,one,1,-4700,0,-17
1599991270107372130,one,1,-4702,0,-16
1599991270139485171,one,1,-4704,0,-17
1599991270203561094,one,1,-4706,-1,-17
1599991270235341754,one,1,-4708,-1,-19
1599991270299460870,one,1,-4709,-1,-19
1599991270331326152,one,1,-4709,-1,-18
1599991270395597644,one,1,-4712,-1,-17
1599991270427412412,one,1,-4713,-1,-16
1599991270491059902,one,1,-4715,-1,-16
1599991270555411769,one,1,-4717,-1,-14
1599991270587467692,one,1,-4718,-1,-14
1599991270651447906,one,1,-4720,-1,-17
1599991270683351323,one,1,-4721,-1,-17
1599991270747376444,one,1,-4723,-1,-16
1599991270779682170,one,1,-4724,-1,-16
1599991270843316485,one,1,-4726,-1,-17
1599991270907405241,one,1,-4728,-1,-16
1599991270939426796,one,1,-4729,-1,-16
1599991271018824072,one,1,-4731,-1,-19
1599991271050834966,one,1,-4732,-1,-18
1599991271083206467,one,1,-4732,-1,-18
1599991271147595842,one,1,-4734,-1,-19
1599991271179519814,one,1,-4734,-1,-21
1599991271243354136,one,1,-4736,0,-21
1599991271307287345,one,1,-4738,0,-18
1599991271339398778,one,1,-4739,0,-17
1599991271403402879,one,1,-4742,-1,-17
1599991271435260009,one,1,-4743,-1,-17
1599991271499408067,one,1,-4745,-1,-16
1599991271531390938,one,1,-4746,-1,-18
1599991271595315864,one,1,-4747,-1,-18
1599991271627312381,one,1,-4748,-1,-18
1599991271691478176,one,1,-4750,-1,-18
1599991271755547190,one,1,-4751,-1,-18
1599991271787345949,one,1,-4752,-1,-18
1599991271851426073,one,1,-4753,0,-18
1599991271883412509,one,1,-4754,0,-17
1599991271947481501,one,1,-4757,0,-17
1599991271979286001,one,1,-4758,0,-18
1599991272043320604,one,1,-4760,0,-17
1599991272107255547,one,1,-4762,0,-19
1599991272139577982,one,1,-4763,0,-21
1599991272203440411,one,1,-4764,0,-18
1599991272235247151,one,1,-4765,0,-18
1599991272299307286,one,1,-4768,0,-17
1599991272331198086,one,1,-4769,0,-16
1599991272395290585,one,1,-4772,0,-15
1599991272427252140,one,1,-4772,0,-17
1599991272491370111,one,1,-4775,0,-17
1599991272555307287,one,1,-4777,0,-17
1599991272587108157,one,1,-4779,0,-18
1599991272651287289,one,1,-4781,0,-17
1599991272683171937,one,1,-4782,0,-16
1599991272747321165,one,1,-4785,0,-17
1599991272779468717,one,1,-4786,0,-16
1599991272843312933,one,1,-4788,0,-16
1599991272907295393,one,1,-4791,0,-17
1599991272939350627,one,1,-4792,0,-16
1599991273003308889,one,1,-4794,0,-16
1599991273035223535,one,1,-4795,0,-16
1599991273099304555,one,1,-4798,0,-15
1599991273131186118,one,1,-4800,-1,-15
1599991273195143816,one,1,-4802,-1,-16
1599991273259208727,one,1,-4804,-1,-17
1599991273291264435,one,1,-4805,-1,-17
1599991273355216020,one,1,-4806,-1,-18
1599991273387109592,one,1,-4807,-1,-17
1599991273451128035,one,1,-4808,-1,-16
1599991273483270025,one,1,-4809,-1,-16
1599991273546822150,one,1,-4811,-1,-19
1599991273579367854,one,1,-4812,-1,-18
1599991273643205968,one,1,-4813,-1,-18
1599991273707214945,one,1,-4815,-1,-19
1599991273739243167,one,1,-4815,-1,-19
1599991273803197104,one,1,-4816,0,-22
1599991273835087054,one,1,-4816,0,-24
1599991273899141892,one,1,-4817,0,-23
1599991273931103024,one,1,-4818,0,-18
1599991273995171030,one,1,-4822,-1,-17
1599991274059249342,one,1,-4824,-1,-16
1599991274091132747,one,1,-4826,-1,-16
1599991274155164768,one,1,-4828,-1,-16
1599991274187142398,one,1,-4829,-1,-16
1599991274251145662,one,1,-4830,0,-17
1599991274283114593,one,1,-4831,0,-18
1599991274347097256,one,1,-4833,0,-17
1599991274379096468,one,1,-4834,0,-16
1599991274443077514,one,1,-4836,0,-17
1599991274507107236,one,1,-4838,0,-17
1599991274539003219,one,1,-4839,0,-18
1599991274603162913,one,1,-4841,0,-17
1599991274635121075,one,1,-4842,0,-17
1599991274699095653,one,1,-4843,0,-20
1599991274730977834,one,1,-4843,0,-21
1599991274794983761,one,1,-4845,0,-18
1599991274859325205,one,1,-4848,-1,-17
1599991274891073236,one,1,-4850,-1,-15
1599991274955271709,one,1,-4852,-1,-15
1599991274987122844,one,1,-4854,-1,-15
1599991275051227721,one,1,-4855,-1,-15
1599991275083091510,one,1,-4856,-1,-15
1599991275147078478,one,1,-4857,-1,-16
1599991275178971280,one,1,-4857,0,-17
1599991275243117148,one,1,-4859,0,-18
1599991275306965690,one,1,-4860,0,-16
1599991275338973338,one,1,-4862,0,-16
1599991275402531624,one,1,-4864,-1,-17
1599991275434983031,one,1,-4865,-1,-17
1599991275498999855,one,1,-4867,-1,-17
1599991275531104589,one,1,-4868,-1,-17
1599991275594629807,one,1,-4870,-1,-20
1599991275658997969,one,1,-4870,0,-23
1599991275691015808,one,1,-4871,0,-23
1599991275755019527,one,1,-4873,0,-19
1599991275786950464,one,1,-4875,-1,-17
1599991275851336759,one,1,-4878,-1,-16
1599991275882914117,one,1,-4879,-1,-16
1599991275946994781,one,1,-4882,-1,-15
1599991275978971736,one,1,-4883,-1,-15
1599991276043046050,one,1,-4884,-1,-16
1599991276106955290,one,1,-4885,-1,-17
1599991276138955078,one,1,-4886,-1,-17
1599991276202914391,one,1,-4887,0,-17
1599991276234952513,one,1,-4888,0,-16
1599991276298881295,one,1,-4890,0,-17
1599991276330931664,one,1,-4892,0,-18
1599991276395276900,one,1,-4893,0,-18
1599991276458986863,one,1,-4895,0,-17
1599991276490474317,one,1,-4896,0,-17
1599991276555366280,one,1,-4897,0,-19
1599991276586930261,one,1,-4897,0,-19
1599991276650988010,one,1,-4899,0,-18
1599991276683117012,one,1,-4900,0,-18
1599991276747829602,one,1,-4901,0,-18
1599991276778816418,one,1,-4903,0,-18
1599991276842873403,one,1,-4905,0,-17
1599991276907135764,one,1,-4906,0,-17
1599991276938804508,one,1,-4908,0,-16
1599991277002898521,one,1,-4910,0,-17
1599991277034782503,one,1,-4911,0,-17
1599991277098872606,one,1,-4912,0,-18
1599991277130872667,one,1,-4913,0,-17
1599991277194755806,one,1,-4915,0,-16
1599991277258765345,one,1,-4918,0,-18
1599991277291080286,one,1,-4919,0,-17
1599991277354787819,one,1,-4920,0,-17
1599991277386982095,one,1,-4921,0,-17
1599991277450789352,one,1,-4923,0,-19
1599991277482785847,one,1,-4924,0,-19
1599991277546854031,one,1,-4925,0,-19
1599991277578800226,one,1,-4926,0,-20
1599991277642843901,one,1,-4927,0,-19
1599991277707123322,one,1,-4929,0,-18
1599991277738796964,one,1,-4930,0,-18
1599991277802859080,one,1,-4932,0,-17
1599991277834793420,one,1,-4933,0,-17
1599991277898753282,one,1,-4935,0,-15
1599991277930921296,one,1,-4936,0,-16
1599991277994779581,one,1,-4939,0,-18
1599991278058799011,one,1,-4941,0,-16
1599991278090895589,one,1,-4942,0,-16
1599991278154735341,one,1,-4944,0,-16
1599991278186804169,one,1,-4945,0,-16
1599991278250727916,one,1,-4947,0,-15
1599991278282713449,one,1,-4949,0,-16
1599991278346994985,one,1,-4951,0,-17
1599991278378733892,one,1,-4951,0,-17
1599991278442679917,one,1,-4953,0,-18
1599991278506779218,one,1,-4955,0,-17
1599991278538685350,one,1,-4956,0,-16
1599991278602288411,one,1,-4959,0,-15
1599991278634807272,one,1,-4960,-1,-15
1599991278698716257,one,1,-4961,-1,-13
1599991278730721131,one,1,-4962,-1,-15
1599991278794765680,one,1,-4964,-1,-16
1599991278858874674,one,1,-4966,-1,-15
1599991278890801014,one,1,-4967,-1,-15
1599991278955108595,one,1,-4969,-1,-15
1599991278986776104,one,1,-4969,-1,-15
1599991279050799593,one,1,-4971,-1,-16
1599991279082756188,one,1,-4972,-1,-15
1599991279146984188,one,1,-4974,-1,-15
1599991279178898021,one,1,-4975,-1,-16
1599991279242681538,one,1,-4976,-1,-17
1599991279306958286,one,1,-4977,-1,-16
1599991279338619204,one,1,-4978,-1,-16
1599991279402747518,one,1,-4979,-1,-18
1599991279434622817,one,1,-4980,0,-17
1599991279498286426,one,1,-4982,0,-16
1599991279530178297,one,1,-4983,0,-16
1599991279594761199,one,1,-4985,0,-16
1599991279658729260,one,1,-4987,0,-15
1599991279690662600,one,1,-4989,0,-15
1599991279754635864,one,1,-4991,0,-16
1599991279786887383,one,1,-4993,0,-16
1599991279851029704,one,1,-4995,0,-16
1599991279882871557,one,1,-4996,0,-16
1599991279946853585,one,1,-4998,0,-16
1599991279978805949,one,1,-4999,0,-16
1599991280042517241,one,1,-5001,0,-16
1599991280106627398,one,1,-5004,0,-16
1599991280138688713,one,1,-5004,0,-16
1599991280202679818,one,1,-5006,0,-18
1599991280234604565,one,1,-5007,0,-18
1599991280298740718,one,1,-5009,0,-16
1599991280330626838,one,1,-5011,0,-16
1599991280394626937,one,1,-5013,0,-16
1599991280458626730,one,1,-5015,0,-15
1599991280490891709,one,1,-5016,0,-15
1599991280554505625,one,1,-5018,0,-16
1599991280586611981,one,1,-5020,0,-15
1599991280650631495,one,1,-5022,0,-15
1599991280682535875,one,1,-5023,0,-16
1599991280746617458,one,1,-5026,0,-15
1599991280778510544,one,1,-5027,0,-15
1599991280842442855,one,1,-5029,0,-17
1599991280906741017,one,1,-5031,0,-17
1599991280938482685,one,1,-5032,0,-17
1599991281002603024,one,1,-5034,0,-19
1599991281034517409,one,1,-5034,0,-18
1599991281098613437,one,1,-5037,0,-16
1599991281130503382,one,1,-5038,0,-16
1599991281194622324,one,1,-5040,0,-16
1599991281258595694,one,1,-5043,0,-15
1599991281290698984,one,1,-5044,0,-15
1599991281354648638,one,1,-5046,0,-16
1599991281386142725,one,1,-5048,0,-15
1599991281450393228,one,1,-5050,0,-16
1599991281482514565,one,1,-5051,0,-16
1599991281546515197,one,1,-5053,0,-15
1599991281578683023,one,1,-5054,0,-15
1599991281642426448,one,1,-5057,0,-16
1599991281706583128,one,1,-5059,0,-16
1599991281738492181,one,1,-5060,0,-16
1599991281802452483,one,1,-5062,0,-17
1599991281834371731,one,1,-5063,0,-15
1599991281898378647,one,1,-5066,0,-15
1599991281930405402,one,1,-5067,0,-15
1599991281994792052,one,1,-5069,0,-15
1599991282058328661,one,1,-5072,0,-15
1599991282090675749,one,1,-5073,0,-16
1599991282154530849,one,1,-5075,0,-15
1599991282186654566,one,1,-5076,0,-15
1599991282250722717,one,1,-5079,0,-16
1599991282282487732,one,1,-5080,0,-15
1599991282346380677,one,1,-5082,0,-16
1599991282378535203,one,1,-5083,0,-17
1599991282442405255,one,1,-5085,0,-16
1599991282505892304,one,1,-5088,0,-17
1599991282537898720,one,1,-5089,0,-17
1599991282602536220,one,1,-5090,0,-16
1599991282634396915,one,1,-5092,0,-16
1599991282698487752,one,1,-5094,0,-17
1599991282730375001,one,1,-5095,0,-16
1599991282794453190,one,1,-5097,0,-15
1599991282858530815,one,1,-5100,0,-16
1599991282890846699,one,1,-5101,0,-16
1599991282955819402,one,1,-5103,0,-16
1599991282986490279,one,1,-5104,0,-17
1599991283050254603,one,1,-5106,0,-16
1599991283082308455,one,1,-5107,0,-16
1599991283146313030,one,1,-5109,0,-17
1599991283178363028,one,1,-5110,0,-17
1599991283242256178,one,1,-5113,0,-16
1599991283306454170,one,1,-5115,0,-16
1599991283338386324,one,1,-5116,0,-16
1599991283402319476,one,1,-5118,0,-15
1599991283434329398,one,1,-5119,0,-15
1599991283498389206,one,1,-5122,0,-15
1599991283530374353,one,1,-5123,0,-15
1599991283594482683,one,1,-5126,0,-15
1599991283658292300,one,1,-5128,0,-15
1599991283690409587,one,1,-5129,-1,-15
1599991283754345670,one,1,-5131,-1,-15
1599991283786357509,one,1,-5132,-1,-15
1599991283850383389,one,1,-5134,-1,-16
1599991283882225763,one,1,-5135,-1,-16
1599991283946302946,one,1,-5136,-1,-17
1599991283978233046,one,1,-5137,-1,-16
1599991284042215097,one,1,-5138,-1,-16
1599991284106311474,one,1,-5140,-1,-16
1599991284138161032,one,1,-5141,-1,-16
1599991284202482926,one,1,-5143,-1,-17
1599991284234185350,one,1,-5143,-1,-16
1599991284298375736,one,1,-5145,-1,-16
1599991284330203060,one,1,-5145,-1,-16
1599991284394292197,one,1,-5147,-1,-17
1599991284458251732,one,1,-5149,-1,-16
1599991284490261529,one,1,-5150,-1,-15
1599991284554165156,one,1,-5151,-1,-15
1599991284586314283,one,1,-5152,-1,-16
1599991284650177642,one,1,-5154,-1,-15
1599991284682351933,one,1,-5155,-1,-14
1599991284746517325,one,1,-5157,-1,-16
1599991284778191466,one,1,-5157,-1,-16
1599991284842124788,one,1,-5159,-1,-17
1599991284906289289,one,1,-5160,-1,-16
1599991284938158788,one,1,-5161,-1,-16
1599991285002187976,one,1,-5163,-1,-17
1599991285034236080,one,1,-5163,-1,-18
1599991285098395253,one,1,-5165,0,-18
1599991285130043747,one,1,-5166,0,-18
1599991285194469355,one,1,-5168,0,-18
1599991285258187626,one,1,-5170,0,-18
1599991285289641487,one,1,-5171,0,-17
1599991285353984614,one,1,-5173,0,-17
1599991285385982911,one,1,-5174,0,-17
1599991285450078290,one,1,-5177,0,-15
1599991285482145956,one,1,-5178,0,-15
1599991285545585437,one,1,-5181,0,-16
1599991285577695186,one,1,-5181,0,-16
1599991285642138525,one,1,-5184,0,-16
1599991285706199840,one,1,-5186,0,-16
1599991285738091847,one,1,-5188,0,-16
1599991285802260681,one,1,-5190,0,-16
1599991285834085113,one,1,-5191,0,-17
1599991285898070168,one,1,-5194,0,-16
1599991285930142839,one,1,-5195,0,-16
1599991285994243351,one,1,-5197,0,-17
1599991286058091946,one,1,-5199,0,-16
1599991286090146847,one,1,-5201,0,-15
1599991286154112425,one,1,-5203,0,-15
1599991286186150467,one,1,-5204,0,-15
1599991286250426204,one,1,-5207,-1,-15
1599991286282123978,one,1,-5208,-1,-15
1599991286346092493,one,1,-5210,-1,-14
1599991286378529469,one,1,-5211,-1,-15
1599991286442065412,one,1,-5213,-1,-15
1599991286506151667,one,1,-5215,-1,-15
1599991286538008684,one,1,-5216,-1,-15
1599991286602113185,one,1,-5218,-1,-16
1599991286634055856,one,1,-5218,-1,-17
1599991286698153154,one,1,-5220,-1,-15
1599991286729998174,one,1,-5221,-1,-15
1599991286794032180,one,1,-5222,-1,-16
1599991286858041456,one,1,-5223,0,-17
1599991286890004683,one,1,-5225,0,-17
1599991286955110525,one,1,-5227,0,-16
1599991286986144447,one,1,-5228,0,-16
1599991287049980516,one,1,-5230,0,-15
1599991287082078270,one,1,-5231,0,-15
1599991287145992482,one,1,-5234,0,-16
1599991287177971641,one,1,-5235,0,-16
1599991287242010767,one,1,-5237,0,-15
1599991287305938647,one,1,-5239,0,-17
1599991287337924434,one,1,-5241,0,-17
1599991287402092781,one,1,-5243,0,-15
1599991287433983270,one,1,-5244,0,-16
1599991287498041289,one,1,-5246,0,-17
1599991287530016027,one,1,-5247,0,-16
1599991287594376233,one,1,-5249,0,-17
1599991287658059454,one,1,-5251,0,-18
1599991287689999590,one,1,-5252,0,-17
1599991287756519978,one,1,-5254,0,-17
1599991287785963177,one,1,-5255,0,-17
1599991287849923495,one,1,-5258,0,-17
1599991287882047443,one,1,-5259,0,-16
1599991287945907055,one,1,-5261,0,-16
1599991287977962545,one,1,-5262,0,-17
1599991288041901614,one,1,-5264,0,-16
1599991288106073252,one,1,-5266,0,-17
1599991288137986492,one,1,-5267,0,-17
1599991288202070242,one,1,-5270,0,-16
1599991288233769959,one,1,-5271,0,-16
1599991288298154554,one,1,-5273,0,-17
1599991288329933672,one,1,-5274,0,-17
1599991288393948624,one,1,-5276,0,-17
1599991288457962248,one,1,-5278,0,-18
1599991288489612457,one,1,-5278,0,-18
1599991288554103189,one,1,-5280,0,-17
1599991288586021298,one,1,-5280,0,-17
1599991288649902631,one,1,-5282,0,-17
1599991288681953228,one,1,-5284,0,-15
1599991288746095736,one,1,-5286,0,-15
1599991288777966774,one,1,-5287,0,-16
1599991288842085524,one,1,-5289,0,-14
1599991288905921671,one,1,-5292,-1,-15
1599991288937864223,one,1,-5293,-1,-16
1599991289002069271,one,1,-5295,-1,-14
1599991289033946445,one,1,-5296,-1,-15
1599991289097915239,one,1,-5298,-1,-16
1599991289129967724,one,1,-5299,-1,-16
1599991289193986905,one,1,-5300,-1,-15
1599991289257943485,one,1,-5302,-1,-15
1599991289289892140,one,1,-5303,-1,-16
1599991289353889067,one,1,-5305,-1,-17
1599991289386073995,one,1,-5305,-1,-15
1599991289449913575,one,1,-5307,-1,-16
1599991289481813227,one,1,-5307,-1,-17
1599991289545830947,one,1,-5309,0,-17
1599991289577849568,one,1,-5310,0,-16
1599991289641772891,one,1,-5313,-1,-15
1599991289705758092,one,1,-5315,-1,-15
1599991289737834049,one,1,-5316,-1,-14
1599991289801798408,one,1,-5318,-1,-15
1599991289833976726,one,1,-5319,-1,-15
1599991289897898448,one,1,-5321,-1,-15
1599991289929842805,one,1,-5322,-1,-15
1599991289993794403,one,1,-5324,-1,-15
1599991290057977066,one,1,-5326,-1,-16
1599991290089793889,one,1,-5327,-1,-15
1599991290153827649,one,1,-5329,-1,-15
1599991290185848001,one,1,-5330,-1,-15
1599991290249713929,one,1,-5331,-1,-17
1599991290281785849,one,1,-5332,-1,-17
1599991290345915122,one,1,-5333,-1,-16
1599991290377776332,one,1,-5335,-1,-16
1599991290441839939,one,1,-5336,-1,-17
1599991290505694312,one,1,-5338,-1,-16
1599991290537670829,one,1,-5339,-1,-15
1599991290601850072,one,1,-5340,-1,-16
1599991290633898426,one,1,-5342,-1,-16
1599991290697774303,one,1,-5343,-1,-15
1599991290729783679,one,1,-5344,-1,-16
1599991290793819163,one,1,-5346,-1,-16
1599991290857812238,one,1,-5347,-1,-17
1599991290889903039,one,1,-5349,-1,-16
1599991290953683464,one,1,-5350,-1,-16
1599991290985873215,one,1,-5351,-1,-17
1599991291049962745,one,1,-5352,-1,-18
1599991291081970374,one,1,-5353,-1,-18
1599991291145748119,one,1,-5354,-1,-17
1599991291177899124,one,1,-5355,-1,-17
1599991291241661654,one,1,-5356,-1,-18
1599991291305847088,one,1,-5357,0,-20
1599991291337710500,one,1,-5358,0,-19
1599991291401695207,one,1,-5360,0,-18
1599991291433756353,one,1,-5361,0,-18
1599991291497272789,one,1,-5363,0,-19
1599991291529151573,one,1,-5364,0,-18
1599991291593426056,one,1,-5366,0,-17
1599991291657433359,one,1,-5369,0,-18
1599991291689400054,one,1,-5370,0,-18
1599991291753800057,one,1,-5372,0,-17
1599991291785697821,one,1,-5373,0,-18
1599991291849804927,one,1,-5376,0,-17
1599991291881847640,one,1,-5377,0,-17
1599991291945677335,one,1,-5380,0,-17
1599991291977544976,one,1,-5381,0,-16
1599991292041530265,one,1,-5383,-1,-16
1599991292105614458,one,1,-5385,-1,-16
1599991292137563943,one,1,-5386,-1,-16
1599991292201608023,one,1,-5388,-1,-16
1599991292233751042,one,1,-5389,-1,-17
1599991292297732975,one,1,-5391,-1,-17
1599991292329575704,one,1,-5392,-1,-16
1599991292393679273,one,1,-5393,-1,-16
1599991292457788037,one,1,-5396,-1,-15
1599991292489423718,one,1,-5396,-1,-15
1599991292553699647,one,1,-5399,-1,-15
1599991292585801845,one,1,-5400,-1,-15
1599991292649844183,one,1,-5401,-1,-16
1599991292681735162,one,1,-5403,-1,-16
1599991292745757901,one,1,-5405,-1,-17
1599991292777748568,one,1,-5406,-1,-17
1599991292841994476,one,1,-5407,-1,-17
1599991292905688346,one,1,-5410,-1,-16
1599991292937677259,one,1,-5411,-1,-16
1599991293001776581,one,1,-5412,-1,-17
1599991293033543688,one,1,-5413,-1,-17
1599991293097850740,one,1,-5415,-1,-17
1599991293129844420,one,1,-5415,-1,-17
1599991293192961341,one,1,-5416,-1,-20
1599991293256956690,one,1,-5418,-1,-20
1599991293288966360,one,1,-5419,-1,-19
1599991293354511675,one,1,-5420,-1,-17
1599991293386754208,one,1,-5421,-1,-16
1599991293449689628,one,1,-5422,-1,-16
1599991293481673915,one,1,-5423,-1,-16
1599991293545526135,one,1,-5426,-1,-16
1599991293577608769,one,1,-5427,-1,-16
1599991293641635129,one,1,-5428,-1,-16
1599991293705552712,one,1,-5430,-1,-16
1599991293737518555,one,1,-5431,-1,-16
1599991293801617263,one,1,-5433,-1,-17
1599991293833445241,one,1,-5434,-1,-18
1599991293897758245,one,1,-5435,-1,-16
1599991293929586814,one,1,-5436,-1,-17
1599991293993529637,one,1,-5438,-1,-18
1599991294057468249,one,1,-5439,-1,-18
1599991294089577002,one,1,-5440,-1,-18
1599991294153410622,one,1,-5442,-1,-17
1599991294185393504,one,1,-5442,-1,-17
1599991294249325713,one,1,-5444,0,-19
1599991294281615850,one,1,-5444,0,-20
1599991294345602835,one,1,-5446,0,-19
1599991294377405879,one,1,-5447,0,-18
1599991294441351660,one,1,-5450,-1,-18
1599991294504891644,one,1,-5452,-1,-17
