1599991781034511812,one,1,-1627,0,-2
1599991781066502557,one,1,-1627,0,-5
1599991781130313511,one,1,-1628,0,-6
1599991781162318395,one,1,-1630,0,-6
1599991781226309154,one,1,-1635,-2,-8
1599991781258330253,one,1,-1638,-3,-8
1599991781322537911,one,1,-1644,-3,-8
1599991781395108915,one,1,-1649,-4,-9
1599991781418412272,one,1,-1652,-4,-10
1599991781482480399,one,1,-1657,-4,-11
1599991781514470202,one,1,-1659,-4,-11
1599991781579160978,one,1,-1665,-4,-14
1599991781610318850,one,1,-1669,-4,-12
1599991781674436932,one,1,-1674,-4,-11
1599991781706352023,one,1,-1677,-4,-13
1599991781770653851,one,1,-1683,-4,-14
1599991781834395035,one,1,-1688,-4,-15
1599991781865998585,one,1,-1691,-4,-15
1599991781929925358,one,1,-1696,-4,-15
1599991781962608034,one,1,-1699,-4,-16
1599991782026677636,one,1,-1705,-4,-17
1599991782058338957,one,1,-1707,-4,-17
1599991782122349140,one,1,-1713,-4,-17
1599991782186407254,one,1,-1719,-4,-18
1599991782218401755,one,1,-1722,-4,-16
1599991782283040278,one,1,-1728,-4,-14
1599991782314279426,one,1,-1731,-4,-15
1599991782378305557,one,1,-1737,-4,-15
1599991782410316377,one,1,-1740,-4,-16
1599991782474241810,one,1,-1746,-4,-17
1599991782506683022,one,1,-1749,-4,-15
1599991782569767898,one,1,-1755,-4,-15
1599991782633836384,one,1,-1761,-4,-16
1599991782666089026,one,1,-1765,-4,-16
1599991782730294944,one,1,-1770,-4,-15
1599991782762375513,one,1,-1773,-4,-17
1599991782826498607,one,1,-1780,-4,-14
1599991782858259380,one,1,-1783,-4,-14
1599991782922451685,one,1,-1789,-4,-15
1599991782986255301,one,1,-1795,-4,-15
1599991783018463071,one,1,-1798,-4,-18
1599991783082330185,one,1,-1804,-4,-15
1599991783114183839,one,1,-1808,-4,-15
1599991783178289380,one,1,-1813,-4,-17
1599991783210200788,one,1,-1816,-4,-16
1599991783274192479,one,1,-1822,-4,-17
1599991783306273352,one,1,-1826,-4,-18
1599991783370340176,one,1,-1832,-4,-17
1599991783434405507,one,1,-1838,-4,-15
1599991783466384756,one,1,-1841,-4,-16
1599991783530298207,one,1,-1847,-4,-15
1599991783562135850,one,1,-1851,-4,-15
1599991783626196581,one,1,-1857,-4,-16
1599991783658081394,one,1,-1859,-4,-16
1599991783722142534,one,1,-1866,-4,-15
1599991783791004436,one,1,-1872,-4,-15
1599991783818409290,one,1,-1875,-4,-16
1599991783882227408,one,1,-1881,-4,-16
1599991783914527676,one,1,-1884,-4,-15
1599991783978285953,one,1,-1891,-4,-15
1599991784010388964,one,1,-1894,-4,-15
1599991784074202151,one,1,-1900,-4,-16
1599991784106366984,one,1,-1903,-4,-16
1599991784170106531,one,1,-1909,-4,-15
1599991784234076821,one,1,-1915,-4,-13
1599991784266255754,one,1,-1919,-4,-13
1599991784330127644,one,1,-1926,-5,-12
1599991784362234857,one,1,-1929,-5,-13
1599991784426249146,one,1,-1935,-5,-14
1599991784458113848,one,1,-1938,-5,-14
1599991784522167522,one,1,-1944,-5,-14
1599991784586034414,one,1,-1949,-5,-14
1599991784618087384,one,1,-1952,-5,-14
1599991784682240757,one,1,-1958,-5,-15
1599991784714118286,one,1,-1960,-5,-16
1599991784778874054,one,1,-1966,-4,-16
1599991784810140147,one,1,-1969,-4,-15
1599991784874101077,one,1,-1976,-4,-15
1599991784906119100,one,1,-1978,-4,-15
1599991784969679164,one,1,-1985,-4,-14
1599991785033582785,one,1,-1991,-4,-14
1599991785065529485,one,1,-1994,-4,-13
1599991785129516168,one,1,-2000,-4,-13
1599991785161940500,one,1,-2004,-4,-14
1599991785226102756,one,1,-2010,-4,-14
1599991785258084160,one,1,-2013,-4,-14
1599991785322247789,one,1,-2021,-4,-14
1599991785386112345,one,1,-2027,-5,-13
1599991785418034290,one,1,-2030,-5,-14
1599991785482200194,one,1,-2036,-5,-14
1599991785514075696,one,1,-2039,-5,-14
1599991785577975063,one,1,-2044,-5,-15
1599991785610077492,one,1,-2047,-5,-15
1599991785674079007,one,1,-2053,-5,-16
1599991785705999854,one,1,-2055,-4,-17
1599991785769541872,one,1,-2062,-4,-17
1599991785833460604,one,1,-2067,-4,-17
1599991785865488056,one,1,-2070,-4,-17
1599991785930004112,one,1,-2076,-4,-17
1599991785964495883,one,1,-2079,-4,-17
1599991786026142567,one,1,-2085,-4,-15
1599991786057953303,one,1,-2088,-4,-15
1599991786121965725,one,1,-2094,-4,-14
1599991786185446824,one,1,-2101,-4,-15
1599991786217411219,one,1,-2104,-4,-14
1599991786281401959,one,1,-2111,-4,-14
1599991786313383002,one,1,-2114,-4,-14
1599991786377511167,one,1,-2120,-4,-15
1599991786409430949,one,1,-2123,-4,-16
1599991786473503941,one,1,-2128,-4,-16
1599991786505374979,one,1,-2132,-4,-16
1599991786569663008,one,1,-2138,-4,-16
1599991786633350351,one,1,-2144,-4,-16
1599991786665357812,one,1,-2146,-4,-16
1599991786729444038,one,1,-2152,-4,-17
1599991786761458523,one,1,-2155,-4,-17
1599991786825431728,one,1,-2161,-4,-17
1599991786857567035,one,1,-2163,-4,-17
1599991786921550767,one,1,-2169,-4,-16
1599991786985419648,one,1,-2175,-4,-16
1599991787017447356,one,1,-2178,-4,-16
1599991787081426159,one,1,-2184,-4,-16
1599991787113324886,one,1,-2187,-4,-15
1599991787177633517,one,1,-2194,-4,-14
1599991787209612667,one,1,-2197,-4,-14
1599991787273762068,one,1,-2203,-4,-14
1599991787305615554,one,1,-2206,-4,-15
1599991787369365252,one,1,-2213,-4,-16
1599991787433796785,one,1,-2220,-4,-14
1599991787466194167,one,1,-2223,-4,-15
1599991787529313641,one,1,-2229,-4,-16
1599991787561468423,one,1,-2232,-4,-16
1599991787625352539,one,1,-2238,-4,-15
1599991787657362119,one,1,-2241,-4,-15
1599991787721323935,one,1,-2248,-4,-15
1599991787785654140,one,1,-2254,-4,-15
1599991787817506111,one,1,-2256,-4,-15
1599991787881884383,one,1,-2263,-4,-15
1599991787913908756,one,1,-2265,-4,-15
1599991787977932195,one,1,-2272,-4,-14
1599991788009887488,one,1,-2275,-4,-13
1599991788073260089,one,1,-2282,-4,-14
1599991788105326040,one,1,-2284,-4,-14
1599991788169719580,one,1,-2291,-4,-14
1599991788233394211,one,1,-2297,-4,-13
1599991788265407778,one,1,-2301,-4,-13
1599991788329376838,one,1,-2307,-4,-14
1599991788361649358,one,1,-2310,-4,-14
1599991788425390216,one,1,-2316,-4,-16
1599991788457351310,one,1,-2319,-4,-17
1599991788521992316,one,1,-2325,-4,-15
1599991788585713745,one,1,-2332,-4,-14
1599991788617813583,one,1,-2335,-4,-14
1599991788682327248,one,1,-2341,-4,-14
1599991788713874897,one,1,-2344,-4,-14
1599991788777737921,one,1,-2350,-4,-13
1599991788810025602,one,1,-2354,-4,-13
1599991788873792594,one,1,-2360,-5,-13
1599991788905301712,one,1,-2363,-5,-14
1599991788969277312,one,1,-2369,-5,-15
1599991789033374896,one,1,-2375,-5,-16
1599991789065210774,one,1,-2378,-5,-15
1599991789129777695,one,1,-2383,-5,-15
1599991789161692061,one,1,-2387,-5,-14
1599991789225904356,one,1,-2392,-5,-14
1599991789257989392,one,1,-2396,-5,-15
1599991789321359720,one,1,-2401,-5,-17
1599991789385504726,one,1,-2407,-5,-15
1599991789417526348,one,1,-2411,-5,-15
1599991789481676075,one,1,-2416,-5,-17
1599991789513570122,one,1,-2419,-5,-16
1599991789577253475,one,1,-2424,-5,-18
1599991789609690504,one,1,-2427,-5,-19
1599991789673908832,one,1,-2432,-4,-17
1599991789705851371,one,1,-2436,-4,-14
1599991789770236537,one,1,-2442,-4,-14
1599991789834021858,one,1,-2449,-5,-14
1599991789865854764,one,1,-2452,-5,-15
1599991789929832031,one,1,-2458,-5,-16
1599991789961852382,one,1,-2461,-5,-15
1599991790025761744,one,1,-2468,-5,-14
1599991790057918570,one,1,-2470,-5,-15
1599991790121616827,one,1,-2476,-5,-16
1599991790185749344,one,1,-2482,-5,-16
1599991790217696645,one,1,-2484,-5,-17
1599991790281818632,one,1,-2490,-4,-14
1599991790313626143,one,1,-2493,-4,-14
1599991790378016125,one,1,-2499,-4,-16
1599991790409831166,one,1,-2502,-4,-16
1599991790473754669,one,1,-2508,-4,-17
1599991790505764340,one,1,-2511,-4,-16
1599991790569814094,one,1,-2517,-4,-16
1599991790633791006,one,1,-2523,-4,-14
1599991790665761610,one,1,-2526,-4,-16
1599991790729702716,one,1,-2532,-4,-15
1599991790761605345,one,1,-2535,-4,-15
1599991790825597920,one,1,-2540,-4,-16
1599991790857559566,one,1,-2543,-4,-14
1599991790921692924,one,1,-2550,-4,-14
1599991790985700957,one,1,-2556,-4,-15
1599991791017655443,one,1,-2559,-4,-14
1599991791081614031,one,1,-2565,-4,-16
1599991791113623824,one,1,-2567,-4,-17
1599991791177611320,one,1,-2574,-4,-14
1599991791209552596,one,1,-2577,-4,-16
1599991791273792674,one,1,-2583,-4,-16
1599991791305620030,one,1,-2586,-4,-14
1599991791369842438,one,1,-2592,-4,-15
1599991791433595543,one,1,-2598,-4,-15
1599991791465705234,one,1,-2601,-4,-13
1599991791529473998,one,1,-2607,-4,-14
1599991791561484814,one,1,-2610,-4,-15
1599991791625651056,one,1,-2616,-4,-15
1599991791657534066,one,1,-2619,-4,-15
1599991791721462774,one,1,-2625,-4,-15
1599991791785605666,one,1,-2631,-4,-15
1599991791817520757,one,1,-2634,-4,-15
1599991791881589041,one,1,-2640,-4,-15
1599991791913602314,one,1,-2643,-4,-15
1599991791977622659,one,1,-2649,-4,-15
1599991792009033675,one,1,-2652,-4,-15
1599991792073035840,one,1,-2658,-4,-14
1599991792105059368,one,1,-2661,-4,-15
1599991792168979762,one,1,-2667,-4,-15
1599991792232956744,one,1,-2673,-4,-17
1599991792265870650,one,1,-2675,-4,-18
1599991792328993886,one,1,-2681,-4,-15
1599991792360991470,one,1,-2684,-4,-15
1599991792425000883,one,1,-2690,-4,-15
1599991792457139780,one,1,-2693,-4,-15
1599991792521069006,one,1,-2699,-4,-15
1599991792584920486,one,1,-2704,-4,-16
1599991792616960283,one,1,-2708,-4,-16
1599991792681494874,one,1,-2714,-4,-15
1599991792713212900,one,1,-2717,-4,-16
1599991792777300322,one,1,-2723,-4,-16
1599991792809191902,one,1,-2726,-4,-16
1599991792873165320,one,1,-2731,-4,-17
1599991792905204838,one,1,-2734,-4,-16
1599991792968916137,one,1,-2741,-4,-13
1599991793032929134,one,1,-2746,-4,-15
1599991793064818892,one,1,-2750,-4,-15
1599991793129354133,one,1,-2755,-4,-15
1599991793161668079,one,1,-2758,-4,-16
1599991793225459689,one,1,-2764,-4,-15
1599991793257537140,one,1,-2767,-4,-14
1599991793321587999,one,1,-2773,-4,-16
1599991793385522868,one,1,-2779,-4,-15
1599991793417367826,one,1,-2782,-4,-16
1599991793481337838,one,1,-2788,-4,-16
1599991793513384378,one,1,-2791,-4,-15
1599991793577460147,one,1,-2797,-4,-14
1599991793609405665,one,1,-2800,-4,-13
1599991793673375035,one,1,-2807,-4,-14
1599991793737230931,one,1,-2813,-4,-15
1599991793769443162,one,1,-2816,-4,-14
1599991793833575786,one,1,-2822,-4,-13
1599991793865299592,one,1,-2825,-4,-14
1599991793929346697,one,1,-2831,-4,-13
1599991793961405461,one,1,-2834,-4,-14
1599991794025418296,one,1,-2841,-4,-16
1599991794057274478,one,1,-2844,-4,-14
1599991794121369987,one,1,-2851,-4,-15
1599991794185263146,one,1,-2856,-4,-15
1599991794217307792,one,1,-2859,-4,-14
1599991794281237554,one,1,-2865,-4,-15
1599991794313244612,one,1,-2868,-4,-16
1599991794377336608,one,1,-2874,-4,-14
1599991794409522290,one,1,-2878,-4,-14
1599991794473377420,one,1,-2883,-4,-14
1599991794537236356,one,1,-2890,-4,-13
1599991794569148054,one,1,-2893,-4,-15
1599991794633440475,one,1,-2900,-4,-13
1599991794665260175,one,1,-2903,-4,-12
1599991794728997864,one,1,-2910,-4,-13
1599991794761041922,one,1,-2912,-4,-13
1599991794824949169,one,1,-2918,-4,-14
1599991794857219386,one,1,-2921,-4,-16
1599991794921457800,one,1,-2927,-4,-13
1599991794985401720,one,1,-2934,-4,-14
1599991795017346864,one,1,-2937,-4,-14
1599991795081325499,one,1,-2943,-4,-14
1599991795113271236,one,1,-2946,-4,-15
1599991795177588568,one,1,-2953,-4,-14
1599991795209367771,one,1,-2956,-4,-13
1599991795273273114,one,1,-2962,-4,-15
1599991795337249515,one,1,-2968,-4,-15
1599991795369390379,one,1,-2971,-4,-14
1599991795433112729,one,1,-2976,-4,-14
1599991795465387919,one,1,-2979,-4,-14
1599991795528695878,one,1,-2985,-4,-13
1599991795560686089,one,1,-2989,-4,-13
1599991795625411892,one,1,-2995,-4,-14
1599991795657236204,one,1,-2998,-4,-13
1599991795721262184,one,1,-3005,-4,-14
1599991795785197503,one,1,-3012,-4,-13
1599991795817151122,one,1,-3015,-4,-14
1599991795881174729,one,1,-3021,-4,-15
1599991795913214612,one,1,-3024,-4,-14
1599991795977221732,one,1,-3030,-4,-15
1599991796009188666,one,1,-3033,-4,-14
1599991796073340042,one,1,-3040,-4,-13
1599991796137018764,one,1,-3046,-4,-14
1599991796169143206,one,1,-3049,-4,-14
1599991796233166168,one,1,-3056,-4,-14
1599991796265079537,one,1,-3059,-4,-13
1599991796329239184,one,1,-3066,-5,-12
1599991796361412839,one,1,-3069,-5,-13
1599991796425266200,one,1,-3075,-5,-14
1599991796457059086,one,1,-3078,-5,-14
1599991796521136646,one,1,-3083,-5,-14
1599991796585085804,one,1,-3089,-5,-13
1599991796617046590,one,1,-3092,-5,-13
1599991796681033091,one,1,-3098,-5,-14
1599991796713141588,one,1,-3101,-5,-13
1599991796777268240,one,1,-3107,-5,-14
1599991796809190268,one,1,-3110,-5,-14
1599991796873232824,one,1,-3116,-5,-14
1599991796937122874,one,1,-3121,-5,-14
1599991796969190470,one,1,-3124,-5,-15
1599991797033078032,one,1,-3130,-5,-15
1599991797065113768,one,1,-3133,-5,-14
1599991797129117192,one,1,-3139,-5,-15
1599991797161206928,one,1,-3141,-5,-15
1599991797225074298,one,1,-3147,-5,-12
1599991797257076685,one,1,-3150,-5,-12
1599991797320873541,one,1,-3156,-5,-13
1599991797384508293,one,1,-3162,-5,-14
1599991797416707650,one,1,-3165,-5,-14
1599991797481112119,one,1,-3170,-5,-13
1599991797512715758,one,1,-3173,-5,-14
1599991797576733840,one,1,-3179,-5,-14
1599991797609244119,one,1,-3181,-5,-14
1599991797672996723,one,1,-3188,-5,-14
1599991797737022096,one,1,-3193,-5,-15
1599991797768985324,one,1,-3195,-5,-15
1599991797833173764,one,1,-3201,-5,-14
1599991797865144005,one,1,-3204,-5,-14
1599991797929014249,one,1,-3209,-5,-15
1599991797960999547,one,1,-3213,-5,-15
1599991798025001709,one,1,-3218,-5,-15
1599991798057008292,one,1,-3221,-4,-16
1599991798121229079,one,1,-3227,-4,-16
1599991798184961441,one,1,-3233,-4,-14
1599991798217140460,one,1,-3236,-4,-14
1599991798280976945,one,1,-3243,-4,-14
1599991798313101803,one,1,-3246,-4,-14
1599991798377025578,one,1,-3252,-4,-14
1599991798408929430,one,1,-3256,-5,-14
1599991798472951530,one,1,-3262,-5,-13
1599991798536547315,one,1,-3267,-5,-14
1599991798568466769,one,1,-3271,-5,-15
1599991798633075671,one,1,-3276,-5,-15
1599991798665035931,one,1,-3278,-5,-15
1599991798728966639,one,1,-3284,-5,-15
1599991798761002551,one,1,-3287,-5,-15
1599991798825227650,one,1,-3293,-5,-15
1599991798857123984,one,1,-3296,-5,-14
1599991798921136751,one,1,-3301,-5,-15
1599991798984926464,one,1,-3307,-5,-15
1599991799016933331,one,1,-3310,-5,-15
1599991799080886332,one,1,-3315,-5,-15
1599991799113102320,one,1,-3318,-5,-15
1599991799177043719,one,1,-3323,-5,-16
1599991799209112593,one,1,-3326,-4,-17
1599991799273007730,one,1,-3332,-4,-15
1599991799337021863,one,1,-3339,-4,-13
1599991799369095336,one,1,-3342,-5,-13
1599991799432936403,one,1,-3349,-5,-13
1599991799465115293,one,1,-3352,-5,-13
1599991799528946462,one,1,-3357,-5,-15
1599991799561034591,one,1,-3360,-4,-15
1599991799624759296,one,1,-3366,-4,-14
1599991799656952525,one,1,-3369,-4,-14
1599991799721009150,one,1,-3375,-4,-14
1599991799784944178,one,1,-3382,-5,-13
1599991799816878993,one,1,-3385,-5,-14
1599991799880931474,one,1,-3391,-5,-15
1599991799912895712,one,1,-3394,-5,-13
1599991799976995092,one,1,-3400,-5,-14
1599991800008726544,one,1,-3403,-5,-14
1599991800073011072,one,1,-3409,-5,-14
1599991800136813949,one,1,-3415,-5,-14
1599991800168830875,one,1,-3418,-5,-15
1599991800232786314,one,1,-3424,-5,-13
1599991800264787714,one,1,-3427,-5,-13
1599991800328825420,one,1,-3434,-5,-13
1599991800361349009,one,1,-3437,-5,-13
1599991800424832190,one,1,-3442,-5,-14
1599991800456806257,one,1,-3445,-5,-14
1599991800520360918,one,1,-3452,-5,-13
1599991800585033309,one,1,-3458,-5,-14
1599991800616805160,one,1,-3461,-5,-14
1599991800680758261,one,1,-3467,-5,-14
1599991800712951429,one,1,-3470,-5,-16
1599991800776815481,one,1,-3476,-5,-15
1599991800808805155,one,1,-3478,-5,-14
1599991800872723968,one,1,-3485,-5,-14
1599991800936687196,one,1,-3491,-5,-14
1599991800968759122,one,1,-3493,-5,-15
1599991801032813041,one,1,-3499,-5,-17
1599991801064701110,one,1,-3502,-5,-15
1599991801128718153,one,1,-3508,-5,-14
1599991801160655131,one,1,-3511,-5,-13
1599991801224949710,one,1,-3517,-5,-15
1599991801256648678,one,1,-3520,-5,-15
1599991801320274786,one,1,-3526,-5,-17
1599991801384975288,one,1,-3531,-5,-15
1599991801416866076,one,1,-3534,-5,-14
1599991801482184232,one,1,-3540,-5,-15
1599991801512887185,one,1,-3543,-5,-15
1599991801576191903,one,1,-3549,-5,-14
1599991801608687841,one,1,-3552,-5,-16
1599991801672783426,one,1,-3557,-5,-16
1599991801736717285,one,1,-3563,-5,-15
1599991801768775011,one,1,-3566,-5,-14
1599991801832745903,one,1,-3571,-5,-16
1599991801864757179,one,1,-3574,-5,-17
1599991801928675808,one,1,-3579,-5,-18
1599991801960638200,one,1,-3582,-4,-18
1599991802024722503,one,1,-3588,-4,-15
1599991802056646918,one,1,-3591,-4,-14
1599991802120915536,one,1,-3598,-4,-15
1599991802184767333,one,1,-3604,-4,-14
1599991802216814837,one,1,-3607,-4,-14
1599991802280629374,one,1,-3613,-4,-14
1599991802312634294,one,1,-3617,-4,-13
1599991802376829144,one,1,-3624,-4,-14
1599991802408327102,one,1,-3627,-4,-14
1599991802472554848,one,1,-3633,-4,-14
1599991802536553208,one,1,-3640,-4,-14
1599991802568596716,one,1,-3643,-4,-14
1599991802632547695,one,1,-3649,-4,-14
1599991802665224008,one,1,-3653,-4,-14
1599991802728676808,one,1,-3659,-4,-15
1599991802760759510,one,1,-3662,-4,-16
1599991802824611817,one,1,-3669,-4,-15
1599991802856721378,one,1,-3672,-4,-14
1599991802920811881,one,1,-3678,-4,-15
1599991802984735718,one,1,-3684,-4,-14
1599991803016574699,one,1,-3688,-4,-14
1599991803080630651,one,1,-3694,-4,-13
1599991803112617707,one,1,-3697,-4,-13
1599991803176463047,one,1,-3704,-5,-13
1599991803208576939,one,1,-3707,-5,-14
1599991803272582802,one,1,-3713,-5,-14
1599991803336610730,one,1,-3718,-4,-16
1599991803368744726,one,1,-3722,-4,-15
1599991803432333610,one,1,-3728,-4,-14
1599991803464802381,one,1,-3731,-4,-15
1599991803528583538,one,1,-3736,-4,-15
1599991803560597296,one,1,-3739,-4,-15
1599991803624536017,one,1,-3744,-4,-18
1599991803656658788,one,1,-3746,-4,-17
1599991803720703028,one,1,-3752,-4,-15
1599991803784338363,one,1,-3757,-4,-16
1599991803816295104,one,1,-3760,-4,-17
1599991803880471258,one,1,-3766,-4,-16
1599991803912768497,one,1,-3768,-4,-16
1599991803976394891,one,1,-3774,-4,-17
1599991804008605502,one,1,-3776,-4,-16
1599991804072626208,one,1,-3783,-4,-14
1599991804136538909,one,1,-3789,-4,-15
1599991804168607504,one,1,-3792,-4,-15
1599991804232507220,one,1,-3799,-4,-17
1599991804264522316,one,1,-3802,-4,-17
1599991804328660183,one,1,-3808,-4,-14
1599991804360490481,one,1,-3811,-4,-14
1599991804424405341,one,1,-3818,-4,-15
1599991804456486185,one,1,-3821,-4,-15
1599991804520521736,one,1,-3827,-4,-16
1599991804584032556,one,1,-3833,-4,-14
1599991804616507646,one,1,-3837,-4,-13
1599991804680585912,one,1,-3843,-4,-15
1599991804712526781,one,1,-3846,-4,-15
1599991804776478981,one,1,-3853,-4,-17
1599991804808577297,one,1,-3855,-4,-17
1599991804872046297,one,1,-3861,-4,-15
1599991804936566237,one,1,-3868,-4,-15
1599991804968559695,one,1,-3871,-4,-15
1599991805032584642,one,1,-3879,-4,-14
1599991805064385117,one,1,-3882,-4,-16
1599991805128537864,one,1,-3888,-4,-14
1599991805160600223,one,1,-3891,-4,-13
1599991805224319141,one,1,-3898,-4,-15
1599991805256414023,one,1,-3901,-4,-14
1599991805320460655,one,1,-3908,-4,-14
1599991805384457592,one,1,-3914,-4,-14
1599991805416310980,one,1,-3917,-4,-13
1599991805480540230,one,1,-3924,-4,-14
1599991805512589036,one,1,-3927,-4,-15
1599991805576411920,one,1,-3934,-4,-15
1599991805608367667,one,1,-3936,-4,-17
1599991805672464888,one,1,-3942,-4,-14
1599991805736478133,one,1,-3949,-4,-14
1599991805768317729,one,1,-3952,-4,-14
1599991805832329337,one,1,-3959,-4,-14
1599991805864366501,one,1,-3962,-4,-14
1599991805928557291,one,1,-3969,-4,-13
1599991805960585281,one,1,-3972,-5,-12
1599991806024396155,one,1,-3979,-5,-13
1599991806056430691,one,1,-3982,-5,-13
1599991806120417589,one,1,-3987,-5,-14
1599991806184384162,one,1,-3993,-5,-14
1599991806216338929,one,1,-3995,-4,-15
1599991806280319559,one,1,-4001,-4,-14
1599991806312569319,one,1,-4005,-4,-14
1599991806376204614,one,1,-4010,-4,-15
1599991806408288965,one,1,-4013,-4,-15
1599991806472399942,one,1,-4019,-4,-16
1599991806536320297,one,1,-4025,-4,-15
1599991806568102926,one,1,-4027,-4,-15
1599991806632451770,one,1,-4033,-4,-15
1599991806664394511,one,1,-4036,-4,-15
1599991806728341181,one,1,-4041,-4,-15
1599991806759850682,one,1,-4044,-4,-15
1599991806823952540,one,1,-4050,-4,-14
1599991806856660225,one,1,-4053,-4,-14
1599991806920313215,one,1,-4060,-4,-14
1599991806984428848,one,1,-4065,-4,-15
1599991807016344434,one,1,-4068,-4,-15
1599991807080467573,one,1,-4074,-4,-14
1599991807112168464,one,1,-4077,-4,-14
1599991807176240887,one,1,-4084,-4,-14
1599991807208406242,one,1,-4086,-4,-14
1599991807272413451,one,1,-4093,-4,-15
1599991807335731749,one,1,-4098,-4,-15
1599991807367684029,one,1,-4101,-4,-15
1599991807432541340,one,1,-4107,-4,-15
1599991807464190607,one,1,-4110,-4,-15
1599991807528220912,one,1,-4117,-4,-15
1599991807559757450,one,1,-4120,-4,-15
1599991807624202238,one,1,-4125,-4,-16
1599991807656378167,one,1,-4128,-4,-15
1599991807720263977,one,1,-4134,-4,-14
1599991807784328711,one,1,-4140,-4,-13
1599991807816306209,one,1,-4143,-4,-14
1599991807880280912,one,1,-4150,-4,-14
1599991807912114304,one,1,-4154,-4,-14
1599991807976377873,one,1,-4159,-4,-14
1599991808008078407,one,1,-4162,-4,-14
1599991808072344246,one,1,-4169,-4,-14
1599991808136187989,one,1,-4175,-4,-13
1599991808168146060,one,1,-4177,-4,-14
1599991808232071892,one,1,-4183,-4,-15
1599991808264190586,one,1,-4186,-4,-15
1599991808328283493,one,1,-4192,-4,-14
1599991808360142460,one,1,-4196,-4,-14
1599991808424199658,one,1,-4201,-4,-14
1599991808456235735,one,1,-4205,-4,-15
1599991808520230997,one,1,-4210,-4,-16
1599991808584334496,one,1,-4216,-4,-15
1599991808616194023,one,1,-4219,-4,-14
1599991808680167142,one,1,-4225,-4,-14
1599991808712040286,one,1,-4228,-4,-14
1599991808776013144,one,1,-4234,-4,-14
1599991808807881316,one,1,-4237,-4,-14
1599991808872332119,one,1,-4243,-4,-13
1599991808936287620,one,1,-4249,-4,-13
1599991808968170325,one,1,-4252,-4,-13
1599991809032118475,one,1,-4258,-4,-15
1599991809064551043,one,1,-4261,-4,-15
1599991809128081192,one,1,-4267,-4,-15
1599991809160127967,one,1,-4270,-4,-15
1599991809224097945,one,1,-4276,-4,-14
1599991809256199245,one,1,-4279,-4,-14
1599991809319908530,one,1,-4285,-4,-15
1599991809383802087,one,1,-4291,-4,-16
1599991809415928613,one,1,-4293,-4,-16
1599991809479780873,one,1,-4299,-4,-15
1599991809511859896,one,1,-4302,-4,-16
1599991809575868361,one,1,-4308,-4,-15
1599991809607820923,one,1,-4311,-4,-15
1599991809672040714,one,1,-4317,-4,-15
1599991809735938534,one,1,-4322,-4,-15
1599991809767931406,one,1,-4325,-4,-15
1599991809831896872,one,1,-4331,-4,-14
1599991809863874008,one,1,-4334,-4,-14
1599991809927888404,one,1,-4340,-4,-14
1599991809959743699,one,1,-4343,-4,-15
1599991810023784426,one,1,-4349,-4,-16
1599991810055783263,one,1,-4351,-4,-16
1599991810119824748,one,1,-4357,-4,-15
1599991810183833724,one,1,-4363,-4,-15
1599991810215700437,one,1,-4366,-4,-16
1599991810279791552,one,1,-4372,-4,-17
1599991810311818502,one,1,-4374,-4,-16
1599991810375852962,one,1,-4380,-4,-16
1599991810407954262,one,1,-4383,-4,-16
1599991810471765477,one,1,-4388,-4,-15
1599991810535997284,one,1,-4394,-4,-16
1599991810567763727,one,1,-4397,-4,-15
1599991810631697633,one,1,-4402,-4,-16
1599991810663668270,one,1,-4405,-4,-16
1599991810727757756,one,1,-4411,-4,-14
1599991810759916572,one,1,-4413,-4,-14
1599991810824045813,one,1,-4419,-4,-14
1599991810856041179,one,1,-4422,-4,-14
1599991810920208512,one,1,-4428,-4,-14
1599991810984071711,one,1,-4434,-4,-15
1599991811015643269,one,1,-4437,-4,-14
1599991811079587825,one,1,-4443,-4,-14
1599991811111585742,one,1,-4446,-4,-15
1599991811176017716,one,1,-4451,-4,-16
1599991811208420914,one,1,-4454,-4,-16
1599991811271941669,one,1,-4460,-4,-16
1599991811335989031,one,1,-4465,-4,-15
1599991811367970910,one,1,-4468,-4,-15
1599991811431844328,one,1,-4474,-4,-16
1599991811463937667,one,1,-4477,-4,-16
1599991811527911138,one,1,-4482,-4,-16
1599991811559890448,one,1,-4485,-4,-16
1599991811623833295,one,1,-4490,-4,-15
1599991811655972237,one,1,-4493,-4,-14
1599991811720127253,one,1,-4500,-4,-14
1599991811783899964,one,1,-4505,-4,-14
1599991811815924347,one,1,-4508,-4,-14
1599991811880044291,one,1,-4514,-4,-15
1599991811911933623,one,1,-4517,-4,-15
1599991811975807161,one,1,-4524,-4,-13
1599991812007788837,one,1,-4526,-4,-14
1599991812072106171,one,1,-4532,-4,-14
1599991812135954978,one,1,-4539,-4,-14
1599991812167950192,one,1,-4541,-4,-14
1599991812231807771,one,1,-4547,-4,-13
1599991812263911945,one,1,-4550,-4,-14
1599991812328015519,one,1,-4556,-4,-14
1599991812359878029,one,1,-4559,-4,-15
1599991812423842830,one,1,-4565,-4,-15
1599991812455792802,one,1,-4568,-4,-15
1599991812519886284,one,1,-4574,-4,-16
1599991812584142960,one,1,-4579,-4,-13
1599991812615814901,one,1,-4582,-4,-14
1599991812679908244,one,1,-4588,-4,-15
1599991812711855885,one,1,-4591,-4,-15
1599991812775780730,one,1,-4596,-4,-18
1599991812807763026,one,1,-4599,-4,-18
1599991812872021660,one,1,-4604,-4,-15
1599991812935854489,one,1,-4611,-4,-15
1599991812967935462,one,1,-4614,-4,-16
1599991813031445953,one,1,-4620,-4,-15
1599991813063497809,one,1,-4623,-4,-17
1599991813127586716,one,1,-4630,-4,-16
1599991813159540235,one,1,-4632,-4,-15
1599991813223536967,one,1,-4638,-4,-15
1599991813255631332,one,1,-4642,-4,-17
1599991813319433220,one,1,-4647,-4,-17
1599991813383446231,one,1,-4653,-4,-18
1599991813415554455,one,1,-4656,-4,-18
1599991813479673045,one,1,-4662,-4,-14
1599991813511602436,one,1,-4666,-4,-16
1599991813575316015,one,1,-4672,-4,-16
1599991813607330689,one,1,-4675,-4,-15
1599991813672176782,one,1,-4682,-5,-17
1599991813735840006,one,1,-4688,-5,-15
1599991813767990492,one,1,-4692,-5,-15
1599991813831750769,one,1,-4698,-5,-16
1599991813863842268,one,1,-4701,-5,-16
1599991813927866949,one,1,-4707,-5,-16
1599991813959588812,one,1,-4709,-5,-18
1599991814023700009,one,1,-4715,-5,-15
1599991814055766648,one,1,-4718,-5,-14
1599991814119646518,one,1,-4725,-5,-16
1599991814183764979,one,1,-4730,-5,-15
1599991814215595588,one,1,-4734,-5,-15
1599991814279722356,one,1,-4740,-5,-15
1599991814311707863,one,1,-4743,-5,-15
1599991814375813957,one,1,-4748,-5,-16
1599991814407747923,one,1,-4752,-5,-16
1599991814471579478,one,1,-4758,-5,-15
1599991814535628700,one,1,-4763,-5,-17
1599991814567614177,one,1,-4767,-5,-16
1599991814631622675,one,1,-4773,-5,-15
1599991814663576397,one,1,-4776,-5,-15
1599991814727720727,one,1,-4782,-5,-14
1599991814759641320,one,1,-4785,-5,-15
1599991814823665761,one,1,-4792,-5,-15
1599991814855625153,one,1,-4794,-5,-15
1599991814919627090,one,1,-4801,-5,-15
1599991814983739913,one,1,-4807,-5,-16
1599991815015597990,one,1,-4810,-5,-15
1599991815079656776,one,1,-4816,-5,-18
1599991815111583971,one,1,-4819,-5,-16
1599991815175673937,one,1,-4825,-5,-14
1599991815207796425,one,1,-4828,-5,-15
1599991815271654059,one,1,-4834,-5,-16
1599991815335630801,one,1,-4839,-5,-16
1599991815374531000,one,1,-4843,-5,-17
1599991815431565826,one,1,-4848,-5,-16
1599991815463597589,one,1,-4851,-5,-15
1599991815527566182,one,1,-4858,-5,-15
1599991815559455990,one,1,-4861,-5,-15
1599991815623621268,one,1,-4866,-5,-15
1599991815655248889,one,1,-4870,-5,-17
1599991815719225251,one,1,-4876,-5,-17
1599991815783843330,one,1,-4882,-5,-14
1599991815815765750,one,1,-4885,-5,-15
1599991815879102854,one,1,-4891,-5,-16
1599991815911141074,one,1,-4894,-5,-16
1599991815975472219,one,1,-4899,-5,-16
1599991816007608984,one,1,-4902,-5,-17
1599991816071694629,one,1,-4908,-5,-15
1599991816135639789,one,1,-4914,-5,-15
1599991816167719895,one,1,-4917,-5,-15
1599991816231550038,one,1,-4923,-5,-17
1599991816263639050,one,1,-4926,-5,-18
1599991816327641580,one,1,-4932,-5,-16
1599991816359064235,one,1,-4935,-5,-14
1599991816423129956,one,1,-4941,-5,-16
1599991816455754082,one,1,-4944,-5,-16
1599991816519781998,one,1,-4950,-5,-16
1599991816582998787,one,1,-4956,-5,-17
1599991816615334395,one,1,-4959,-5,-15
1599991816679526365,one,1,-4965,-5,-15
1599991816711480185,one,1,-4968,-5,-15
1599991816775468825,one,1,-4974,-5,-14
1599991816807678483,one,1,-4977,-5,-15
1599991816871588400,one,1,-4983,-5,-15
1599991816935507728,one,1,-4990,-5,-14
1599991816967547868,one,1,-4992,-5,-15
1599991817031537254,one,1,-4999,-5,-15
1599991817063446794,one,1,-5002,-5,-16
1599991817127486866,one,1,-5008,-5,-17
1599991817159526268,one,1,-5011,-5,-14
1599991817223449582,one,1,-5017,-5,-13
1599991817255436152,one,1,-5020,-5,-14
1599991817319398654,one,1,-5027,-5,-13
1599991817383542225,one,1,-5033,-5,-17
1599991817415406115,one,1,-5036,-5,-15
1599991817479403245,one,1,-5043,-5,-14
1599991817511443016,one,1,-5046,-5,-15
1599991817575563995,one,1,-5052,-5,-15
1599991817607414629,one,1,-5055,-5,-15
1599991817671520628,one,1,-5062,-5,-15
1599991817735488392,one,1,-5068,-5,-13
1599991817767499614,one,1,-5071,-5,-13
1599991817831391347,one,1,-5078,-5,-14
1599991817863353626,one,1,-5081,-5,-14
1599991817927371146,one,1,-5087,-5,-15
1599991817959353604,one,1,-5090,-5,-15
1599991818023395281,one,1,-5096,-5,-15
1599991818055396013,one,1,-5100,-5,-15
1599991818118919251,one,1,-5106,-5,-15
1599991818182853605,one,1,-5112,-5,-14
1599991818214810765,one,1,-5115,-5,-14
1599991818278786175,one,1,-5122,-5,-13
1599991818310794099,one,1,-5125,-5,-13
1599991818374816181,one,1,-5132,-5,-14
1599991818406995260,one,1,-5135,-5,-14
1599991818470902959,one,1,-5141,-5,-14
1599991818534865794,one,1,-5148,-5,-15
1599991818566732764,one,1,-5151,-5,-14
1599991818631548943,one,1,-5158,-5,-14
1599991818662886996,one,1,-5160,-5,-14
1599991818727555892,one,1,-5167,-5,-15
1599991818759241863,one,1,-5170,-5,-16
1599991818823316875,one,1,-5176,-5,-15
1599991818887277195,one,1,-5182,-5,-15
1599991818919273654,one,1,-5186,-5,-16
1599991818983345150,one,1,-5191,-5,-17
1599991819015259817,one,1,-5194,-5,-16
1599991819079297247,one,1,-5200,-5,-16
1599991819110865700,one,1,-5204,-5,-14
1599991819175406006,one,1,-5210,-5,-14
1599991819207361504,one,1,-5213,-5,-14
1599991819271075671,one,1,-5220,-5,-14
1599991819335084671,one,1,-5226,-5,-15
1599991819367604274,one,1,-5229,-5,-15
1599991819431158036,one,1,-5235,-5,-14
1599991819463052532,one,1,-5238,-5,-14
1599991819527127829,one,1,-5244,-5,-15
1599991819558813346,one,1,-5246,-5,-15
1599991819623053583,one,1,-5253,-5,-16
1599991819687115917,one,1,-5259,-5,-15
1599991819719370547,one,1,-5262,-5,-15
1599991819783210614,one,1,-5268,-5,-15
1599991819815099630,one,1,-5271,-5,-15
1599991819879118193,one,1,-5277,-5,-15
1599991819911061114,one,1,-5280,-5,-16
1599991819975115673,one,1,-5284,-5,-15
1599991820007183900,one,1,-5287,-5,-15
1599991820071191970,one,1,-5293,-5,-15
1599991820135373849,one,1,-5299,-5,-15
1599991820167246354,one,1,-5302,-5,-15
1599991820231223252,one,1,-5308,-5,-15
1599991820263244876,one,1,-5311,-5,-15
1599991820328217694,one,1,-5317,-5,-13
1599991820358655850,one,1,-5320,-5,-14
1599991820422862605,one,1,-5326,-5,-15
1599991820486652640,one,1,-5332,-5,-15
1599991820518712874,one,1,-5335,-5,-15
1599991820584384698,one,1,-5341,-5,-15
1599991820615431602,one,1,-5344,-5,-14
1599991820679338789,one,1,-5350,-5,-14
1599991820711304180,one,1,-5353,-5,-15
1599991820775371090,one,1,-5359,-5,-15
1599991820807347450,one,1,-5362,-5,-15
1599991820871330409,one,1,-5368,-5,-15
1599991820935123936,one,1,-5373,-5,-15
1599991820967995054,one,1,-5377,-5,-15
1599991821031213451,one,1,-5382,-5,-15
1599991821063272837,one,1,-5385,-5,-15
1599991821134108830,one,1,-5391,-5,-15
1599991821159188265,one,1,-5394,-5,-15
1599991821222988800,one,1,-5400,-5,-14
1599991821286521698,one,1,-5406,-5,-15
1599991821318565565,one,1,-5410,-5,-14
1599991821382573216,one,1,-5416,-5,-15
1599991821414533992,one,1,-5419,-5,-17
1599991821478532789,one,1,-5425,-5,-15
1599991821510638382,one,1,-5427,-5,-15
1599991821575025569,one,1,-5433,-5,-16
1599991821606761507,one,1,-5436,-5,-16
1599991821670658095,one,1,-5442,-5,-17
1599991821734609149,one,1,-5447,-5,-17
1599991821766649829,one,1,-5450,-5,-16
1599991821830603841,one,1,-5456,-5,-15
1599991821862730777,one,1,-5459,-5,-15
1599991821926595112,one,1,-5465,-5,-15
1599991821958635657,one,1,-5468,-5,-16
1599991822023044716,one,1,-5473,-5,-16
1599991822086712894,one,1,-5479,-5,-14
1599991822118595510,one,1,-5482,-5,-14
1599991822182565490,one,1,-5488,-5,-15
1599991822214623542,one,1,-5491,-5,-15
1599991822278564580,one,1,-5497,-5,-15
1599991822310565507,one,1,-5500,-5,-16
1599991822374515689,one,1,-5506,-5,-15
1599991822406537086,one,1,-5509,-5,-15
1599991822471293314,one,1,-5514,-5,-15
1599991822534591452,one,1,-5520,-5,-17
1599991822566445294,one,1,-5523,-5,-17
1599991822630829446,one,1,-5528,-5,-18
1599991822663060111,one,1,-5531,-4,-17
1599991822727116396,one,1,-5538,-4,-16
1599991822758969601,one,1,-5541,-4,-16
1599991822823072649,one,1,-5547,-4,-16
1599991822888113191,one,1,-5552,-4,-17
1599991822919042918,one,1,-5556,-4,-16
1599991822982568426,one,1,-5561,-4,-14
1599991823014448265,one,1,-5565,-4,-14
1599991823078435655,one,1,-5571,-4,-14
1599991823110474740,one,1,-5574,-4,-15
1599991823174503110,one,1,-5580,-4,-16
1599991823206477769,one,1,-5583,-4,-16
1599991823270713179,one,1,-5590,-4,-14
1599991823334915187,one,1,-5596,-4,-14
1599991823366787216,one,1,-5599,-4,-13
1599991823430670931,one,1,-5606,-4,-14
1599991823462518392,one,1,-5609,-4,-15
1599991823526590102,one,1,-5615,-4,-14
1599991823558604871,one,1,-5618,-4,-14
1599991823622570679,one,1,-5624,-4,-14
1599991823686707888,one,1,-5630,-4,-15
1599991823718828405,one,1,-5633,-4,-16
1599991823782755447,one,1,-5639,-4,-18
1599991823814681480,one,1,-5642,-4,-15
1599991823879481813,one,1,-5648,-4,-14
1599991823910658788,one,1,-5651,-4,-15
1599991823974604419,one,1,-5657,-4,-14
1599991824006640665,one,1,-5660,-4,-15
1599991824070737525,one,1,-5666,-4,-17
1599991824134862802,one,1,-5672,-4,-14
1599991824166991473,one,1,-5676,-4,-14
1599991824230738977,one,1,-5682,-4,-16
1599991824262589040,one,1,-5685,-4,-16
1599991824326814618,one,1,-5690,-4,-17
1599991824358485416,one,1,-5693,-4,-17
1599991824422636252,one,1,-5699,-4,-15
1599991824486455774,one,1,-5706,-4,-16
1599991824518419171,one,1,-5709,-4,-17
1599991824583012628,one,1,-5714,-4,-17
1599991824614640215,one,1,-5717,-4,-17
1599991824678531286,one,1,-5723,-4,-17
1599991824710537865,one,1,-5726,-4,-17
1599991824774497262,one,1,-5733,-4,-16
1599991824806500720,one,1,-5735,-4,-17
1599991824870501824,one,1,-5741,-4,-16
1599991824934632382,one,1,-5747,-4,-18
1599991824967251219,one,1,-5749,-4,-18
1599991825030461297,one,1,-5755,-4,-15
1599991825062482554,one,1,-5758,-4,-15
1599991825126469989,one,1,-5764,-4,-17
1599991825158441698,one,1,-5767,-4,-17
1599991825222510572,one,1,-5772,-4,-18
1599991825286478746,one,1,-5777,-4,-19
1599991825318636008,one,1,-5781,-4,-17
1599991825383249409,one,1,-5788,-4,-16
1599991825414449030,one,1,-5791,-5,-17
1599991825478430684,one,1,-5797,-5,-16
1599991825510437090,one,1,-5800,-5,-17
1599991825574411845,one,1,-5806,-5,-16
1599991825606468054,one,1,-5808,-5,-16
1599991825670752063,one,1,-5815,-5,-16
1599991825734814419,one,1,-5821,-5,-16
1599991825766758323,one,1,-5824,-5,-16
1599991825830778504,one,1,-5830,-5,-17
1599991825862819574,one,1,-5834,-5,-15
1599991825926828168,one,1,-5840,-5,-15
1599991825958699401,one,1,-5843,-5,-15
1599991826022868451,one,1,-5849,-5,-15
1599991826086793550,one,1,-5855,-5,-16
1599991826118708922,one,1,-5859,-5,-15
1599991826182956676,one,1,-5865,-5,-14
1599991826214767279,one,1,-5868,-5,-17
1599991826278755293,one,1,-5874,-5,-16
1599991826310691621,one,1,-5877,-5,-16
1599991826374702354,one,1,-5883,-5,-17
1599991826406670413,one,1,-5886,-5,-15
1599991826470683200,one,1,-5893,-5,-14
1599991826534646926,one,1,-5899,-5,-15
1599991826566802788,one,1,-5902,-5,-15
1599991826630636147,one,1,-5908,-5,-15
1599991826663663894,one,1,-5910,-5,-16
1599991826726895773,one,1,-5916,-5,-14
1599991826758755474,one,1,-5919,-5,-15
1599991826822744905,one,1,-5926,-5,-17
1599991826886659332,one,1,-5932,-5,-17
1599991826918622342,one,1,-5934,-5,-17
1599991826982857762,one,1,-5940,-5,-16
1599991827014814453,one,1,-5942,-5,-16
1599991827078725980,one,1,-5948,-5,-14
1599991827110751861,one,1,-5951,-5,-16
1599991827174652635,one,1,-5956,-5,-16
1599991827206648349,one,1,-5960,-5,-17
1599991827270630986,one,1,-5965,-5,-17
1599991827335228501,one,1,-5970,-4,-17
1599991827367553440,one,1,-5973,-4,-17
1599991827430633536,one,1,-5979,-4,-17
1599991827462715243,one,1,-5982,-4,-16
1599991827526830058,one,1,-5988,-4,-17
1599991827558764946,one,1,-5991,-4,-19
1599991827622629872,one,1,-5997,-4,-17
1599991827686676421,one,1,-6003,-4,-15
1599991827718613762,one,1,-6006,-4,-17
1599991827782516671,one,1,-6012,-4,-17
1599991827814759526,one,1,-6015,-4,-18
1599991827878625039,one,1,-6021,-4,-17
1599991827910479873,one,1,-6024,-4,-16
1599991827975477323,one,1,-6031,-4,-15
1599991828006809341,one,1,-6034,-4,-15
1599991828070751700,one,1,-6040,-4,-15
1599991828134920664,one,1,-6046,-4,-19
1599991828166522960,one,1,-6049,-4,-17
1599991828230496985,one,1,-6055,-4,-15
1599991828262461405,one,1,-6059,-4,-17
1599991828326704377,one,1,-6065,-4,-17
1599991828358599983,one,1,-6067,-4,-16
1599991828422464541,one,1,-6074,-4,-18
1599991828486603586,one,1,-6080,-4,-17
1599991828518465464,one,1,-6083,-4,-16
1599991828581995049,one,1,-6089,-4,-15
1599991828614219185,one,1,-6092,-4,-15
1599991828678366325,one,1,-6098,-4,-15
1599991828710303830,one,1,-6102,-4,-17
1599991828774187961,one,1,-6108,-4,-15
1599991828806228196,one,1,-6111,-4,-15
1599991828870203220,one,1,-6119,-4,-16
1599991828934404728,one,1,-6125,-4,-15
1599991828966200801,one,1,-6128,-4,-18
1599991829030248446,one,1,-6135,-4,-15
1599991829062328999,one,1,-6138,-4,-13
1599991829126294170,one,1,-6145,-4,-16
1599991829158117475,one,1,-6147,-4,-15
1599991829222203773,one,1,-6153,-4,-16
1599991829286267709,one,1,-6160,-4,-15
1599991829318340452,one,1,-6163,-4,-15
1599991829381916115,one,1,-6170,-4,-15
1599991829414325198,one,1,-6173,-4,-15
1599991829478727908,one,1,-6179,-4,-15
1599991829510633940,one,1,-6182,-4,-15
1599991829574617044,one,1,-6189,-4,-15
1599991829606667123,one,1,-6192,-4,-14
1599991829670688330,one,1,-6198,-4,-15
1599991829735456660,one,1,-6205,-4,-15
1599991829767196310,one,1,-6209,-4,-15
1599991829830843582,one,1,-6215,-4,-16
1599991829862811509,one,1,-6217,-4,-15
1599991829926462818,one,1,-6225,-4,-15
1599991829958413607,one,1,-6228,-4,-14
1599991830022631113,one,1,-6234,-4,-15
1599991830086475815,one,1,-6240,-4,-16
1599991830118380630,one,1,-6243,-4,-16
1599991830182679963,one,1,-6249,-4,-15
1599991830214277712,one,1,-6252,-4,-16
1599991830278530415,one,1,-6259,-4,-17
1599991830310334900,one,1,-6261,-4,-17
1599991830374380725,one,1,-6268,-4,-16
1599991830408546733,one,1,-6271,-4,-15
1599991830469957126,one,1,-6278,-4,-15
1599991830534614375,one,1,-6284,-5,-16
1599991830566456436,one,1,-6287,-5,-15
1599991830630434387,one,1,-6293,-5,-16
1599991830662321521,one,1,-6296,-5,-16
1599991830726505869,one,1,-6301,-5,-15
1599991830758624249,one,1,-6306,-5,-16
1599991830822497584,one,1,-6311,-5,-16
1599991830886412754,one,1,-6317,-5,-17
1599991830918359649,one,1,-6319,-5,-17
1599991830982263700,one,1,-6325,-4,-16
1599991831014419613,one,1,-6328,-4,-16
1599991831078307873,one,1,-6334,-4,-16
1599991831110341591,one,1,-6337,-4,-16
1599991831174305769,one,1,-6343,-4,-18
1599991831206273422,one,1,-6345,-4,-17
1599991831270270820,one,1,-6351,-4,-16
1599991831334348066,one,1,-6357,-4,-13
1599991831366408136,one,1,-6360,-4,-15
1599991831430302598,one,1,-6366,-4,-15
1599991831462223420,one,1,-6369,-4,-15
1599991831526291268,one,1,-6376,-4,-16
1599991831557723441,one,1,-6378,-4,-14
1599991831622100264,one,1,-6385,-4,-15
1599991831686425262,one,1,-6391,-4,-15
1599991831718242492,one,1,-6394,-4,-15
1599991831782275564,one,1,-6400,-4,-16
1599991831814234633,one,1,-6402,-4,-17
1599991831878262455,one,1,-6408,-4,-17
1599991831909788264,one,1,-6411,-4,-15
1599991831973626653,one,1,-6417,-4,-16
1599991832005593715,one,1,-6420,-4,-17
1599991832069667734,one,1,-6426,-4,-17
1599991832134451768,one,1,-6432,-4,-17
1599991832166228752,one,1,-6434,-4,-16
1599991832230225188,one,1,-6440,-4,-16
1599991832262398599,one,1,-6443,-4,-15
1599991832326202359,one,1,-6449,-4,-15
1599991832358624291,one,1,-6452,-4,-15
1599991832422341462,one,1,-6458,-4,-15
1599991832486223149,one,1,-6465,-4,-14
1599991832518239264,one,1,-6468,-4,-14
1599991832582297876,one,1,-6473,-4,-14
1599991832614313202,one,1,-6477,-4,-15
1599991832678317426,one,1,-6483,-4,-16
1599991832710150656,one,1,-6486,-4,-15
1599991832774399755,one,1,-6492,-4,-15
1599991832806238005,one,1,-6495,-4,-15
1599991832869548788,one,1,-6501,-4,-15
1599991832933608063,one,1,-6507,-4,-17
1599991832965748997,one,1,-6509,-4,-17
1599991833030291463,one,1,-6515,-4,-17
1599991833062879507,one,1,-6518,-4,-15
1599991833126323705,one,1,-6524,-4,-15
1599991833158309705,one,1,-6527,-4,-16
1599991833222259796,one,1,-6533,-4,-16
1599991833286435759,one,1,-6539,-4,-16
1599991833318417923,one,1,-6542,-4,-15
1599991833382316969,one,1,-6548,-4,-14
1599991833414289657,one,1,-6551,-4,-14
1599991833478474801,one,1,-6557,-4,-14
1599991833510114732,one,1,-6561,-4,-15
1599991833574022375,one,1,-6568,-4,-15
1599991833606063367,one,1,-6571,-4,-15
1599991833670134564,one,1,-6577,-4,-14
1599991833734144157,one,1,-6583,-4,-15
1599991833766040510,one,1,-6586,-4,-16
1599991833830022486,one,1,-6592,-4,-18
1599991833862053959,one,1,-6594,-4,-17
1599991833925987935,one,1,-6600,-4,-15
1599991833958214326,one,1,-6604,-4,-15
1599991834022193921,one,1,-6609,-4,-16
1599991834086689774,one,1,-6615,-4,-16
1599991834118097065,one,1,-6618,-4,-17
1599991834182338654,one,1,-6623,-4,-16
1599991834214152227,one,1,-6627,-4,-14
1599991834278363024,one,1,-6633,-4,-14
1599991834310151335,one,1,-6636,-4,-15
1599991834374083190,one,1,-6642,-4,-14
1599991834406290974,one,1,-6645,-4,-15
1599991834470073588,one,1,-6651,-4,-16
1599991834534087849,one,1,-6657,-4,-14
1599991834565490800,one,1,-6660,-4,-15
1599991834630149599,one,1,-6667,-4,-15
1599991834662057316,one,1,-6670,-4,-15
1599991834725986247,one,1,-6675,-4,-16
1599991834758173342,one,1,-6678,-4,-17
1599991834822081153,one,1,-6684,-4,-15
1599991834885932044,one,1,-6690,-4,-15
1599991834918114228,one,1,-6693,-4,-15
1599991834981837158,one,1,-6699,-4,-17
1599991835013608371,one,1,-6702,-4,-17
1599991835077549961,one,1,-6708,-4,-16
1599991835110059016,one,1,-6710,-4,-15
1599991835174139138,one,1,-6717,-4,-14
1599991835206170410,one,1,-6720,-4,-15
1599991835270773549,one,1,-6726,-4,-15
1599991835333732398,one,1,-6731,-4,-16
1599991835365542922,one,1,-6735,-4,-14
1599991835429752306,one,1,-6741,-4,-13
1599991835461997163,one,1,-6744,-4,-14
1599991835526039621,one,1,-6750,-4,-13
1599991835558109309,one,1,-6753,-4,-15
1599991835622102391,one,1,-6759,-4,-19
1599991835686071098,one,1,-6765,-4,-15
1599991835718123007,one,1,-6768,-4,-14
1599991835781955425,one,1,-6774,-4,-16
1599991835814021325,one,1,-6777,-4,-16
1599991835877892632,one,1,-6782,-4,-16
1599991835909908716,one,1,-6785,-4,-18
1599991835975121482,one,1,-6791,-4,-16
1599991836006083861,one,1,-6794,-4,-15
1599991836069967516,one,1,-6800,-4,-16
1599991836133966712,one,1,-6806,-4,-16
1599991836165889952,one,1,-6808,-4,-17
1599991836230231346,one,1,-6814,-4,-18
1599991836261940523,one,1,-6817,-4,-17
1599991836325866984,one,1,-6823,-4,-14
1599991836357800729,one,1,-6826,-4,-15
1599991836421831723,one,1,-6832,-4,-15
1599991836486210495,one,1,-6838,-4,-17
1599991836518251763,one,1,-6841,-4,-18
1599991836581994113,one,1,-6846,-4,-15
1599991836613846226,one,1,-6849,-4,-15
1599991836677681453,one,1,-6855,-4,-16
1599991836709809500,one,1,-6858,-4,-16
1599991836773802759,one,1,-6863,-4,-17
1599991836805969448,one,1,-6867,-4,-18
1599991836869938676,one,1,-6872,-4,-17
1599991836933798166,one,1,-6879,-4,-13
1599991836965923006,one,1,-6882,-4,-16
1599991837029214846,one,1,-6889,-4,-15
1599991837061185383,one,1,-6892,-4,-16
1599991837125492835,one,1,-6898,-4,-16
1599991837157918173,one,1,-6902,-4,-15
1599991837221986404,one,1,-6908,-4,-15
1599991837286740689,one,1,-6915,-4,-14
1599991837317969912,one,1,-6918,-4,-15
1599991837382168505,one,1,-6924,-5,-16
1599991837413192259,one,1,-6927,-5,-15
1599991837477399633,one,1,-6933,-5,-15
1599991837509169801,one,1,-6936,-5,-16
1599991837573257317,one,1,-6942,-5,-15
1599991837605547383,one,1,-6945,-5,-16
1599991837670050867,one,1,-6950,-5,-19
1599991837733908365,one,1,-6956,-4,-16
1599991837765853895,one,1,-6960,-4,-14
1599991837829482300,one,1,-6966,-4,-16
1599991837861360140,one,1,-6970,-4,-15
1599991837925376670,one,1,-6975,-4,-15
1599991837957340228,one,1,-6978,-4,-15
1599991838021590084,one,1,-6986,-5,-13
1599991838085549525,one,1,-6992,-5,-14
1599991838117407677,one,1,-6995,-5,-15
1599991838181820155,one,1,-7000,-5,-16
1599991838213479707,one,1,-7003,-5,-17
1599991838277764912,one,1,-7008,-5,-15
1599991838309643140,one,1,-7010,-5,-14
1599991838373433452,one,1,-7017,-5,-14
1599991838405435483,one,1,-7019,-5,-16
1599991838469427222,one,1,-7025,-5,-16
1599991838533418565,one,1,-7030,-5,-17
1599991838565480342,one,1,-7033,-5,-16
1599991838629403581,one,1,-7039,-5,-16
1599991838661436584,one,1,-7042,-5,-15
1599991838725431424,one,1,-7047,-5,-16
1599991838757318193,one,1,-7050,-5,-16
1599991838821412658,one,1,-7055,-5,-16
1599991838885578823,one,1,-7060,-5,-17
1599991838917535455,one,1,-7064,-4,-17
1599991838981697367,one,1,-7070,-4,-14
1599991839013551127,one,1,-7072,-4,-14
1599991839077592185,one,1,-7078,-4,-15
1599991839109515067,one,1,-7081,-4,-15
1599991839173804608,one,1,-7087,-4,-16
1599991839205639936,one,1,-7090,-4,-15
1599991839269705675,one,1,-7096,-4,-14
1599991839333321970,one,1,-7102,-4,-15
1599991839365157258,one,1,-7105,-4,-15
1599991839429686199,one,1,-7111,-4,-16
1599991839461962339,one,1,-7114,-4,-16
1599991839525810353,one,1,-7120,-4,-15
1599991839557660707,one,1,-7122,-4,-14
1599991839621647814,one,1,-7129,-4,-17
1599991839685761451,one,1,-7135,-4,-15
1599991839718041316,one,1,-7137,-4,-17
1599991839781720661,one,1,-7143,-4,-16
1599991839813695907,one,1,-7146,-4,-15
1599991839877903038,one,1,-7153,-4,-15
1599991839909713572,one,1,-7156,-4,-14
1599991839973553165,one,1,-7162,-4,-14
1599991840005807274,one,1,-7165,-4,-14
1599991840069017363,one,1,-7171,-4,-14
1599991840133008299,one,1,-7178,-4,-12
1599991840165015130,one,1,-7181,-4,-14
1599991840228973497,one,1,-7187,-4,-14
1599991840261158729,one,1,-7190,-4,-15
1599991840325534911,one,1,-7196,-4,-15
1599991840357498021,one,1,-7199,-4,-14
1599991840421686346,one,1,-7206,-4,-14
1599991840485573617,one,1,-7212,-4,-14
1599991840517478973,one,1,-7215,-4,-14
1599991840581613928,one,1,-7221,-4,-15
1599991840613429540,one,1,-7224,-4,-16
1599991840677492325,one,1,-7230,-4,-14
1599991840709414787,one,1,-7234,-4,-16
1599991840773502848,one,1,-7240,-4,-16
1599991840805614652,one,1,-7242,-4,-15
1599991840869578938,one,1,-7249,-4,-13
1599991840933572420,one,1,-7255,-4,-13
1599991840965717868,one,1,-7258,-4,-12
1599991841029560727,one,1,-7264,-4,-13
1599991841061565506,one,1,-7268,-4,-13
1599991841125528549,one,1,-7274,-4,-14
1599991841157458877,one,1,-7276,-4,-14
1599991841221630530,one,1,-7284,-4,-14
1599991841285491809,one,1,-7290,-4,-14
1599991841317498270,one,1,-7293,-4,-14
1599991841381062431,one,1,-7299,-4,-14
1599991841413640586,one,1,-7302,-4,-14
1599991841477552255,one,1,-7309,-4,-14
1599991841509520655,one,1,-7311,-4,-14
1599991841575947007,one,1,-7318,-4,-14
1599991841605587400,one,1,-7321,-4,-15
1599991841669593656,one,1,-7327,-4,-16
1599991841733375668,one,1,-7333,-4,-14
1599991841765571518,one,1,-7336,-4,-14
1599991841829651045,one,1,-7342,-4,-13
1599991841861401576,one,1,-7346,-4,-13
1599991841925494514,one,1,-7353,-5,-14
1599991841957355075,one,1,-7355,-5,-14
1599991842021395589,one,1,-7361,-5,-15
1599991842085580612,one,1,-7367,-5,-15
1599991842117397231,one,1,-7370,-5,-15
1599991842181433210,one,1,-7376,-5,-15
1599991842213378610,one,1,-7379,-5,-15
1599991842277536650,one,1,-7384,-5,-15
1599991842309317485,one,1,-7387,-5,-16
1599991842373416837,one,1,-7393,-5,-15
1599991842405486381,one,1,-7396,-5,-14
1599991842469330257,one,1,-7401,-5,-16
1599991842533416011,one,1,-7407,-5,-15
1599991842565367781,one,1,-7410,-5,-16
1599991842629411563,one,1,-7416,-5,-17
1599991842661855131,one,1,-7418,-5,-17
1599991842725058770,one,1,-7424,-5,-15
1599991842757646543,one,1,-7426,-5,-14
1599991842821459773,one,1,-7432,-5,-14
1599991842885516179,one,1,-7439,-5,-14
1599991842917786289,one,1,-7441,-5,-15
1599991842981353727,one,1,-7446,-5,-14
1599991843013541312,one,1,-7450,-5,-14
1599991843077443441,one,1,-7456,-5,-14
1599991843109444505,one,1,-7458,-5,-14
1599991843173364316,one,1,-7464,-5,-14
1599991843237175500,one,1,-7470,-5,-15
1599991843269450200,one,1,-7473,-5,-17
1599991843333222003,one,1,-7478,-5,-15
1599991843365471579,one,1,-7482,-5,-14
