1599991675780043293,one,1,-13111,0,0
1599991675811061046,one,1,-13110,0,0
1599991675875145998,one,1,-13104,3,0
1599991675906930279,one,1,-13098,5,0
1599991675971070898,one,1,-13089,8,0
1599991676003078743,one,1,-13084,8,0
1599991676067339384,one,1,-13073,9,-1
1599991676131030893,one,1,-13061,9,-1
1599991676163088047,one,1,-13056,9,-1
1599991676227049147,one,1,-13044,9,-1
1599991676258974142,one,1,-13039,9,-1
1599991676323749825,one,1,-13027,9,-1
1599991676355242752,one,1,-13022,9,-1
1599991676419130551,one,1,-13010,9,-1
1599991676451125561,one,1,-13004,9,-1
1599991676515147155,one,1,-12993,10,-1
1599991676579055752,one,1,-12982,10,-1
1599991676611088298,one,1,-12977,10,-1
1599991676674976726,one,1,-12966,10,-1
1599991676707049202,one,1,-12960,10,-1
1599991676770945715,one,1,-12950,10,-1
1599991676803032450,one,1,-12944,10,-1
1599991676867171343,one,1,-12934,10,-1
1599991676931095842,one,1,-12922,10,-1
1599991676963028100,one,1,-12917,10,-1
1599991677027006103,one,1,-12906,10,-1
1599991677058978600,one,1,-12900,10,-1
1599991677123009003,one,1,-12889,10,-1
1599991677155106698,one,1,-12883,10,-1
1599991677218893871,one,1,-12872,10,-1
1599991677251941613,one,1,-12867,10,-1
1599991677315024125,one,1,-12855,10,-1
1599991677379002467,one,1,-12844,10,-1
1599991677410928539,one,1,-12839,10,-1
1599991677475122109,one,1,-12828,10,-1
1599991677506924133,one,1,-12823,10,-1
1599991677571084331,one,1,-12811,10,-1
1599991677602925968,one,1,-12806,10,-1
1599991677667081976,one,1,-12795,10,-1
1599991677730956032,one,1,-12783,10,-1
1599991677763051202,one,1,-12778,10,-1
1599991677826942604,one,1,-12767,10,-1
1599991677859093915,one,1,-12761,10,-1
1599991677923101521,one,1,-12751,10,-1
1599991677955009438,one,1,-12745,10,-1
1599991678018848567,one,1,-12734,10,-1
1599991678050875649,one,1,-12728,10,-1
1599991678114978759,one,1,-12717,10,-1
1599991678179040502,one,1,-12706,10,-1
1599991678210917900,one,1,-12700,10,-1
1599991678274942029,one,1,-12689,10,-1
1599991678306914608,one,1,-12684,10,-1
1599991678370951421,one,1,-12672,10,-1
1599991678402861460,one,1,-12667,10,-1
1599991678466839322,one,1,-12656,10,-1
1599991678530428084,one,1,-12645,10,-1
1599991678562378234,one,1,-12639,10,-1
1599991678626859735,one,1,-12629,10,-1
1599991678659024345,one,1,-12623,10,-1
1599991678723014293,one,1,-12612,10,-1
1599991678755042278,one,1,-12606,10,-1
1599991678818799662,one,1,-12595,10,-1
1599991678850815404,one,1,-12589,10,-1
1599991678914937475,one,1,-12578,10,-1
1599991678978805489,one,1,-12569,10,-1
1599991679010797123,one,1,-12563,10,-1
1599991679074929547,one,1,-12552,10,-1
1599991679106781651,one,1,-12547,10,-1
1599991679170850635,one,1,-12536,10,-1
1599991679202778221,one,1,-12530,10,-1
1599991679266844401,one,1,-12519,10,-1
1599991679330885801,one,1,-12508,10,-1
1599991679362779020,one,1,-12502,10,-1
1599991679426806792,one,1,-12491,10,-1
1599991679458923171,one,1,-12486,10,-1
1599991679522827493,one,1,-12475,10,-1
1599991679554774146,one,1,-12469,10,-1
1599991679618777907,one,1,-12458,10,-1
1599991679650729082,one,1,-12453,10,-1
1599991679714749166,one,1,-12442,10,-1
1599991679778845917,one,1,-12431,10,-1
1599991679810869359,one,1,-12425,10,-1
1599991679874748645,one,1,-12414,10,-1
1599991679906849427,one,1,-12409,10,-1
1599991679970792289,one,1,-12398,10,-1
1599991680002679669,one,1,-12392,10,-1
1599991680066902240,one,1,-12382,10,-1
1599991680130746578,one,1,-12371,10,-1
1599991680162698351,one,1,-12365,10,-1
1599991680226810453,one,1,-12355,10,-1
1599991680258623568,one,1,-12349,10,-1
1599991680322807525,one,1,-12338,10,-1
1599991680354731827,one,1,-12331,10,-1
1599991680418688584,one,1,-12320,10,-1
1599991680450646872,one,1,-12314,10,-1
1599991680514673905,one,1,-12303,10,-1
1599991680578926234,one,1,-12292,10,-1
1599991680610736382,one,1,-12286,10,-1
1599991680674782458,one,1,-12275,10,-1
1599991680706775989,one,1,-12270,10,-1
1599991680770812289,one,1,-12259,10,-1
1599991680802633468,one,1,-12254,10,-1
1599991680866904820,one,1,-12243,10,-1
1599991680930858505,one,1,-12232,10,-1
1599991680962748975,one,1,-12227,10,-1
1599991681026516011,one,1,-12215,10,-1
1599991681059037318,one,1,-12210,10,-1
1599991681122621109,one,1,-12199,10,-1
1599991681154481243,one,1,-12193,10,-1
1599991681218582398,one,1,-12183,10,-1
1599991681250774502,one,1,-12177,10,-1
1599991681314322016,one,1,-12166,10,-1
1599991681378340767,one,1,-12155,10,-1
1599991681410608761,one,1,-12150,10,-1
1599991681474822274,one,1,-12139,10,-1
1599991681506599158,one,1,-12134,10,-1
1599991681570107897,one,1,-12124,10,-1
1599991681602656634,one,1,-12118,10,-1
1599991681666792650,one,1,-12107,10,-1
1599991681730701691,one,1,-12096,10,-1
1599991681762822836,one,1,-12091,10,-1
1599991681826635184,one,1,-12080,10,-1
1599991681858693659,one,1,-12075,10,-1
1599991681922510727,one,1,-12062,10,-1
1599991681954583083,one,1,-12057,10,-1
1599991682018411254,one,1,-12046,10,-1
1599991682050622165,one,1,-12041,10,-1
1599991682114632496,one,1,-12030,10,-1
1599991682178604884,one,1,-12019,10,-1
1599991682210635347,one,1,-12014,10,-1
1599991682274598775,one,1,-12003,10,-1
1599991682306640249,one,1,-11997,10,-1
1599991682370520285,one,1,-11986,10,-1
1599991682402587757,one,1,-11980,10,-1
1599991682466493269,one,1,-11969,10,-1
1599991682530489931,one,1,-11958,10,-1
1599991682562688223,one,1,-11952,10,-1
1599991682626510938,one,1,-11942,10,-1
1599991682658510321,one,1,-11937,10,-1
1599991682722674418,one,1,-11926,10,-1
1599991682754479531,one,1,-11921,10,-1
1599991682818488255,one,1,-11910,10,-1
1599991682850363019,one,1,-11904,10,-1
1599991682914512092,one,1,-11893,10,-1
1599991682978328956,one,1,-11882,10,-1
1599991683010215246,one,1,-11877,10,-1
1599991683074533991,one,1,-11866,10,-1
1599991683106628813,one,1,-11860,10,-1
1599991683170466472,one,1,-11849,10,-1
1599991683202429639,one,1,-11844,10,-1
1599991683266644403,one,1,-11833,10,-1
1599991683330469078,one,1,-11822,10,-1
1599991683362592546,one,1,-11816,10,-1
1599991683426156608,one,1,-11805,10,-1
1599991683458277233,one,1,-11800,10,-1
1599991683522678455,one,1,-11789,10,-1
1599991683554531729,one,1,-11783,10,-1
1599991683618528422,one,1,-11772,10,-1
1599991683650435310,one,1,-11766,10,-1
1599991683714504037,one,1,-11755,10,-1
1599991683778706876,one,1,-11744,10,-1
1599991683810465790,one,1,-11739,10,-1
1599991683874340018,one,1,-11728,10,-1
1599991683906376588,one,1,-11722,10,-1
1599991683970455876,one,1,-11711,10,-1
1599991684002427206,one,1,-11706,10,-1
1599991684066536821,one,1,-11694,10,-1
1599991684130303338,one,1,-11683,10,-1
1599991684162309523,one,1,-11677,10,-1
1599991684226360146,one,1,-11666,10,-1
1599991684258644020,one,1,-11661,10,-1
1599991684322450669,one,1,-11649,10,-1
1599991684354639552,one,1,-11644,10,-1
1599991684418097184,one,1,-11633,10,-1
1599991684450303479,one,1,-11627,10,-1
1599991684514073184,one,1,-11616,10,-1
1599991684578239929,one,1,-11606,10,-1
1599991684610066106,one,1,-11600,10,-1
1599991684674370310,one,1,-11589,10,-1
1599991684706340718,one,1,-11583,10,-1
1599991684775399710,one,1,-11572,10,-1
1599991684801934388,one,1,-11567,10,-1
1599991684866613555,one,1,-11556,10,-1
1599991684930396176,one,1,-11545,10,-1
1599991684962326465,one,1,-11539,10,-1
1599991685026630457,one,1,-11528,10,-1
1599991685058450675,one,1,-11522,10,-1
1599991685122371169,one,1,-11512,10,-1
1599991685154416266,one,1,-11506,10,-1
1599991685218244930,one,1,-11494,10,-1
1599991685250322943,one,1,-11489,10,-1
1599991685314217182,one,1,-11478,10,-1
1599991685378420215,one,1,-11467,10,-1
1599991685410448408,one,1,-11461,10,-1
1599991685474239354,one,1,-11450,10,-1
1599991685506292928,one,1,-11444,10,-1
1599991685570370020,one,1,-11433,10,-1
1599991685602328158,one,1,-11428,10,-1
1599991685666227607,one,1,-11417,10,-1
1599991685730259534,one,1,-11406,10,-1
1599991685762385431,one,1,-11400,10,-1
1599991685826359729,one,1,-11389,10,-1
1599991685858315951,one,1,-11383,10,-1
1599991685922224160,one,1,-11372,10,-1
1599991685954140962,one,1,-11367,10,-1
1599991686018193251,one,1,-11357,10,-1
1599991686050144197,one,1,-11352,10,-1
1599991686114157645,one,1,-11341,10,-1
1599991686178236212,one,1,-11330,10,-1
1599991686210151864,one,1,-11324,10,-1
1599991686274257327,one,1,-11313,10,-1
1599991686306281747,one,1,-11307,10,-1
1599991686370162870,one,1,-11297,10,-1
1599991686402131469,one,1,-11291,10,-1
1599991686466268968,one,1,-11280,10,-1
1599991686530186774,one,1,-11268,10,-1
1599991686562234586,one,1,-11263,10,-1
1599991686626075072,one,1,-11252,10,-1
1599991686658194037,one,1,-11246,10,-1
1599991686722317958,one,1,-11236,10,-1
1599991686754224416,one,1,-11230,10,-1
1599991686818209280,one,1,-11219,10,-1
1599991686850127589,one,1,-11214,10,-1
1599991686914251319,one,1,-11203,10,-1
1599991686978128428,one,1,-11191,10,-1
1599991687010122357,one,1,-11186,10,-1
1599991687074148526,one,1,-11175,10,-1
1599991687106246097,one,1,-11169,10,-1
1599991687170131865,one,1,-11160,10,-1
1599991687202132232,one,1,-11154,10,-1
1599991687266160079,one,1,-11142,10,-1
1599991687330268642,one,1,-11132,10,-1
1599991687362218277,one,1,-11127,10,-1
1599991687426213264,one,1,-11115,10,-1
1599991687458308008,one,1,-11110,10,-1
1599991687522114329,one,1,-11100,10,-1
1599991687553675306,one,1,-11094,10,-1
1599991687618146721,one,1,-11083,10,-1
1599991687650157143,one,1,-11078,10,-1
1599991687714209237,one,1,-11067,10,-1
1599991687778097631,one,1,-11056,10,-1
1599991687810110140,one,1,-11050,10,-1
1599991687874201127,one,1,-11040,10,-1
1599991687906108940,one,1,-11034,10,-1
1599991687970081484,one,1,-11023,10,-1
1599991688001747977,one,1,-11017,10,-1
1599991688065783018,one,1,-11007,10,-1
1599991688130005489,one,1,-10995,10,-1
1599991688162073698,one,1,-10990,10,-1
1599991688225996042,one,1,-10979,10,-1
1599991688258033231,one,1,-10973,10,-1
1599991688321926757,one,1,-10963,10,-1
1599991688354014258,one,1,-10957,10,-1
1599991688417945180,one,1,-10946,10,-1
1599991688481805206,one,1,-10935,10,-1
1599991688513824761,one,1,-10930,10,-1
1599991688578151560,one,1,-10918,10,-1
1599991688610273592,one,1,-10913,10,-1
1599991688674057538,one,1,-10901,10,-1
1599991688706012447,one,1,-10896,10,-1
1599991688770056898,one,1,-10885,10,-1
1599991688801978447,one,1,-10879,10,-1
1599991688865971760,one,1,-10868,10,-1
1599991688930008655,one,1,-10857,10,-1
1599991688962026414,one,1,-10852,10,-1
1599991689026007852,one,1,-10841,10,-1
1599991689057917069,one,1,-10835,10,-1
1599991689121976581,one,1,-10824,10,-1
1599991689153976472,one,1,-10818,10,-1
1599991689217959775,one,1,-10808,10,-1
1599991689281846149,one,1,-10797,10,-1
1599991689313943810,one,1,-10791,10,-1
1599991689377733752,one,1,-10780,10,-1
1599991689409698560,one,1,-10774,10,-1
1599991689474124790,one,1,-10763,10,-1
1599991689506159534,one,1,-10758,10,-1
1599991689570005922,one,1,-10747,10,-1
1599991689601913386,one,1,-10741,10,-1
1599991689665990516,one,1,-10730,10,-1
1599991689729813317,one,1,-10719,10,-1
1599991689762112156,one,1,-10714,10,-1
1599991689826027273,one,1,-10702,10,-1
1599991689857950823,one,1,-10697,10,-1
1599991689921928940,one,1,-10686,10,-1
1599991689953767390,one,1,-10680,10,-1
1599991690017909626,one,1,-10669,10,-2
1599991690081923544,one,1,-10657,10,-2
1599991690113894195,one,1,-10651,10,-2
1599991690177935584,one,1,-10640,10,-2
1599991690209861462,one,1,-10634,10,-2
1599991690274045019,one,1,-10623,10,-2
1599991690305931762,one,1,-10618,10,-2
1599991690369833518,one,1,-10607,10,-2
1599991690401862408,one,1,-10601,10,-2
1599991690465867340,one,1,-10590,10,-2
1599991690529454477,one,1,-10579,10,-2
1599991690561358238,one,1,-10574,10,-2
1599991690625748717,one,1,-10562,10,-2
1599991690657939065,one,1,-10556,10,-2
1599991690722011658,one,1,-10546,10,-2
1599991690753828251,one,1,-10540,10,-2
1599991690817833582,one,1,-10529,10,-2
1599991690881875113,one,1,-10518,10,-2
1599991690913788367,one,1,-10513,10,-2
1599991690977906062,one,1,-10502,10,-2
1599991691009427539,one,1,-10496,10,-2
1599991691073364445,one,1,-10486,10,-2
1599991691105957795,one,1,-10480,10,-2
1599991691169987697,one,1,-10469,10,-2
1599991691201982566,one,1,-10463,10,-2
1599991691266121302,one,1,-10452,10,-2
1599991691329785512,one,1,-10441,10,-2
1599991691362517957,one,1,-10436,10,-2
1599991691425933931,one,1,-10425,10,-2
1599991691458058039,one,1,-10419,10,-2
1599991691521788943,one,1,-10408,10,-2
1599991691553934518,one,1,-10403,10,-2
1599991691617760883,one,1,-10391,10,-2
1599991691681660740,one,1,-10380,10,-2
1599991691713686000,one,1,-10375,10,-2
1599991691778013520,one,1,-10363,10,-2
1599991691810228167,one,1,-10358,10,-2
1599991691873384496,one,1,-10347,10,-2
1599991691905802418,one,1,-10341,10,-2
1599991691969833918,one,1,-10332,10,-2
1599991692001692791,one,1,-10326,10,-2
1599991692065727966,one,1,-10315,10,-2
1599991692129736530,one,1,-10304,10,-2
1599991692161879136,one,1,-10299,10,-2
1599991692225777995,one,1,-10288,10,-2
1599991692257781625,one,1,-10283,10,-2
1599991692321763817,one,1,-10271,10,-2
1599991692353879753,one,1,-10266,10,-2
1599991692417813153,one,1,-10255,10,-2
1599991692481781009,one,1,-10244,10,-2
1599991692513696686,one,1,-10239,10,-2
1599991692577637549,one,1,-10228,10,-1
1599991692609702223,one,1,-10223,10,-1
1599991692673887461,one,1,-10212,10,-1
1599991692705645441,one,1,-10205,10,-1
1599991692769804894,one,1,-10194,10,-1
1599991692801628271,one,1,-10189,10,-1
1599991692865671914,one,1,-10178,10,-1
1599991692929611416,one,1,-10168,9,-1
1599991692961682160,one,1,-10162,9,-1
1599991693025665498,one,1,-10151,9,-1
1599991693057725835,one,1,-10146,9,-1
1599991693121660148,one,1,-10135,9,-1
1599991693153575926,one,1,-10129,9,-1
1599991693217664678,one,1,-10118,9,-1
1599991693281170396,one,1,-10107,9,-1
1599991693313271395,one,1,-10102,9,-1
1599991693377252953,one,1,-10091,9,-1
1599991693409707332,one,1,-10085,9,-1
1599991693473666480,one,1,-10074,9,-1
1599991693505813528,one,1,-10069,9,-1
1599991693569161070,one,1,-10057,9,-1
1599991693601286185,one,1,-10052,9,-1
1599991693665599883,one,1,-10041,9,-1
1599991693729695734,one,1,-10030,9,-1
1599991693761920031,one,1,-10025,9,-2
1599991693825407993,one,1,-10013,9,-2
1599991693857411088,one,1,-10007,9,-2
1599991693921450072,one,1,-9996,9,-2
1599991693953536869,one,1,-9991,9,-2
1599991694017426607,one,1,-9980,9,-2
1599991694081547171,one,1,-9968,9,-2
1599991694113564842,one,1,-9963,9,-2
1599991694177600934,one,1,-9952,9,-2
1599991694209449177,one,1,-9946,9,-2
1599991694273797486,one,1,-9935,9,-2
1599991694305607125,one,1,-9930,9,-2
1599991694369169856,one,1,-9919,9,-2
1599991694401167800,one,1,-9913,9,-2
1599991694465097086,one,1,-9902,9,-2
1599991694529251573,one,1,-9891,9,-2
1599991694561349063,one,1,-9886,9,-2
1599991694625347986,one,1,-9875,9,-2
1599991694657311967,one,1,-9869,9,-2
1599991694721267650,one,1,-9858,9,-2
1599991694753302552,one,1,-9852,9,-2
1599991694817507497,one,1,-9841,9,-2
1599991694881509758,one,1,-9830,9,-2
1599991694913605247,one,1,-9825,9,-2
1599991694977399220,one,1,-9812,9,-2
1599991695009531031,one,1,-9807,9,-2
1599991695073547394,one,1,-9796,9,-2
1599991695105406750,one,1,-9790,9,-2
1599991695169277866,one,1,-9779,9,-2
1599991695201284720,one,1,-9773,9,-2
1599991695265430627,one,1,-9762,9,-2
1599991695329311005,one,1,-9751,9,-2
1599991695361404383,one,1,-9745,9,-2
1599991695425348504,one,1,-9735,9,-2
1599991695457377276,one,1,-9729,9,-2
1599991695521391495,one,1,-9718,9,-2
1599991695553364277,one,1,-9713,9,-2
1599991695617411527,one,1,-9702,9,-2
1599991695681292045,one,1,-9690,9,-2
1599991695713421764,one,1,-9685,9,-2
1599991695777396021,one,1,-9674,9,-2
1599991695809402300,one,1,-9667,9,-2
1599991695873638245,one,1,-9657,9,-2
1599991695905414297,one,1,-9651,9,-2
1599991695969333098,one,1,-9640,9,-2
1599991696001209108,one,1,-9635,9,-2
1599991696065250016,one,1,-9623,9,-2
1599991696129275164,one,1,-9611,9,-2
1599991696161400674,one,1,-9606,9,-2
1599991696225277291,one,1,-9595,9,-2
1599991696257451019,one,1,-9589,9,-2
1599991696321574828,one,1,-9577,9,-2
1599991696353374364,one,1,-9572,9,-2
1599991696417396885,one,1,-9561,9,-2
1599991696481347416,one,1,-9550,9,-2
1599991696513544741,one,1,-9544,9,-2
1599991696576927893,one,1,-9533,10,-2
1599991696609126875,one,1,-9527,10,-2
1599991696673368699,one,1,-9517,10,-2
1599991696705437218,one,1,-9511,10,-2
1599991696769327968,one,1,-9499,10,-2
1599991696801359438,one,1,-9494,10,-2
1599991696865324267,one,1,-9483,10,-2
1599991696929372447,one,1,-9473,10,-2
1599991696961432306,one,1,-9467,10,-2
1599991697025369222,one,1,-9456,10,-2
1599991697057439742,one,1,-9451,10,-2
1599991697121380613,one,1,-9440,10,-2
1599991697153359002,one,1,-9435,10,-2
1599991697217403444,one,1,-9424,10,-2
1599991697281441027,one,1,-9413,10,-2
1599991697313280597,one,1,-9408,10,-2
1599991697377306668,one,1,-9397,9,-2
1599991697409285274,one,1,-9392,9,-2
1599991697473460918,one,1,-9381,9,-2
1599991697505352113,one,1,-9376,9,-2
1599991697569494265,one,1,-9365,9,-2
1599991697601333471,one,1,-9360,9,-2
1599991697665287531,one,1,-9349,9,-2
1599991697729274591,one,1,-9338,9,-2
1599991697761228169,one,1,-9333,9,-2
1599991697825260525,one,1,-9321,9,-2
1599991697857420678,one,1,-9316,9,-2
1599991697921308333,one,1,-9305,9,-2
1599991697953334240,one,1,-9299,9,-2
1599991698017157700,one,1,-9288,9,-2
1599991698081188115,one,1,-9277,9,-2
1599991698113213380,one,1,-9271,9,-2
1599991698177185882,one,1,-9260,9,-2
1599991698209217326,one,1,-9254,9,-2
1599991698273139059,one,1,-9243,9,-2
1599991698305322082,one,1,-9238,9,-2
1599991698368788826,one,1,-9227,9,-2
1599991698400912215,one,1,-9221,9,-2
1599991698465139466,one,1,-9210,9,-2
1599991698529237517,one,1,-9199,9,-2
1599991698561164423,one,1,-9194,9,-2
1599991698625205764,one,1,-9183,9,-2
1599991698657332978,one,1,-9178,9,-2
1599991698721166036,one,1,-9166,9,-2
1599991698753096885,one,1,-9161,9,-2
1599991698817287504,one,1,-9151,9,-2
1599991698881250932,one,1,-9139,9,-2
1599991698913180763,one,1,-9134,9,-2
1599991698977204035,one,1,-9122,9,-2
1599991699009094982,one,1,-9117,9,-2
1599991699073409194,one,1,-9106,9,-2
1599991699105189790,one,1,-9100,9,-2
1599991699169265539,one,1,-9089,9,-2
1599991699201235976,one,1,-9084,9,-2
1599991699265057790,one,1,-9073,9,-2
1599991699329076817,one,1,-9062,9,-2
1599991699361804315,one,1,-9057,9,-2
1599991699425148857,one,1,-9046,9,-2
1599991699457059348,one,1,-9041,9,-2
1599991699521274991,one,1,-9030,9,-2
1599991699552559564,one,1,-9025,9,-2
1599991699617141956,one,1,-9013,9,-2
1599991699681063182,one,1,-9002,9,-2
1599991699712835233,one,1,-8997,9,-2
1599991699776787638,one,1,-8987,9,-2
1599991699808781130,one,1,-8982,9,-2
1599991699873384927,one,1,-8970,9,-2
1599991699905146841,one,1,-8965,9,-2
1599991699968992992,one,1,-8954,9,-2
1599991700001077039,one,1,-8948,9,-2
1599991700065181444,one,1,-8937,9,-2
1599991700129067208,one,1,-8926,9,-2
1599991700161399985,one,1,-8920,9,-2
1599991700224634844,one,1,-8910,9,-2
1599991700256572572,one,1,-8904,9,-2
1599991700320966162,one,1,-8893,9,-2
1599991700353271097,one,1,-8888,9,-2
1599991700417158627,one,1,-8877,9,-2
1599991700481156721,one,1,-8865,9,-2
1599991700513110895,one,1,-8860,9,-2
1599991700577118961,one,1,-8849,9,-2
1599991700609330083,one,1,-8843,9,-2
1599991700673142512,one,1,-8833,9,-2
1599991700705201023,one,1,-8826,9,-2
1599991700768970721,one,1,-8816,9,-2
1599991700801031497,one,1,-8810,9,-2
1599991700866351827,one,1,-8799,9,-2
1599991700930332483,one,1,-8788,9,-2
1599991700961935321,one,1,-8782,9,-2
1599991701024473866,one,1,-8771,9,-2
1599991701056425963,one,1,-8766,9,-2
1599991701121084101,one,1,-8754,9,-2
1599991701153950518,one,1,-8748,9,-2
1599991701217133041,one,1,-8738,9,-2
1599991701280925136,one,1,-8726,9,-2
1599991701312960245,one,1,-8720,9,-2
1599991701377203790,one,1,-8709,9,-2
1599991701409162118,one,1,-8704,9,-2
1599991701473161615,one,1,-8693,9,-2
1599991701505056588,one,1,-8687,9,-2
1599991701569028726,one,1,-8676,9,-2
1599991701601160901,one,1,-8671,9,-2
1599991701665043065,one,1,-8660,9,-2
1599991701729123045,one,1,-8649,9,-2
1599991701761378241,one,1,-8643,9,-2
1599991701825181879,one,1,-8632,9,-2
1599991701857195619,one,1,-8626,9,-2
1599991701921076663,one,1,-8615,9,-2
1599991701953153040,one,1,-8609,9,-2
1599991702016997737,one,1,-8598,9,-2
1599991702081013019,one,1,-8587,9,-2
1599991702112923829,one,1,-8581,9,-2
1599991702176968457,one,1,-8571,9,-2
1599991702209371415,one,1,-8565,9,-2
1599991702272895194,one,1,-8554,9,-2
1599991702304939288,one,1,-8548,9,-2
1599991702368988225,one,1,-8537,9,-2
1599991702401020554,one,1,-8532,9,-2
1599991702465039406,one,1,-8520,9,-2
1599991702528726232,one,1,-8509,9,-2
1599991702560796921,one,1,-8504,9,-2
1599991702624416933,one,1,-8493,9,-2
1599991702656493277,one,1,-8486,9,-2
1599991702720931187,one,1,-8476,9,-2
1599991702752837155,one,1,-8471,9,-2
1599991702817138245,one,1,-8460,9,-2
1599991702880967317,one,1,-8449,9,-2
1599991702912890464,one,1,-8443,9,-2
1599991702977109056,one,1,-8431,9,-2
1599991703008805691,one,1,-8426,9,-2
1599991703072871107,one,1,-8415,9,-2
1599991703104804818,one,1,-8410,9,-2
1599991703168882219,one,1,-8398,9,-2
1599991703200904171,one,1,-8393,9,-2
1599991703264837274,one,1,-8381,9,-2
1599991703328732968,one,1,-8370,9,-2
1599991703360894814,one,1,-8364,9,-2
1599991703424717133,one,1,-8353,9,-2
1599991703456865896,one,1,-8348,9,-2
1599991703520844334,one,1,-8337,9,-2
1599991703552713976,one,1,-8331,9,-2
1599991703616870360,one,1,-8320,9,-2
1599991703680806021,one,1,-8309,9,-2
1599991703712792183,one,1,-8303,9,-2
1599991703777030885,one,1,-8292,9,-2
1599991703808919395,one,1,-8287,9,-2
1599991703872821843,one,1,-8276,9,-2
1599991703904738094,one,1,-8270,9,-2
1599991703968859340,one,1,-8259,9,-2
1599991704000724119,one,1,-8253,9,-2
1599991704064864777,one,1,-8242,9,-2
1599991704128767827,one,1,-8230,9,-2
1599991704160708887,one,1,-8225,9,-2
1599991704224761273,one,1,-8213,9,-2
1599991704256780791,one,1,-8206,9,-2
1599991704320763957,one,1,-8195,9,-2
1599991704352246814,one,1,-8190,9,-2
1599991704416949589,one,1,-8179,9,-2
1599991704480703060,one,1,-8168,9,-2
1599991704512726817,one,1,-8162,9,-2
1599991704577008135,one,1,-8151,9,-2
1599991704608157242,one,1,-8146,9,-2
1599991704672782591,one,1,-8135,9,-2
1599991704704756231,one,1,-8129,9,-2
1599991704768426328,one,1,-8118,9,-2
1599991704800284609,one,1,-8113,9,-2
1599991704864658196,one,1,-8102,9,-2
1599991704928675271,one,1,-8090,9,-2
1599991704960723927,one,1,-8085,9,-2
1599991705024812915,one,1,-8074,9,-2
1599991705056731040,one,1,-8068,9,-2
1599991705120662950,one,1,-8057,9,-2
1599991705152743716,one,1,-8052,9,-2
1599991705216728924,one,1,-8041,9,-2
1599991705280772369,one,1,-8031,9,-2
1599991705312854913,one,1,-8025,9,-2
1599991705376774938,one,1,-8014,9,-2
1599991705408624509,one,1,-8009,9,-2
1599991705472741925,one,1,-7998,9,-1
1599991705504705967,one,1,-7993,9,-1
1599991705568117224,one,1,-7982,9,-1
1599991705600366317,one,1,-7976,9,-1
1599991705664685315,one,1,-7964,9,-1
1599991705728626599,one,1,-7953,9,-2
1599991705760640802,one,1,-7948,9,-2
1599991705824547732,one,1,-7937,9,-2
1599991705856646405,one,1,-7931,9,-2
1599991705920611770,one,1,-7920,9,-2
1599991705952812513,one,1,-7915,9,-2
1599991706016763933,one,1,-7904,9,-2
1599991706080764407,one,1,-7893,9,-2
1599991706112651449,one,1,-7887,9,-2
1599991706176559937,one,1,-7876,9,-2
1599991706208595426,one,1,-7871,9,-2
1599991706272539856,one,1,-7860,9,-2
1599991706304760670,one,1,-7854,9,-2
1599991706368652906,one,1,-7843,9,-2
1599991706400588172,one,1,-7838,9,-2
1599991706464596981,one,1,-7827,9,-2
1599991706528536094,one,1,-7816,9,-2
1599991706560504526,one,1,-7811,9,-2
1599991706624011583,one,1,-7800,9,-2
1599991706656199696,one,1,-7794,9,-2
1599991706720386039,one,1,-7783,9,-2
1599991706752429825,one,1,-7777,9,-2
1599991706816486010,one,1,-7766,9,-2
1599991706880448753,one,1,-7755,9,-1
1599991706912333984,one,1,-7750,9,-1
1599991706976333709,one,1,-7739,9,-1
1599991707008311715,one,1,-7734,9,-1
1599991707072413175,one,1,-7722,9,-1
1599991707104355112,one,1,-7717,9,-1
1599991707168607538,one,1,-7706,9,-1
1599991707200565563,one,1,-7700,9,-1
1599991707264482677,one,1,-7689,9,-1
1599991707328576827,one,1,-7678,9,-1
1599991707360778273,one,1,-7673,9,-1
1599991707424473741,one,1,-7661,9,-1
1599991707456458029,one,1,-7656,9,-1
1599991707520380526,one,1,-7645,9,-1
1599991707552535211,one,1,-7639,9,-1
1599991707616590579,one,1,-7628,9,-1
1599991707680603925,one,1,-7617,9,-1
1599991707712591268,one,1,-7611,9,-1
1599991707776458142,one,1,-7600,9,-1
1599991707808609160,one,1,-7595,9,-1
1599991707872978147,one,1,-7584,9,-1
1599991707904551973,one,1,-7578,9,-1
1599991707969688783,one,1,-7567,9,-1
1599991708000517116,one,1,-7561,9,-1
1599991708064494151,one,1,-7550,9,-1
1599991708128436505,one,1,-7539,9,-1
1599991708160372199,one,1,-7533,9,-1
1599991708224105057,one,1,-7522,9,-1
1599991708255868130,one,1,-7517,9,-2
1599991708320234141,one,1,-7505,9,-2
1599991708352471335,one,1,-7500,9,-2
1599991708416677841,one,1,-7489,9,-2
1599991708480416487,one,1,-7477,9,-2
1599991708512503501,one,1,-7472,9,-2
1599991708575920835,one,1,-7461,9,-2
1599991708607963496,one,1,-7455,9,-2
1599991708673380685,one,1,-7444,9,-2
1599991708704349348,one,1,-7439,9,-2
1599991708769638855,one,1,-7427,9,-2
1599991708800323472,one,1,-7421,9,-2
1599991708864403877,one,1,-7410,9,-2
1599991708928447211,one,1,-7399,9,-2
1599991708960316278,one,1,-7394,9,-2
1599991709024364833,one,1,-7382,9,-2
1599991709056312001,one,1,-7377,9,-2
1599991709120412199,one,1,-7366,9,-2
1599991709152322119,one,1,-7360,9,-2
1599991709216605168,one,1,-7349,9,-2
1599991709280048645,one,1,-7337,9,-2
1599991709312354657,one,1,-7332,9,-2
1599991709376423046,one,1,-7320,9,-2
1599991709408413491,one,1,-7315,9,-2
1599991709472659459,one,1,-7304,9,-2
1599991709504230881,one,1,-7298,9,-2
1599991709568468980,one,1,-7287,9,-2
1599991709600597050,one,1,-7281,9,-2
1599991709664433013,one,1,-7270,9,-2
1599991709727998135,one,1,-7260,9,-2
1599991709760014764,one,1,-7254,9,-2
1599991709823983212,one,1,-7243,9,-2
1599991709855980209,one,1,-7238,9,-2
1599991709920135517,one,1,-7227,9,-2
1599991709952221051,one,1,-7221,9,-2
1599991710016187846,one,1,-7210,9,-2
1599991710080250109,one,1,-7199,9,-2
1599991710112122805,one,1,-7193,9,-2
1599991710176143566,one,1,-7182,9,-2
1599991710210141738,one,1,-7176,9,-2
1599991710271802820,one,1,-7165,9,-2
1599991710303801361,one,1,-7159,9,-2
1599991710369101998,one,1,-7148,9,-2
1599991710400020155,one,1,-7142,9,-2
1599991710464264932,one,1,-7131,9,-2
1599991710528366689,one,1,-7120,9,-2
1599991710560346833,one,1,-7115,9,-2
1599991710624314953,one,1,-7103,9,-2
1599991710656259602,one,1,-7098,9,-2
1599991710720147346,one,1,-7087,9,-2
1599991710752130656,one,1,-7081,9,-2
1599991710816641515,one,1,-7071,9,-2
1599991710880252036,one,1,-7060,9,-2
1599991710912184073,one,1,-7054,9,-2
1599991710976338727,one,1,-7044,9,-2
1599991711008142815,one,1,-7038,9,-2
1599991711072150813,one,1,-7027,9,-2
1599991711104305440,one,1,-7021,9,-2
1599991711168905956,one,1,-7010,9,-2
1599991711200109899,one,1,-7006,9,-2
1599991711264354967,one,1,-6994,9,-2
1599991711327924284,one,1,-6983,9,-2
1599991711360372090,one,1,-6978,9,-2
1599991711424310651,one,1,-6967,9,-2
1599991711456238952,one,1,-6961,9,-2
1599991711520848709,one,1,-6950,9,-2
1599991711551659215,one,1,-6945,9,-2
1599991711616275283,one,1,-6934,9,-2
1599991711680251043,one,1,-6923,9,-2
1599991711712299354,one,1,-6917,9,-2
1599991711776218680,one,1,-6906,9,-2
1599991711808136548,one,1,-6901,9,-2
1599991711872021351,one,1,-6890,9,-2
1599991711904026706,one,1,-6884,9,-2
1599991711968416407,one,1,-6873,9,-2
1599991712000214238,one,1,-6868,9,-2
1599991712064088902,one,1,-6857,9,-2
1599991712128049422,one,1,-6846,9,-2
1599991712160105292,one,1,-6841,9,-2
1599991712224279447,one,1,-6829,9,-2
1599991712255669278,one,1,-6824,9,-2
1599991712319745279,one,1,-6813,9,-2
1599991712351978144,one,1,-6807,9,-2
1599991712416206364,one,1,-6796,9,-2
1599991712480104664,one,1,-6785,9,-2
1599991712512114259,one,1,-6779,9,-2
1599991712576188282,one,1,-6769,9,-2
1599991712608304959,one,1,-6763,9,-2
1599991712672241862,one,1,-6752,9,-2
1599991712703980303,one,1,-6747,9,-2
1599991712769200825,one,1,-6735,9,-2
1599991712800237654,one,1,-6730,9,-2
1599991712864037220,one,1,-6719,9,-2
1599991712927995184,one,1,-6708,9,-2
1599991712959979732,one,1,-6702,9,-2
1599991713024103900,one,1,-6691,9,-2
1599991713056076745,one,1,-6685,9,-2
1599991713119945289,one,1,-6674,9,-2
1599991713152464294,one,1,-6669,9,-2
1599991713216031736,one,1,-6658,9,-2
1599991713280078254,one,1,-6647,9,-2
1599991713311972131,one,1,-6642,9,-2
1599991713376194092,one,1,-6630,9,-2
1599991713408251609,one,1,-6625,9,-2
1599991713472009539,one,1,-6614,9,-2
1599991713503998346,one,1,-6609,9,-2
1599991713567939927,one,1,-6597,9,-2
1599991713631882414,one,1,-6586,9,-2
1599991713664194564,one,1,-6581,9,-2
1599991713727975621,one,1,-6570,9,-2
1599991713760015017,one,1,-6564,9,-2
1599991713824103958,one,1,-6552,9,-2
1599991713856105152,one,1,-6546,9,-2
1599991713919906248,one,1,-6535,9,-2
1599991713952111999,one,1,-6530,9,-2
1599991714015975863,one,1,-6520,9,-2
1599991714079983122,one,1,-6508,9,-2
1599991714111932462,one,1,-6503,9,-2
1599991714175965739,one,1,-6491,9,-2
1599991714207965988,one,1,-6486,9,-2
1599991714271339188,one,1,-6475,9,-2
1599991714303358082,one,1,-6470,9,-2
1599991714368117730,one,1,-6458,9,-2
1599991714431893437,one,1,-6447,9,-2
1599991714464063415,one,1,-6442,9,-2
1599991714527854144,one,1,-6431,9,-2
1599991714559422649,one,1,-6425,9,-2
1599991714623974229,one,1,-6415,9,-2
1599991714655746592,one,1,-6409,9,-2
1599991714719912126,one,1,-6398,9,-2
1599991714751805056,one,1,-6393,9,-2
1599991714816028090,one,1,-6381,9,-2
1599991714879913569,one,1,-6370,9,-2
1599991714911922791,one,1,-6365,9,-2
1599991714975890812,one,1,-6354,9,-2
1599991715007774886,one,1,-6348,9,-2
1599991715071765313,one,1,-6337,9,-2
1599991715104104354,one,1,-6332,9,-2
1599991715167980193,one,1,-6320,9,-2
1599991715231873600,one,1,-6309,9,-2
1599991715263849222,one,1,-6303,9,-2
1599991715327815059,one,1,-6292,9,-2
1599991715359824720,one,1,-6287,9,-2
1599991715423371103,one,1,-6275,9,-2
1599991715455804989,one,1,-6270,9,-2
1599991715519800351,one,1,-6259,9,-2
1599991715552402553,one,1,-6253,9,-2
1599991715615819137,one,1,-6242,9,-2
1599991715680011669,one,1,-6232,9,-2
1599991715712017737,one,1,-6227,9,-2
1599991715775765391,one,1,-6217,9,-2
1599991715807785174,one,1,-6211,9,-2
1599991715871285553,one,1,-6200,9,-2
1599991715903256651,one,1,-6194,9,-2
1599991715967925755,one,1,-6183,9,-2
1599991716031159519,one,1,-6172,9,-2
1599991716063203311,one,1,-6167,9,-2
1599991716127184741,one,1,-6156,9,-2
1599991716159300406,one,1,-6150,9,-2
1599991716223243143,one,1,-6139,9,-2
1599991716255234153,one,1,-6134,9,-2
1599991716319585836,one,1,-6123,9,-2
1599991716351212622,one,1,-6118,9,-2
1599991716415439625,one,1,-6106,9,-2
1599991716479484619,one,1,-6095,9,-2
1599991716511338679,one,1,-6089,9,-2
1599991716575371106,one,1,-6078,9,-2
1599991716607531632,one,1,-6073,9,-2
1599991716671427335,one,1,-6062,9,-1
1599991716703262887,one,1,-6057,9,-1
1599991716767107313,one,1,-6046,9,-1
1599991716831100064,one,1,-6035,9,-1
1599991716863207146,one,1,-6030,9,-1
1599991716927517244,one,1,-6019,9,-1
1599991716959448336,one,1,-6013,9,-1
1599991717023301233,one,1,-6003,9,-1
1599991717055306028,one,1,-5997,9,-1
1599991717119668282,one,1,-5986,9,-1
1599991717151547644,one,1,-5981,9,-1
1599991717215869468,one,1,-5970,9,-1
1599991717279861105,one,1,-5959,9,-1
1599991717311760602,one,1,-5954,9,-1
1599991717375802789,one,1,-5943,9,-1
1599991717407655864,one,1,-5938,9,-1
1599991717471576373,one,1,-5927,9,-1
1599991717503645181,one,1,-5922,9,-1
1599991717567178736,one,1,-5910,9,-1
1599991717631756616,one,1,-5899,9,-1
1599991717663710068,one,1,-5894,9,-1
1599991717727729265,one,1,-5883,9,-1
1599991717759702861,one,1,-5877,9,-1
1599991717823612324,one,1,-5867,9,-1
1599991717855571661,one,1,-5862,9,-1
1599991717919881625,one,1,-5850,9,-1
1599991717951566004,one,1,-5845,9,-1
1599991718015510550,one,1,-5834,9,-1
1599991718079724917,one,1,-5824,9,-1
1599991718111630054,one,1,-5818,9,-1
1599991718176346444,one,1,-5808,9,-1
1599991718207600374,one,1,-5802,9,-1
1599991718271016820,one,1,-5791,9,-1
1599991718303056352,one,1,-5786,9,-1
1599991718367651190,one,1,-5775,9,-1
1599991718431261812,one,1,-5764,9,-1
1599991718463222200,one,1,-5759,9,-1
1599991718527646979,one,1,-5748,9,-1
1599991718559654083,one,1,-5741,9,-1
1599991718623679781,one,1,-5730,9,-1
1599991718655548765,one,1,-5724,9,-1
1599991718719635317,one,1,-5712,9,-1
1599991718751692048,one,1,-5706,9,-1
1599991718815128718,one,1,-5694,9,-1
1599991718879841281,one,1,-5683,10,-1
1599991718911563877,one,1,-5678,10,-1
1599991718975537868,one,1,-5667,10,-1
1599991719007487191,one,1,-5662,10,-1
1599991719071570655,one,1,-5651,10,-1
1599991719103617817,one,1,-5646,10,-1
1599991719167479646,one,1,-5635,10,-1
1599991719230998444,one,1,-5624,10,-1
1599991719263028593,one,1,-5619,10,-1
1599991719327767941,one,1,-5607,10,-1
1599991719358981657,one,1,-5602,10,-1
1599991719423087734,one,1,-5592,10,-1
1599991719455091908,one,1,-5586,10,-1
1599991719519088188,one,1,-5575,10,-1
1599991719551844637,one,1,-5570,10,-1
1599991719614991032,one,1,-5559,10,-1
1599991719678943406,one,1,-5548,10,-1
1599991719710863380,one,1,-5543,10,-1
1599991719774887324,one,1,-5530,10,-1
1599991719806962778,one,1,-5525,10,-1
1599991719871288021,one,1,-5514,10,-1
1599991719903444779,one,1,-5509,10,-1
1599991719967595013,one,1,-5498,10,-1
1599991720031394624,one,1,-5487,10,-1
1599991720063411005,one,1,-5482,10,-1
1599991720126875831,one,1,-5471,10,-1
1599991720158892059,one,1,-5465,10,-1
1599991720223450914,one,1,-5455,9,-1
1599991720255444955,one,1,-5449,9,-1
1599991720319502653,one,1,-5437,9,-1
1599991720351411556,one,1,-5431,10,-1
1599991720415448598,one,1,-5421,10,-1
1599991720479632830,one,1,-5410,10,-1
1599991720511346452,one,1,-5404,10,-1
1599991720574889062,one,1,-5393,10,-1
1599991720606796805,one,1,-5388,10,-1
1599991720670867742,one,1,-5377,10,-1
1599991720702823303,one,1,-5372,10,-1
1599991720767388334,one,1,-5361,10,-1
1599991720833187938,one,1,-5350,10,-1
1599991720863496022,one,1,-5345,10,-1
1599991720927359563,one,1,-5334,10,-1
1599991720959298729,one,1,-5329,10,-1
1599991721023443718,one,1,-5318,10,-1
1599991721055499390,one,1,-5313,10,-1
1599991721118962814,one,1,-5302,10,-1
1599991721150897082,one,1,-5297,10,-1
1599991721214934466,one,1,-5286,10,-1
1599991721279923638,one,1,-5276,10,-1
1599991721311184867,one,1,-5270,10,-1
1599991721374786779,one,1,-5260,10,-1
1599991721406775769,one,1,-5254,10,-1
1599991721471824005,one,1,-5244,10,-1
1599991721503622942,one,1,-5238,10,-1
1599991721567312244,one,1,-5228,10,-1
1599991721631429495,one,1,-5217,10,-1
1599991721663632736,one,1,-5211,10,-1
1599991721727340684,one,1,-5201,10,-1
1599991721759200398,one,1,-5195,10,-1
1599991721823270395,one,1,-5185,10,-1
1599991721855319515,one,1,-5179,10,-1
1599991721919302233,one,1,-5168,10,-1
1599991721951235611,one,1,-5163,10,-1
1599991722015259338,one,1,-5152,10,-1
1599991722079382419,one,1,-5141,10,-2
1599991722111416809,one,1,-5136,10,-2
1599991722175283659,one,1,-5125,10,-2
1599991722207420310,one,1,-5120,10,-2
1599991722271015787,one,1,-5110,10,-2
1599991722303121109,one,1,-5104,10,-2
1599991722366790423,one,1,-5093,10,-2
1599991722431267878,one,1,-5082,10,-2
1599991722463979543,one,1,-5077,10,-2
1599991722526727835,one,1,-5066,9,-2
1599991722558883166,one,1,-5061,9,-2
1599991722623368110,one,1,-5050,9,-2
1599991722655270954,one,1,-5045,9,-2
1599991722719368651,one,1,-5033,9,-2
1599991722751336853,one,1,-5028,9,-2
1599991722815296795,one,1,-5017,9,-2
1599991722879379633,one,1,-5006,9,-2
1599991722911293932,one,1,-5001,9,-2
1599991722975504056,one,1,-4990,9,-2
1599991723007371324,one,1,-4984,9,-2
1599991723071429781,one,1,-4973,9,-2
1599991723103319492,one,1,-4968,9,-2
1599991723167346253,one,1,-4959,9,-2
1599991723231261460,one,1,-4947,9,-2
1599991723263907861,one,1,-4942,9,-2
1599991723327118888,one,1,-4931,9,-2
1599991723359442264,one,1,-4926,9,-2
1599991723422704137,one,1,-4915,9,-2
1599991723455249609,one,1,-4910,9,-2
1599991723519144081,one,1,-4899,9,-2
1599991723550767696,one,1,-4894,9,-2
1599991723615311314,one,1,-4884,9,-2
1599991723679215491,one,1,-4873,9,-2
1599991723711318167,one,1,-4867,9,-2
1599991723775195483,one,1,-4857,9,-2
1599991723807240235,one,1,-4851,9,-2
1599991723871192507,one,1,-4840,9,-2
1599991723903184525,one,1,-4835,9,-2
1599991723967194161,one,1,-4824,9,-2
1599991724031196475,one,1,-4813,9,-2
1599991724063216799,one,1,-4808,9,-2
1599991724127178269,one,1,-4798,9,-2
1599991724159354467,one,1,-4792,9,-2
1599991724223268034,one,1,-4781,9,-2
1599991724255214585,one,1,-4776,9,-2
1599991724319101743,one,1,-4765,9,-2
1599991724351222115,one,1,-4759,9,-2
1599991724415358652,one,1,-4748,9,-2
1599991724479180222,one,1,-4738,9,-2
1599991724511197362,one,1,-4732,9,-2
1599991724575118366,one,1,-4721,9,-2
1599991724607171191,one,1,-4716,9,-2
1599991724671067156,one,1,-4705,9,-2
1599991724703342518,one,1,-4700,9,-2
1599991724767094730,one,1,-4689,9,-2
1599991724831154597,one,1,-4678,9,-2
1599991724863566403,one,1,-4673,9,-2
1599991724927114211,one,1,-4662,9,-2
1599991724959100662,one,1,-4657,9,-2
1599991725023074339,one,1,-4645,9,-2
1599991725054995019,one,1,-4640,9,-2
1599991725119054567,one,1,-4630,9,-2
1599991725151027927,one,1,-4624,9,-2
1599991725214825348,one,1,-4613,9,-2
1599991725278940783,one,1,-4602,9,-2
1599991725310721685,one,1,-4596,9,-2
1599991725374927238,one,1,-4586,9,-2
1599991725406503092,one,1,-4580,9,-2
1599991725472359228,one,1,-4570,9,-2
1599991725502955130,one,1,-4564,9,-2
1599991725567099646,one,1,-4553,9,-2
1599991725631038586,one,1,-4542,9,-2
1599991725663388076,one,1,-4537,9,-2
1599991725727015688,one,1,-4526,9,-2
1599991725758966022,one,1,-4521,9,-2
1599991725822632410,one,1,-4510,9,-2
1599991725854681708,one,1,-4504,9,-2
1599991725919026098,one,1,-4493,9,-2
1599991725950907872,one,1,-4488,9,-2
1599991726015006988,one,1,-4476,9,-2
1599991726079224064,one,1,-4466,9,-2
1599991726110980104,one,1,-4460,9,-2
1599991726174996740,one,1,-4450,9,-2
1599991726206929882,one,1,-4444,9,-2
1599991726270977191,one,1,-4433,9,-2
1599991726302520794,one,1,-4428,9,-2
1599991726367006927,one,1,-4418,9,-2
1599991726430906932,one,1,-4407,9,-2
1599991726463115832,one,1,-4401,9,-2
1599991726526702833,one,1,-4390,9,-2
1599991726558365075,one,1,-4385,9,-2
1599991726622923518,one,1,-4375,9,-2
1599991726655189922,one,1,-4370,9,-2
1599991726719052147,one,1,-4359,9,-2
1599991726751054718,one,1,-4353,9,-2
1599991726815096177,one,1,-4342,9,-2
1599991726878972874,one,1,-4331,9,-2
1599991726910941187,one,1,-4326,9,-2
1599991726974972995,one,1,-4314,9,-2
1599991727006927872,one,1,-4309,9,-2
1599991727071169968,one,1,-4298,9,-2
1599991727102963895,one,1,-4293,9,-2
1599991727166794638,one,1,-4282,9,-2
1599991727230822149,one,1,-4271,9,-2
1599991727263200432,one,1,-4265,9,-2
1599991727326805805,one,1,-4255,9,-2
1599991727359108510,one,1,-4249,9,-2
1599991727422807931,one,1,-4238,9,-2
1599991727455028424,one,1,-4233,9,-2
1599991727518853827,one,1,-4222,9,-2
1599991727550897871,one,1,-4216,9,-2
1599991727614812390,one,1,-4205,9,-2
1599991727678813661,one,1,-4193,9,-2
1599991727710492478,one,1,-4188,9,-2
1599991727774502628,one,1,-4178,9,-2
1599991727806455623,one,1,-4172,9,-2
1599991727870496706,one,1,-4161,9,-2
1599991727902520631,one,1,-4155,9,-2
1599991727966882130,one,1,-4143,9,-2
1599991728003104613,one,1,-4138,9,-2
1599991728062622836,one,1,-4127,9,-2
1599991728126839924,one,1,-4116,9,-2
1599991728158798525,one,1,-4109,9,-2
1599991728222781927,one,1,-4099,9,-2
1599991728254979685,one,1,-4093,9,-2
1599991728318377073,one,1,-4082,9,-2
1599991728350261292,one,1,-4077,9,-2
1599991728414764223,one,1,-4066,9,-2
1599991728478969216,one,1,-4055,9,-2
1599991728510426591,one,1,-4049,9,-2
1599991728575010597,one,1,-4039,9,-2
1599991728606832962,one,1,-4033,9,-2
1599991728670858469,one,1,-4022,9,-2
1599991728702802688,one,1,-4017,9,-2
1599991728766704148,one,1,-4005,9,-2
1599991728830756527,one,1,-3995,9,-2
1599991728862824563,one,1,-3990,9,-2
1599991728926778565,one,1,-3979,9,-2
1599991728958688461,one,1,-3973,9,-2
1599991729022709152,one,1,-3962,9,-2
1599991729055422250,one,1,-3957,9,-2
1599991729118752466,one,1,-3946,9,-2
1599991729150610869,one,1,-3941,9,-2
1599991729214657148,one,1,-3931,9,-2
1599991729278724553,one,1,-3920,9,-2
1599991729310632065,one,1,-3914,9,-2
1599991729374640977,one,1,-3904,9,-2
1599991729406775919,one,1,-3898,9,-2
1599991729470752465,one,1,-3888,9,-2
1599991729502674379,one,1,-3882,9,-2
1599991729566220095,one,1,-3871,9,-2
1599991729630718876,one,1,-3859,9,-2
1599991729662809707,one,1,-3854,9,-2
1599991729726792112,one,1,-3843,9,-2
1599991729758707754,one,1,-3838,9,-2
1599991729822783003,one,1,-3827,9,-2
1599991729854684924,one,1,-3822,9,-2
1599991729918647840,one,1,-3811,9,-2
1599991729950613556,one,1,-3806,9,-2
1599991730014631950,one,1,-3795,9,-2
1599991730078728264,one,1,-3784,9,-2
1599991730110632500,one,1,-3778,9,-2
1599991730174609974,one,1,-3768,9,-2
1599991730207675035,one,1,-3763,9,-2
1599991730270642350,one,1,-3752,9,-2
1599991730302746965,one,1,-3746,9,-2
1599991730366526257,one,1,-3736,9,-2
1599991730430660203,one,1,-3725,9,-2
1599991730462594907,one,1,-3720,9,-2
1599991730526635304,one,1,-3709,9,-2
1599991730558715767,one,1,-3704,9,-2
1599991730622536665,one,1,-3693,9,-2
1599991730654585959,one,1,-3688,9,-2
1599991730718667054,one,1,-3677,9,-2
1599991730750769946,one,1,-3671,9,-2
1599991730814638877,one,1,-3661,9,-2
1599991730878499994,one,1,-3650,9,-2
1599991730910464552,one,1,-3644,9,-2
1599991730974536299,one,1,-3633,9,-2
1599991731006604952,one,1,-3628,9,-2
1599991731070665358,one,1,-3618,9,-2
1599991731102498628,one,1,-3612,9,-2
1599991731166498858,one,1,-3602,9,-2
1599991731230522600,one,1,-3591,9,-2
1599991731262462805,one,1,-3585,9,-2
1599991731326484919,one,1,-3575,9,-2
1599991731358855832,one,1,-3569,9,-2
1599991731422175300,one,1,-3558,9,-2
1599991731455062971,one,1,-3553,9,-2
1599991731518435755,one,1,-3541,9,-2
1599991731550627367,one,1,-3537,9,-2
1599991731615040349,one,1,-3526,9,-2
