1601819937370112807,first,1,403,0,0,fourth,4,1502,0,0,second,2,3238,0,0,third,3,3077,0,0,zero,0,1213,0,0
1601819937482293351,first,1,402,0,0,fourth,4,1501,0,0,second,2,3238,0,0,third,3,3077,0,0,zero,0,1213,0,0
1601819937594349472,first,1,403,0,0,fourth,4,1502,0,0,second,2,3238,0,0,third,3,3077,0,0,zero,0,1213,0,0
1601819937706369660,first,1,403,0,0,fourth,4,1502,0,0,second,2,3238,0,0,third,3,3077,0,0,zero,0,1213,0,0
1601819937818637333,first,1,403,0,0,fourth,4,1502,0,0,second,2,3239,0,0,third,3,3077,0,0,zero,0,1213,0,0
1601819937930556685,first,1,402,0,0,fourth,4,1501,0,0,second,2,3238,0,0,third,3,3077,0,0,zero,0,1213,0,0
1601819938042262770,first,1,403,0,0,fourth,4,1502,0,0,second,2,3238,0,0,third,3,3077,0,0,zero,0,1213,0,0
1601819938154347365,first,1,402,0,0,fourth,4,1502,0,0,second,2,3238,0,0,third,3,3077,0,0,zero,0,1213,0,0
1601819938265778619,first,1,402,0,0,fourth,4,1502,0,0,second,2,3238,0,0,third,3,3077,0,0,zero,0,1213,0,0
1601819938378448903,first,1,403,0,0,fourth,4,1502,0,0,second,2,3238,0,0,third,3,3077,0,0,zero,0,1213,0,0
1601819938491495562,first,1,403,0,0,fourth,4,1501,0,0,second,2,3239,0,0,third,3,3077,0,0,zero,0,1213,0,0
1601819938602283411,first,1,403,0,0,fourth,4,1502,0,0,second,2,3238,0,0,third,3,3077,0,0,zero,0,1213,0,0
1601819938714614825,first,1,403,0,0,fourth,4,1502,0,0,second,2,3238,0,0,third,3,3077,0,0,zero,0,1213,0,0
1601819938826258882,first,1,402,0,0,fourth,4,1502,0,0,second,2,3238,0,0,third,3,3077,0,0,zero,0,1213,0,0
1601819938938280263,first,1,403,0,0,fourth,4,1502,0,0,second,2,3238,0,0,third,3,3077,0,0,zero,0,1213,0,0
1601819939050266491,first,1,403,0,0,fourth,4,1501,0,0,second,2,3238,0,0,third,3,3077,0,0,zero,0,1213,0,0
1601819939162197800,first,1,403,0,0,fourth,4,1502,0,0,second,2,3239,0,0,third,3,3077,0,0,zero,0,1213,0,0
1601819939274380572,first,1,403,0,0,fourth,4,1501,0,0,second,2,3238,0,0,third,3,3077,0,0,zero,0,1213,0,0
1601819939385610789,first,1,403,0,0,fourth,4,1501,0,0,second,2,3238,0,0,third,3,3077,0,0,zero,0,1213,0,0
1601819939497581693,first,1,403,0,0,fourth,4,1501,0,0,second,2,3238,0,0,third,3,3077,0,0,zero,0,1213,0,0
1601819939609548282,first,1,403,0,0,fourth,4,1502,0,0,second,2,3238,0,0,third,3,3077,0,0,zero,0,1213,0,0
1601819939721603695,first,1,403,0,0,fourth,4,1501,0,0,second,2,3239,0,0,third,3,3077,0,0,zero,0,1213,0,0
1601819939833552473,first,1,403,0,0,fourth,4,1502,0,0,second,2,3238,0,0,third,3,3077,0,0,zero,0,1213,0,0
1601819939945554611,first,1,402,0,0,fourth,4,1502,0,0,second,2,3238,0,0,third,3,3077,0,0,zero,0,1213,0,0
1601819940057575471,first,1,402,0,0,fourth,4,1502,0,0,second,2,3238,0,0,third,3,3077,0,0,zero,0,1213,0,0
1601819940169717879,first,1,403,0,0,fourth,4,1501,0,0,second,2,3239,0,0,third,3,3077,0,0,zero,0,1213,0,0
1601819940281551423,first,1,402,0,0,fourth,4,1502,0,0,second,2,3239,0,0,third,3,3077,0,0,zero,0,1213,0,0
1601819940393640947,first,1,403,0,0,fourth,4,1501,0,0,second,2,3238,0,0,third,3,3077,0,0,zero,0,1213,0,0
1601819940505604802,first,1,403,0,0,fourth,4,1502,0,0,second,2,3238,0,0,third,3,3077,0,0,zero,0,1213,0,0
1601819940618380728,first,1,402,0,0,fourth,4,1501,0,0,second,2,3238,0,0,third,3,3077,0,0,zero,0,1213,0,0
1601819940730300123,first,1,402,0,0,fourth,4,1501,0,0,second,2,3239,0,0,third,3,3077,0,0,zero,0,1213,0,0
1601819940842330125,first,1,403,0,0,fourth,4,1502,0,0,second,2,3238,0,0,third,3,3077,0,0,zero,0,1213,0,0
1601819940954085243,first,1,403,0,0,fourth,4,1502,0,0,second,2,3238,0,0,third,3,3077,0,0,zero,0,1213,0,0
1601819941066062031,first,1,402,0,0,fourth,4,1501,0,0,second,2,3239,0,0,third,3,3077,0,0,zero,0,1213,0,0
1601819941178059597,first,1,403,0,0,fourth,4,1501,0,0,second,2,3238,0,0,third,3,3077,0,0,zero,0,1213,0,0
1601819941290192877,first,1,403,0,0,fourth,4,1501,0,0,second,2,3239,0,0,third,3,3077,0,0,zero,0,1213,0,0
1601819941402021169,first,1,403,0,0,fourth,4,1502,0,0,second,2,3239,0,0,third,3,3077,0,0,zero,0,1213,0,0
1601819941514082387,first,1,402,0,0,fourth,4,1502,0,0,second,2,3238,0,0,third,3,3077,0,0,zero,0,1213,0,0
1601819941626071957,first,1,403,0,0,fourth,4,1502,0,0,second,2,3238,0,0,third,3,3077,0,0,zero,0,1213,0,0
1601819941802337155,first,1,402,0,0,fourth,4,1502,0,0,second,2,3238,0,0,third,3,3077,0,0,zero,0,1213,0,0
1601819941914596816,first,1,402,0,0,fourth,4,1501,0,0,second,2,3238,0,0,third,3,3077,0,0,zero,0,1213,0,0
1601819942026172119,first,1,402,0,0,fourth,4,1502,0,0,second,2,3238,0,0,third,3,3077,0,0,zero,0,1213,0,0
1601819942138176094,first,1,402,0,0,fourth,4,1501,0,0,second,2,3238,0,0,third,3,3077,0,0,zero,0,1213,0,0
1601819942250314621,first,1,403,0,0,fourth,4,1502,0,0,second,2,3239,0,0,third,3,3077,0,0,zero,0,1213,0,0
1601819942362540673,first,1,403,0,0,fourth,4,1502,0,-1,second,2,3238,0,0,third,3,3077,0,0,zero,0,1213,0,0
1601819942474141740,first,1,403,0,-3,fourth,4,1501,0,-2,second,2,3238,0,0,third,3,3069,-3,-6,zero,0,1213,0,0
1601819942586185136,first,1,402,0,-3,fourth,4,1501,0,-2,second,2,3239,0,0,third,3,3042,-14,-5,zero,0,1213,0,-1
1601819942698400607,first,1,399,-1,-8,fourth,4,1498,0,-1,second,2,3238,0,-2,third,3,3016,-14,-2,zero,0,1198,-11,-6
1601819942810222947,first,1,381,-9,-12,fourth,4,1481,-8,-3,second,2,3237,0,-4,third,3,3000,-8,-1,zero,0,1141,-36,-15
1601819942922350938,first,1,344,-20,-10,fourth,4,1462,-9,-1,second,2,3221,-8,-3,third,3,2994,-1,0,zero,0,1058,-47,-8
1601819943034303937,first,1,289,-30,-10,fourth,4,1452,-5,-1,second,2,3197,-13,-7,third,3,2995,0,0,zero,0,986,-39,-12
1601819943146139030,first,1,225,-35,-12,fourth,4,1450,0,0,second,2,3161,-20,-4,third,3,2994,0,0,zero,0,911,-42,-14
1601819943258217865,first,1,160,-35,-7,fourth,4,1451,0,0,second,2,3117,-23,-2,third,3,2995,0,0,zero,0,837,-39,-6
1601819943370075236,first,1,115,-25,-6,fourth,4,1450,0,0,second,2,3076,-22,-3,third,3,2994,0,0,zero,0,781,-31,-8
1601819943482385651,first,1,79,-20,-10,fourth,4,1450,0,0,second,2,3041,-17,-1,third,3,2994,0,-2,zero,0,725,-31,-10
1601819943594143640,first,1,39,-21,-6,fourth,4,1451,0,0,second,2,3031,0,0,third,3,2994,0,-2,zero,0,670,-29,-7
1601819943706142298,first,1,2,-20,-8,fourth,4,1450,0,-2,second,2,3031,0,-2,third,3,2993,0,-2,zero,0,635,-18,-12
1601819943818228285,first,1,-38,-20,-12,fourth,4,1450,0,-2,second,2,3030,0,-3,third,3,2989,-1,-3,zero,0,596,-22,-14
1601819943930273043,first,1,-81,-23,-7,fourth,4,1451,0,-2,second,2,3015,-8,-2,third,3,2971,-9,-1,zero,0,540,-30,-11
1601819944042716635,first,1,-117,-19,-11,fourth,4,1451,0,-2,second,2,2989,-13,-5,third,3,2951,-10,-1,zero,0,486,-29,-12
1601819944154266878,first,1,-172,-30,-11,fourth,4,1451,0,-2,second,2,2957,-16,-6,third,3,2932,-9,-1,zero,0,426,-34,-18
1601819944266256701,first,1,-236,-35,-8,fourth,4,1451,0,-2,second,2,2926,-16,-2,third,3,2926,-1,0,zero,0,359,-36,-13
1601819944378143826,first,1,-288,-29,-10,fourth,4,1451,0,-2,second,2,2904,-11,-1,third,3,2926,0,0,zero,0,303,-31,-15
1601819944490163461,first,1,-337,-27,-11,fourth,4,1451,0,-2,second,2,2882,-11,-1,third,3,2925,0,0,zero,0,240,-34,-16
1601819944602196791,first,1,-388,-28,-7,fourth,4,1450,0,-2,second,2,2862,-10,-1,third,3,2925,0,-1,zero,0,176,-35,-13
1601819944714238525,first,1,-428,-22,-8,fourth,4,1451,0,-2,second,2,2844,-9,-1,third,3,2925,0,-1,zero,0,128,-25,-12
1601819944826572446,first,1,-468,-21,-11,fourth,4,1451,0,-2,second,2,2823,-10,-2,third,3,2921,-1,-2,zero,0,88,-22,-15
1601819944938060984,first,1,-506,-21,-6,fourth,4,1450,0,-2,second,2,2802,-10,-2,third,3,2903,-8,-1,zero,0,44,-23,-12
1601819945050151783,first,1,-535,-15,-9,fourth,4,1451,0,0,second,2,2784,-9,-2,third,3,2885,-8,-1,zero,0,10,-18,-18
1601819945162145294,first,1,-570,-18,-12,fourth,4,1450,0,0,second,2,2764,-10,-3,third,3,2867,-9,-1,zero,0,-34,-24,-18
1601819945274094042,first,1,-621,-28,-12,fourth,4,1451,0,-1,second,2,2744,-10,-1,third,3,2851,-8,-1,zero,0,-84,-27,-17
1601819945386356898,first,1,-664,-23,-11,fourth,4,1451,0,0,second,2,2727,-9,-3,third,3,2837,-7,-1,zero,0,-126,-23,-19
1601819945498087740,first,1,-698,-19,-14,fourth,4,1452,0,-1,second,2,2707,-9,-3,third,3,2824,-7,-1,zero,0,-165,-22,-18
1601819945610168432,first,1,-727,-15,-11,fourth,4,1452,0,-1,second,2,2690,-8,-1,third,3,2818,-1,0,zero,0,-199,-16,-21
1601819945722123720,first,1,-745,-9,-15,fourth,4,1453,0,-1,second,2,2677,-7,-2,third,3,2818,0,-1,zero,0,-212,-4,-21
1601819945834162954,first,1,-767,-11,-18,fourth,4,1454,0,-1,second,2,2662,-7,-4,third,3,2814,0,-1,zero,0,-212,0,-19
1601819945946097128,first,1,-776,-2,0,fourth,4,1455,0,0,second,2,2648,-6,-3,third,3,2796,-9,-4,zero,0,-210,0,-3
1601819946058090490,first,1,-773,0,-5,fourth,4,1456,0,-2,second,2,2642,-1,-2,third,3,2771,-12,-1,zero,0,-209,0,-2
1601819946170210482,first,1,-771,0,-3,fourth,4,1456,0,-2,second,2,2642,0,-2,third,3,2746,-12,-1,zero,0,-207,0,-2
1601819946282090362,first,1,-769,0,-3,fourth,4,1458,0,-3,second,2,2643,0,-2,third,3,2726,-10,-3,zero,0,-205,0,-2
1601819946394408963,first,1,-767,0,-3,fourth,4,1458,0,-3,second,2,2643,0,-2,third,3,2710,-7,-1,zero,0,-205,0,-3
1601819946506090794,first,1,-766,0,2,fourth,4,1458,0,-3,second,2,2643,0,-2,third,3,2700,-5,-1,zero,0,-206,0,-2
1601819946618009967,first,1,-764,0,-2,fourth,4,1459,0,-3,second,2,2643,0,-2,third,3,2698,0,-3,zero,0,-206,0,-3
1601819946730079598,first,1,-763,0,-3,fourth,4,1459,0,-2,second,2,2643,0,-2,third,3,2699,0,-2,zero,0,-205,0,-3
1601819946842246157,first,1,-762,0,-3,fourth,4,1459,0,-2,second,2,2642,0,-2,third,3,2699,0,-2,zero,0,-205,0,-2
1601819946954213305,first,1,-761,0,-2,fourth,4,1459,0,-3,second,2,2643,0,-2,third,3,2699,0,-2,zero,0,-205,0,-3
1601819947065996231,first,1,-760,0,-1,fourth,4,1459,0,-3,second,2,2643,0,-2,third,3,2699,0,-3,zero,0,-206,0,-4
1601819947178218596,first,1,-758,0,-3,fourth,4,1459,0,-2,second,2,2643,0,-2,third,3,2699,0,-2,zero,0,-206,0,-2
1601819947289944202,first,1,-757,0,-3,fourth,4,1459,0,-3,second,2,2642,0,-2,third,3,2699,0,-2,zero,0,-206,0,-2
1601819947402420861,first,1,-756,0,-2,fourth,4,1459,0,-2,second,2,2643,0,-2,third,3,2698,0,-3,zero,0,-206,0,-3
1601819947514225437,first,1,-755,0,-2,fourth,4,1459,0,-2,second,2,2642,0,-2,third,3,2699,0,-3,zero,0,-205,0,-4
1601819947626334137,first,1,-754,0,-3,fourth,4,1459,0,-2,second,2,2643,0,-2,third,3,2698,0,-2,zero,0,-205,0,-4
1601819947738065771,first,1,-754,0,-3,fourth,4,1459,0,-2,second,2,2643,0,-2,third,3,2699,0,-3,zero,0,-206,0,-1
1601819947849981771,first,1,-753,0,-2,fourth,4,1459,0,-2,second,2,2643,0,-2,third,3,2699,0,-3,zero,0,-205,0,-2
1601819947961522904,first,1,-753,0,-2,fourth,4,1459,0,-2,second,2,2643,0,-2,third,3,2699,0,-2,zero,0,-206,0,0
1601819948074002230,first,1,-752,0,-2,fourth,4,1459,0,-2,second,2,2643,0,-2,third,3,2699,0,-2,zero,0,-206,0,-3
1601819948185989788,first,1,-752,0,-2,fourth,4,1459,0,-2,second,2,2643,0,-2,third,3,2699,0,-2,zero,0,-205,0,-3
1601819948297984840,first,1,-751,0,-2,fourth,4,1459,0,-2,second,2,2643,0,-2,third,3,2699,0,-3,zero,0,-206,0,-3
1601819948410467799,first,1,-751,0,-2,fourth,4,1459,0,-2,second,2,2643,0,-2,third,3,2699,0,-3,zero,0,-206,0,-2
1601819948522150082,first,1,-751,0,-2,fourth,4,1459,0,-2,second,2,2643,0,-2,third,3,2699,0,-3,zero,0,-206,0,-3
1601819948633968250,first,1,-752,0,-2,fourth,4,1459,0,-2,second,2,2643,0,-2,third,3,2699,0,-2,zero,0,-205,0,-4
1601819948746016658,first,1,-751,0,-2,fourth,4,1459,0,-2,second,2,2643,0,-2,third,3,2699,0,-3,zero,0,-205,0,-2
1601819948858030722,first,1,-751,0,-2,fourth,4,1459,0,-2,second,2,2643,0,-2,third,3,2699,0,-3,zero,0,-206,0,-2
1601819948970037448,first,1,-751,0,-2,fourth,4,1459,0,-2,second,2,2643,0,-2,third,3,2699,0,-3,zero,0,-206,0,-2
1601819949082254484,first,1,-751,0,-2,fourth,4,1459,0,-2,second,2,2643,0,-2,third,3,2698,0,-2,zero,0,-206,0,-3
1601819949194016181,first,1,-751,0,-2,fourth,4,1459,0,-2,second,2,2643,0,-2,third,3,2699,0,-3,zero,0,-205,0,-2
1601819949306033804,first,1,-751,0,-2,fourth,4,1459,0,-2,second,2,2643,0,-2,third,3,2699,0,-3,zero,0,-206,0,-3
1601819949418516579,first,1,-751,0,-2,fourth,4,1459,0,-2,second,2,2643,0,-2,third,3,2698,0,-3,zero,0,-206,0,-1
1601819949530064617,first,1,-751,0,-2,fourth,4,1459,0,-2,second,2,2643,0,-2,third,3,2699,0,-3,zero,0,-206,0,-2
1601819949642785140,first,1,-751,0,-2,fourth,4,1459,0,-2,second,2,2643,0,-2,third,3,2699,0,-3,zero,0,-205,0,-2
1601819949753943303,first,1,-751,0,-2,fourth,4,1459,0,-2,second,2,2643,0,-2,third,3,2698,0,-2,zero,0,-205,0,-3
1601819949866409346,first,1,-751,0,-2,fourth,4,1459,0,-2,second,2,2643,0,-2,third,3,2699,0,-2,zero,0,-205,0,-3
1601819949978285954,first,1,-751,0,-2,fourth,4,1459,0,-2,second,2,2643,0,-2,third,3,2698,0,-3,zero,0,-205,0,-3
1601819950089995273,first,1,-751,0,-2,fourth,4,1459,0,-2,second,2,2643,0,-2,third,3,2698,0,-3,zero,0,-206,0,-2
1601819950202930500,first,1,-751,0,-2,fourth,4,1459,0,-2,second,2,2643,0,-2,third,3,2697,0,-2,zero,0,-206,0,-2
1601819950314552889,first,1,-751,0,-2,fourth,4,1459,0,-2,second,2,2643,0,-2,third,3,2693,0,-1,zero,0,-206,0,-3
1601819950426184369,first,1,-751,0,-2,fourth,4,1459,0,-2,second,2,2643,0,-2,third,3,2682,-5,-1,zero,0,-206,0,-2
1601819950537893255,first,1,-751,0,-2,fourth,4,1459,0,-2,second,2,2643,0,-2,third,3,2670,-6,-3,zero,0,-205,0,-3
1601819950649961258,first,1,-751,0,-2,fourth,4,1459,0,-2,second,2,2643,0,-2,third,3,2663,-2,-2,zero,0,-205,0,-2
1601819950762535874,first,1,-751,0,-2,fourth,4,1459,0,-2,second,2,2643,0,-2,third,3,2663,0,-3,zero,0,-206,0,-1
1601819950873971247,first,1,-751,0,-2,fourth,4,1459,0,-2,second,2,2643,0,-2,third,3,2664,0,-3,zero,0,-205,0,-2
1601819950985952576,first,1,-751,0,-2,fourth,4,1459,0,-2,second,2,2642,0,-2,third,3,2663,0,-3,zero,0,-206,0,-1
1601819951098173631,first,1,-751,0,-2,fourth,4,1459,0,-2,second,2,2643,0,-2,third,3,2663,0,-3,zero,0,-206,0,-3
1601819951209866476,first,1,-751,0,-2,fourth,4,1459,0,-2,second,2,2642,0,-2,third,3,2663,0,-2,zero,0,-206,0,-3
1601819951321941807,first,1,-751,0,-2,fourth,4,1459,0,-2,second,2,2643,0,-2,third,3,2663,0,-3,zero,0,-206,0,-2
1601819951434001350,first,1,-751,0,-2,fourth,4,1459,0,-2,second,2,2643,0,-2,third,3,2664,0,-2,zero,0,-205,0,-1
1601819951546046877,first,1,-751,0,-2,fourth,4,1459,0,-2,second,2,2643,0,-2,third,3,2664,0,-2,zero,0,-206,0,-3
1601819951657854394,first,1,-751,0,-2,fourth,4,1459,0,-2,second,2,2643,0,-2,third,3,2663,0,-3,zero,0,-206,0,-2
1601819951769949394,first,1,-751,0,-2,fourth,4,1459,0,-2,second,2,2643,0,-2,third,3,2663,0,-3,zero,0,-206,0,-2
1601819951882387252,first,1,-751,0,-2,fourth,4,1459,0,-2,second,2,2642,0,-2,third,3,2664,0,-3,zero,0,-206,0,-2
1601819951994094978,first,1,-751,0,-2,fourth,4,1459,0,-2,second,2,2643,0,-2,third,3,2664,0,-3,zero,0,-206,0,-2
1601819952105841447,first,1,-751,0,-2,fourth,4,1459,0,-2,second,2,2643,0,-2,third,3,2663,0,-2,zero,0,-206,0,-2
1601819952218175413,first,1,-751,0,-2,fourth,4,1459,0,-2,second,2,2643,0,-2,third,3,2663,0,-3,zero,0,-206,0,-3
1601819952329844514,first,1,-751,0,-2,fourth,4,1459,0,-2,second,2,2643,0,-2,third,3,2663,0,-3,zero,0,-206,0,-4
1601819952441989732,first,1,-751,0,-2,fourth,4,1459,0,-2,second,2,2643,0,-2,third,3,2663,0,-2,zero,0,-206,0,-3
1601819952553907749,first,1,-751,0,-2,fourth,4,1459,0,-2,second,2,2643,0,-2,third,3,2664,0,-2,zero,0,-206,0,-2
1601819952665930021,first,1,-751,0,-2,fourth,4,1459,0,-2,second,2,2643,0,-2,third,3,2664,0,-2,zero,0,-206,0,-3
1601819952778723828,first,1,-751,0,-2,fourth,4,1459,0,-2,second,2,2643,0,-2,third,3,2663,0,-3,zero,0,-206,0,-2
1601819952889904991,first,1,-751,0,-2,fourth,4,1459,0,-2,second,2,2643,0,-2,third,3,2664,0,-2,zero,0,-206,0,-1
1601819953001976773,first,1,-751,0,-2,fourth,4,1459,0,-2,second,2,2643,0,-2,third,3,2663,0,-3,zero,0,-206,0,-3
1601819953113841679,first,1,-751,0,-2,fourth,4,1459,0,-2,second,2,2643,0,-2,third,3,2664,0,-1,zero,0,-206,0,-1
1601819953226086698,first,1,-751,0,-2,fourth,4,1459,0,-2,second,2,2642,0,-2,third,3,2664,0,-3,zero,0,-206,0,-2
1601819953338497982,first,1,-751,0,-2,fourth,4,1459,0,-2,second,2,2642,0,-2,third,3,2663,0,0,zero,0,-206,0,-2
1601819953449892872,first,1,-751,0,-2,fourth,4,1459,0,-2,second,2,2643,0,-2,third,3,2663,0,-3,zero,0,-206,0,-1
1601819953561791571,first,1,-751,0,-2,fourth,4,1459,0,-2,second,2,2643,0,-2,third,3,2664,0,-3,zero,0,-206,0,-3
1601819953673829154,first,1,-751,0,-2,fourth,4,1459,0,-2,second,2,2643,0,-2,third,3,2663,0,-3,zero,0,-206,0,-2
1601819953786795496,first,1,-751,0,-2,fourth,4,1459,0,-2,second,2,2643,0,-2,third,3,2663,0,-2,zero,0,-206,0,-2
1601819953898043685,first,1,-751,0,-2,fourth,4,1459,0,-2,second,2,2642,0,-2,third,3,2663,0,-2,zero,0,-206,0,-2
1601819954009750953,first,1,-751,0,-2,fourth,4,1459,0,-2,second,2,2643,0,-2,third,3,2663,0,-2,zero,0,-206,0,-2
1601819954121861056,first,1,-751,0,-2,fourth,4,1459,0,-2,second,2,2643,0,-2,third,3,2663,0,-3,zero,0,-205,0,-3
1601819954233701384,first,1,-751,0,-2,fourth,4,1459,0,-2,second,2,2643,0,-2,third,3,2663,0,-2,zero,0,-206,0,-3
1601819954345814128,first,1,-751,0,-2,fourth,4,1459,0,-2,second,2,2643,0,-2,third,3,2663,0,-3,zero,0,-206,0,-3
1601819954458203041,first,1,-751,0,-2,fourth,4,1459,0,-2,second,2,2643,0,-2,third,3,2663,0,-3,zero,0,-206,0,-3
1601819954570099601,first,1,-751,0,-2,fourth,4,1459,0,-2,second,2,2642,0,-2,third,3,2663,0,-3,zero,0,-205,0,-4
1601819954682067651,first,1,-751,0,-2,fourth,4,1459,0,-2,second,2,2643,0,-2,third,3,2663,0,-3,zero,0,-205,0,-3
1601819954793893756,first,1,-751,0,-2,fourth,4,1459,0,-2,second,2,2643,0,-2,third,3,2663,0,-2,zero,0,-206,0,-2
1601819954905803220,first,1,-751,0,-2,fourth,4,1459,0,-2,second,2,2643,0,-2,third,3,2663,0,-3,zero,0,-206,0,-2
1601819955018445244,first,1,-751,0,-2,fourth,4,1459,0,-2,second,2,2643,0,-2,third,3,2663,0,0,zero,0,-206,0,-4
1601819955130892444,first,1,-751,0,-2,fourth,4,1459,0,-2,second,2,2643,0,-2,third,3,2664,0,-3,zero,0,-206,0,-3
1601819955242745875,first,1,-751,0,-2,fourth,4,1459,0,-2,second,2,2643,0,-2,third,3,2663,0,-2,zero,0,-206,0,-3
1601819955353927559,first,1,-751,0,-2,fourth,4,1459,0,-2,second,2,2642,0,-2,third,3,2663,0,-3,zero,0,-206,0,-1
1601819955466337024,first,1,-751,0,-2,fourth,4,1459,0,-2,second,2,2643,0,-2,third,3,2664,0,-3,zero,0,-206,0,-2
1601819955578209384,first,1,-751,0,-2,fourth,4,1459,0,-2,second,2,2642,0,-2,third,3,2664,0,-3,zero,0,-206,0,-3
1601819955689732996,first,1,-751,0,-2,fourth,4,1459,0,-2,second,2,2643,0,-2,third,3,2663,0,-2,zero,0,-206,0,-4
1601819955801824826,first,1,-751,0,-2,fourth,4,1459,0,-2,second,2,2643,0,-2,third,3,2663,0,-2,zero,0,-206,0,-2
1601819955914719066,first,1,-751,0,-2,fourth,4,1459,0,-2,second,2,2642,0,-2,third,3,2663,0,-3,zero,0,-206,0,-3
1601819956025847616,first,1,-751,0,-2,fourth,4,1459,0,-2,second,2,2643,0,-2,third,3,2663,0,-3,zero,0,-206,0,-1
1601819956137663136,first,1,-751,0,-2,fourth,4,1459,0,-2,second,2,2643,0,-2,third,3,2663,0,-2,zero,0,-206,0,-2
1601819956250408186,first,1,-751,0,-2,fourth,4,1459,0,-2,second,2,2643,0,-2,third,3,2663,0,-3,zero,0,-206,0,-1
1601819956361670814,first,1,-751,0,-2,fourth,4,1459,0,-2,second,2,2643,0,-2,third,3,2663,0,-3,zero,0,-206,0,-2
1601819956473910647,first,1,-751,0,-2,fourth,4,1459,0,-2,second,2,2643,0,-2,third,3,2663,0,-2,zero,0,-206,0,-3
1601819956585765102,first,1,-751,0,-2,fourth,4,1459,0,-2,second,2,2643,0,-2,third,3,2663,0,-1,zero,0,-206,0,-4
1601819956697778543,first,1,-751,0,-2,fourth,4,1459,0,-2,second,2,2643,0,-2,third,3,2663,0,-3,zero,0,-206,0,-2
1601819956810567635,first,1,-751,0,-2,fourth,4,1459,0,-2,second,2,2643,0,-2,third,3,2663,0,-3,zero,0,-206,0,-3
1601819956921794105,first,1,-751,0,-2,fourth,4,1459,0,-2,second,2,2643,0,-2,third,3,2663,0,-2,zero,0,-206,0,-2
1601819957033857462,first,1,-751,0,-2,fourth,4,1459,0,-2,second,2,2643,0,-2,third,3,2663,0,-2,zero,0,-206,0,-2
1601819957145659991,first,1,-751,0,-2,fourth,4,1459,0,-2,second,2,2643,0,-2,third,3,2663,0,-3,zero,0,-206,0,-2
1601819957258444895,first,1,-751,0,-2,fourth,4,1459,0,-2,second,2,2643,0,-2,third,3,2663,0,-3,zero,0,-206,0,-2
1601819957369784207,first,1,-751,0,-2,fourth,4,1459,0,-2,second,2,2643,0,-2,third,3,2664,0,-2,zero,0,-206,0,-3
1601819957481676390,first,1,-751,0,-2,fourth,4,1459,0,-2,second,2,2643,0,-2,third,3,2663,0,-3,zero,0,-206,0,-3
1601819957593683077,first,1,-751,0,-2,fourth,4,1459,0,-2,second,2,2643,0,-2,third,3,2663,0,-3,zero,0,-206,0,-4
1601819957705768396,first,1,-751,0,-2,fourth,4,1459,0,-2,second,2,2643,0,-2,third,3,2663,0,-2,zero,0,-206,0,-4
1601819957817730962,first,1,-751,0,-2,fourth,4,1459,0,-2,second,2,2643,0,-2,third,3,2663,0,-3,zero,0,-206,0,-2
1601819957929270740,first,1,-751,0,-2,fourth,4,1459,0,-2,second,2,2643,0,-2,third,3,2663,0,-2,zero,0,-206,0,-2
1601819958042110389,first,1,-751,0,-2,fourth,4,1459,0,-2,second,2,2643,0,-2,third,3,2663,0,-3,zero,0,-206,0,-1
1601819958154049329,first,1,-751,0,-2,fourth,4,1459,0,-2,second,2,2643,0,-2,third,3,2663,0,-2,zero,0,-206,0,-4
1601819958265664801,first,1,-751,0,-2,fourth,4,1459,0,-2,second,2,2643,0,-2,third,3,2664,0,-3,zero,0,-206,0,-2
1601819958377849632,first,1,-751,0,-2,fourth,4,1459,0,-2,second,2,2643,0,-2,third,3,2664,0,-2,zero,0,-206,0,-2
1601819958489709977,first,1,-751,0,-2,fourth,4,1459,0,-2,second,2,2643,0,-2,third,3,2663,0,-3,zero,0,-206,0,-2
1601819958601945773,first,1,-751,0,-2,fourth,4,1459,0,-2,second,2,2642,0,-2,third,3,2663,0,-2,zero,0,-206,0,-3
1601819958713960479,first,1,-751,0,-2,fourth,4,1459,0,-2,second,2,2643,0,-2,third,3,2663,0,-2,zero,0,-206,0,-2
1601819958825777870,first,1,-751,0,-2,fourth,4,1459,0,-2,second,2,2643,0,-2,third,3,2663,0,-3,zero,0,-206,0,-3
1601819958937817358,first,1,-751,0,-2,fourth,4,1459,0,-2,second,2,2643,0,-2,third,3,2663,0,-3,zero,0,-206,0,-2
1601819959049717434,first,1,-751,0,-2,fourth,4,1459,0,-2,second,2,2643,0,-2,third,3,2664,0,-2,zero,0,-206,0,-3
1601819959161675681,first,1,-751,0,-2,fourth,4,1459,0,-2,second,2,2642,0,-2,third,3,2663,0,-3,zero,0,-206,0,-4
1601819959273655846,first,1,-751,0,-2,fourth,4,1459,0,-2,second,2,2643,0,-2,third,3,2663,0,-3,zero,0,-206,0,-3
1601819959386050655,first,1,-751,0,-2,fourth,4,1459,0,-2,second,2,2643,0,-2,third,3,2663,0,-3,zero,0,-206,0,-3
1601819959497815026,first,1,-751,0,-2,fourth,4,1459,0,-2,second,2,2643,0,-2,third,3,2664,0,-2,zero,0,-205,0,-1
1601819959609813928,first,1,-751,0,-2,fourth,4,1459,0,-2,second,2,2643,0,-2,third,3,2663,0,-2,zero,0,-206,0,-2
1601819959721760178,first,1,-751,0,-2,fourth,4,1459,0,-2,second,2,2643,0,-2,third,3,2663,0,-3,zero,0,-206,0,-4
1601819959834296659,first,1,-751,0,-2,fourth,4,1459,0,-2,second,2,2643,0,-2,third,3,2663,0,-2,zero,0,-206,0,-2
1601819959945745198,first,1,-751,0,-2,fourth,4,1459,0,-2,second,2,2643,0,-2,third,3,2663,0,-3,zero,0,-206,0,-2
1601819960058076864,first,1,-751,0,-2,fourth,4,1459,0,-2,second,2,2643,0,-2,third,3,2663,0,-2,zero,0,-206,0,-1
1601819960169668297,first,1,-751,0,-2,fourth,4,1459,0,-2,second,2,2643,0,-2,third,3,2663,0,-3,zero,0,-206,0,-4
1601819960281590955,first,1,-751,0,-2,fourth,4,1459,0,-2,second,2,2643,0,-2,third,3,2663,0,-3,zero,0,-206,0,-3
1601819960393668798,first,1,-751,0,-2,fourth,4,1459,0,-2,second,2,2643,0,-2,third,3,2664,0,-3,zero,0,-206,0,-2
1601819960505589313,first,1,-751,0,-2,fourth,4,1459,0,-2,second,2,2643,0,-2,third,3,2663,0,-3,zero,0,-206,0,-4
1601819960617519919,first,1,-751,0,-2,fourth,4,1459,0,-2,second,2,2643,0,-2,third,3,2663,0,-3,zero,0,-206,0,-2
1601819960729761162,first,1,-751,0,-2,fourth,4,1459,0,-2,second,2,2642,0,-2,third,3,2663,0,-3,zero,0,-206,0,-3
1601819960842858076,first,1,-751,0,-2,fourth,4,1459,0,-2,second,2,2643,0,-2,third,3,2664,0,-3,zero,0,-206,0,-2
1601819960953178626,first,1,-751,0,-2,fourth,4,1459,0,-2,second,2,2643,0,-2,third,3,2663,0,-3,zero,0,-206,0,-3
1601819961065393223,first,1,-751,0,-2,fourth,4,1459,0,-2,second,2,2643,0,-2,third,3,2663,0,-3,zero,0,-206,0,-2
1601819961177462217,first,1,-751,0,-2,fourth,4,1459,0,-2,second,2,2643,0,-2,third,3,2663,0,-3,zero,0,-206,0,-2
1601819961289409846,first,1,-751,0,-2,fourth,4,1459,0,-2,second,2,2643,0,-2,third,3,2663,0,-3,zero,0,-206,0,-4
1601819961401391756,first,1,-751,0,-2,fourth,4,1459,0,-2,second,2,2643,0,-2,third,3,2664,0,-2,zero,0,-206,0,-3
1601819961513396349,first,1,-751,0,-2,fourth,4,1459,0,-2,second,2,2643,0,-2,third,3,2663,0,-2,zero,0,-206,0,-2
1601819961625538631,first,1,-751,0,-2,fourth,4,1459,0,-2,second,2,2643,0,-2,third,3,2664,0,-3,zero,0,-206,0,-3
1601819961738020535,first,1,-751,0,-2,fourth,4,1459,0,-2,second,2,2643,0,-2,third,3,2663,0,-3,zero,0,-206,0,-2
1601819961849459784,first,1,-751,0,-2,fourth,4,1459,0,-2,second,2,2642,0,-2,third,3,2664,0,-2,zero,0,-206,0,-3
1601819961961425277,first,1,-751,0,-2,fourth,4,1459,0,-2,second,2,2643,0,-2,third,3,2663,0,-2,zero,0,-206,0,-3
1601819962073361656,first,1,-751,0,-2,fourth,4,1459,0,-2,second,2,2643,0,-2,third,3,2664,0,-3,zero,0,-206,0,-2
1601819962185642867,first,1,-751,0,-2,fourth,4,1459,0,-2,second,2,2642,0,-2,third,3,2663,0,-3,zero,0,-206,0,-4
1601819962297420139,first,1,-751,0,-2,fourth,4,1459,0,-2,second,2,2643,0,-2,third,3,2663,0,-3,zero,0,-206,0,-2
1601819962409571690,first,1,-752,0,-2,fourth,4,1459,0,-2,second,2,2643,0,-2,third,3,2663,0,-3,zero,0,-206,0,-3
1601819962521476206,first,1,-751,0,-2,fourth,4,1459,0,-2,second,2,2643,0,-2,third,3,2664,0,-3,zero,0,-206,0,-3
1601819962633411666,first,1,-751,0,-2,fourth,4,1459,0,-2,second,2,2643,0,-2,third,3,2663,0,-3,zero,0,-206,0,-3
1601819962745333488,first,1,-751,0,-2,fourth,4,1459,0,-2,second,2,2643,0,-2,third,3,2663,0,-3,zero,0,-206,0,-2
1601819962857379337,first,1,-751,0,-2,fourth,4,1459,0,-2,second,2,2643,0,-2,third,3,2664,0,-2,zero,0,-206,0,-4
1601819962969332197,first,1,-751,0,-2,fourth,4,1459,0,-2,second,2,2643,0,-2,third,3,2663,0,-2,zero,0,-206,0,-2
1601819963081345476,first,1,-751,0,-2,fourth,4,1459,0,-2,second,2,2643,0,-2,third,3,2663,0,-3,zero,0,-206,0,-2
1601819963193426356,first,1,-751,0,-2,fourth,4,1459,0,-2,second,2,2643,0,-2,third,3,2663,0,-2,zero,0,-206,0,-1
1601819963306231713,first,1,-751,0,-2,fourth,4,1459,0,-2,second,2,2643,0,-2,third,3,2663,0,-3,zero,0,-206,0,-4
1601819963417419941,first,1,-751,0,-2,fourth,4,1459,0,-2,second,2,2643,0,-2,third,3,2663,0,-3,zero,0,-206,0,-3
1601819963529802456,first,1,-751,0,-2,fourth,4,1459,0,-2,second,2,2643,0,-2,third,3,2663,0,-3,zero,0,-206,0,-3
1601819963641399584,first,1,-751,0,-2,fourth,4,1459,0,-2,second,2,2642,0,-2,third,3,2664,0,-2,zero,0,-206,0,-2
1601819963753702354,first,1,-751,0,-2,fourth,4,1459,0,-2,second,2,2643,0,-2,third,3,2663,0,-2,zero,0,-206,0,-3
1601819963865410947,first,1,-751,0,-2,fourth,4,1459,0,-2,second,2,2643,0,-2,third,3,2663,0,-3,zero,0,-206,0,-3
1601819963977746354,first,1,-751,0,-2,fourth,4,1459,0,-2,second,2,2643,0,-2,third,3,2664,0,-2,zero,0,-206,0,-2
1601819964089375435,first,1,-751,0,-2,fourth,4,1459,0,-2,second,2,2643,0,-2,third,3,2663,0,-3,zero,0,-206,0,-2
1601819964201572847,first,1,-751,0,-2,fourth,4,1459,0,-2,second,2,2642,0,-2,third,3,2664,0,-3,zero,0,-206,0,-3
1601819964313278297,first,1,-751,0,-2,fourth,4,1459,0,-2,second,2,2643,0,-2,third,3,2664,0,-3,zero,0,-206,0,-1
1601819964425302492,first,1,-751,0,-2,fourth,4,1459,0,-2,second,2,2643,0,-2,third,3,2664,0,-3,zero,0,-206,0,-2
1601819964537260704,first,1,-751,0,-2,fourth,4,1459,0,-2,second,2,2643,0,-2,third,3,2663,0,-3,zero,0,-206,0,-2
1601819964649334655,first,1,-751,0,-2,fourth,4,1459,0,-2,second,2,2643,0,-2,third,3,2663,0,-3,zero,0,-206,0,-3
1601819964761504630,first,1,-751,0,-2,fourth,4,1459,0,-2,second,2,2642,0,-2,third,3,2664,0,-3,zero,0,-206,0,-2
1601819964873282628,first,1,-751,0,-2,fourth,4,1459,0,-2,second,2,2643,0,-2,third,3,2663,0,-3,zero,0,-206,0,-2
1601819964985434672,first,1,-751,0,-2,fourth,4,1459,0,-2,second,2,2643,0,-2,third,3,2663,0,-1,zero,0,-206,0,-3
1601819965097246594,first,1,-751,0,-2,fourth,4,1459,0,-2,second,2,2642,0,-2,third,3,2664,0,-3,zero,0,-206,0,-3
1601819965209554822,first,1,-751,0,-2,fourth,4,1459,0,-2,second,2,2642,0,-2,third,3,2664,0,-2,zero,0,-206,0,-4
1601819965321650546,first,1,-751,0,-2,fourth,4,1459,0,-2,second,2,2643,0,-2,third,3,2663,0,-2,zero,0,-206,0,-2
1601819965433293880,first,1,-751,0,-2,fourth,4,1459,0,-2,second,2,2643,0,-2,third,3,2663,0,-2,zero,0,-206,0,-3
1601819965545362287,first,1,-751,0,-2,fourth,4,1459,0,-2,second,2,2643,0,-2,third,3,2663,0,-2,zero,0,-206,0,-2
1601819965657187383,first,1,-751,0,-2,fourth,4,1459,0,-2,second,2,2643,0,-2,third,3,2663,0,-3,zero,0,-206,0,-2
1601819965769238633,first,1,-751,0,-2,fourth,4,1459,0,-2,second,2,2643,0,-2,third,3,2663,0,-3,zero,0,-206,0,-4
1601819965881215552,first,1,-751,0,-2,fourth,4,1459,0,-2,second,2,2643,0,-2,third,3,2663,0,-3,zero,0,-206,0,-2
1601819965993246147,first,1,-751,0,-2,fourth,4,1459,0,-2,second,2,2642,0,-2,third,3,2663,0,-3,zero,0,-206,0,-2
1601819966105481089,first,1,-751,0,-2,fourth,4,1459,0,-2,second,2,2643,0,-2,third,3,2663,0,-2,zero,0,-206,0,-2
1601819966217264905,first,1,-751,0,-2,fourth,4,1459,0,-2,second,2,2643,0,-2,third,3,2663,0,-3,zero,0,-206,0,-3
1601819966329443912,first,1,-751,0,-2,fourth,4,1459,0,-2,second,2,2642,0,-2,third,3,2663,0,-2,zero,0,-206,0,-2
1601819966441183264,first,1,-751,0,-2,fourth,4,1459,0,-2,second,2,2643,0,-2,third,3,2663,0,-2,zero,0,-206,0,-2
1601819966553216721,first,1,-751,0,-2,fourth,4,1459,0,-2,second,2,2643,0,-2,third,3,2663,0,-2,zero,0,-206,0,-2
1601819966665179093,first,1,-751,0,-2,fourth,4,1459,0,-2,second,2,2643,0,-2,third,3,2664,0,-2,zero,0,-206,0,-3
1601819966777286852,first,1,-752,0,-2,fourth,4,1459,0,-2,second,2,2642,0,-2,third,3,2663,0,-3,zero,0,-206,0,-2
1601819966889196944,first,1,-751,0,-2,fourth,4,1459,0,-2,second,2,2643,0,-2,third,3,2663,0,-3,zero,0,-206,0,-3
1601819967001320385,first,1,-751,0,-2,fourth,4,1459,0,-2,second,2,2643,0,-2,third,3,2663,0,-2,zero,0,-206,0,-3
1601819967113242768,first,1,-751,0,-2,fourth,4,1459,0,-2,second,2,2643,0,-2,third,3,2663,0,-2,zero,0,-206,0,-1
1601819967225249592,first,1,-751,0,-2,fourth,4,1459,0,-2,second,2,2643,0,-2,third,3,2664,0,-2,zero,0,-206,0,-5
1601819967338545808,first,1,-751,0,-2,fourth,4,1459,0,-2,second,2,2643,0,-2,third,3,2663,0,-2,zero,0,-206,0,-3
1601819967449269483,first,1,-751,0,-2,fourth,4,1459,0,-2,second,2,2643,0,-2,third,3,2664,0,-3,zero,0,-206,0,-3
1601819967561717890,first,1,-751,0,-2,fourth,4,1459,0,-2,second,2,2643,0,-2,third,3,2664,0,-3,zero,0,-206,0,-1
1601819967673116737,first,1,-751,0,-2,fourth,4,1459,0,-2,second,2,2643,0,-2,third,3,2663,0,-3,zero,0,-206,0,-2
1601819967785344116,first,1,-751,0,-2,fourth,4,1459,0,-2,second,2,2643,0,-2,third,3,2663,0,-3,zero,0,-206,0,-3
1601819967896915263,first,1,-751,0,-2,fourth,4,1459,0,-2,second,2,2643,0,-2,third,3,2663,0,-3,zero,0,-206,0,-2
1601819968009602186,first,1,-751,0,-2,fourth,4,1459,0,-2,second,2,2643,0,-2,third,3,2663,0,-3,zero,0,-206,0,-3
1601819968121642588,first,1,-751,0,-2,fourth,4,1459,0,-2,second,2,2643,0,-2,third,3,2663,0,-3,zero,0,-206,0,-1
1601819968233410125,first,1,-751,0,-2,fourth,4,1459,0,-2,second,2,2643,0,-2,third,3,2664,0,-3,zero,0,-206,0,-3
1601819968345402015,first,1,-751,0,-2,fourth,4,1459,0,-2,second,2,2643,0,-2,third,3,2663,0,-3,zero,0,-206,0,-3
1601819968457320799,first,1,-751,0,-2,fourth,4,1459,0,-2,second,2,2643,0,-2,third,3,2664,0,-3,zero,0,-206,0,-2
1601819968569459832,first,1,-751,0,-2,fourth,4,1459,0,-2,second,2,2643,0,-2,third,3,2663,0,-3,zero,0,-206,0,-3
1601819968681228145,first,1,-751,0,-2,fourth,4,1459,0,-2,second,2,2643,0,-2,third,3,2664,0,-2,zero,0,-206,0,-2
1601819968793343886,first,1,-752,0,-2,fourth,4,1459,0,-2,second,2,2643,0,-2,third,3,2663,0,-2,zero,0,-206,0,-2
1601819968905212681,first,1,-751,0,-2,fourth,4,1459,0,-2,second,2,2643,0,-2,third,3,2664,0,-3,zero,0,-206,0,-2
1601819969017256594,first,1,-751,0,-2,fourth,4,1459,0,-2,second,2,2643,0,-2,third,3,2663,0,-3,zero,0,-206,0,-2
1601819969129249147,first,1,-751,0,-2,fourth,4,1459,0,-2,second,2,2643,0,-2,third,3,2663,0,-2,zero,0,-206,0,-2
1601819969241725488,first,1,-751,0,-2,fourth,4,1459,0,-2,second,2,2643,0,-2,third,3,2663,0,-3,zero,0,-206,0,-3
1601819969353242977,first,1,-751,0,-2,fourth,4,1459,0,-2,second,2,2643,0,-2,third,3,2664,0,-3,zero,0,-206,0,-4
1601819969465242848,first,1,-751,0,-2,fourth,4,1459,0,-2,second,2,2643,0,-2,third,3,2663,0,-3,zero,0,-206,0,-3
1601819969577242691,first,1,-751,0,-2,fourth,4,1459,0,-2,second,2,2642,0,-2,third,3,2664,0,-2,zero,0,-206,0,-3
1601819969689493065,first,1,-751,0,-2,fourth,4,1459,0,-2,second,2,2643,0,-2,third,3,2663,0,-3,zero,0,-206,0,-2
1601819969801450550,first,1,-751,0,-2,fourth,4,1459,0,-2,second,2,2643,0,-2,third,3,2663,0,-2,zero,0,-206,0,-2
1601819969913426105,first,1,-751,0,-2,fourth,4,1459,0,-2,second,2,2643,0,-2,third,3,2663,0,-3,zero,0,-206,0,-1
1601819970025270161,first,1,-751,0,-2,fourth,4,1459,0,-2,second,2,2643,0,-2,third,3,2663,0,-3,zero,0,-206,0,-2
1601819970137312614,first,1,-751,0,-2,fourth,4,1459,0,-2,second,2,2643,0,-2,third,3,2664,0,-3,zero,0,-206,0,-2
1601819970249198299,first,1,-751,0,-2,fourth,4,1459,0,-2,second,2,2643,0,-2,third,3,2663,0,-3,zero,0,-206,0,-3
1601819970361324255,first,1,-751,0,-2,fourth,4,1459,0,-2,second,2,2643,0,-2,third,3,2663,0,-3,zero,0,-206,0,-1
1601819970473336759,first,1,-751,0,-2,fourth,4,1459,0,-2,second,2,2643,0,-2,third,3,2663,0,-3,zero,0,-206,0,-3
1601819970585228172,first,1,-751,0,-2,fourth,4,1459,0,-2,second,2,2643,0,-2,third,3,2663,0,-2,zero,0,-206,0,-2
1601819970697338277,first,1,-751,0,-2,fourth,4,1459,0,-2,second,2,2643,0,-2,third,3,2663,0,-3,zero,0,-206,0,-2
1601819970809214955,first,1,-751,0,-2,fourth,4,1459,0,-2,second,2,2643,0,-2,third,3,2663,0,-3,zero,0,-205,0,-4
1601819970921803297,first,1,-751,0,-2,fourth,4,1459,0,-2,second,2,2643,0,-2,third,3,2663,0,-3,zero,0,-206,0,-1
