1601811302999377210,first,1,941,0,0,fourth,4,1278,0,0,second,2,2981,0,0,third,3,2733,0,0,zero,0,1617,0,0
1601811303111494341,first,1,941,0,0,fourth,4,1278,0,0,second,2,2982,0,0,third,3,2733,0,0,zero,0,1617,0,0
1601811303223370501,first,1,941,0,0,fourth,4,1278,0,0,second,2,2981,0,0,third,3,2733,0,0,zero,0,1618,0,0
1601811303335729131,first,1,941,0,0,fourth,4,1278,0,0,second,2,2981,0,0,third,3,2733,0,0,zero,0,1617,0,0
1601811303447537659,first,1,940,0,0,fourth,4,1278,0,0,second,2,2981,0,0,third,3,2733,0,0,zero,0,1618,0,0
1601811303559623187,first,1,940,0,0,fourth,4,1278,0,0,second,2,2981,0,0,third,3,2733,0,0,zero,0,1618,0,0
1601811303671703704,first,1,941,0,0,fourth,4,1278,0,0,second,2,2982,0,0,third,3,2733,0,0,zero,0,1617,0,0
1601811303783788607,first,1,941,0,0,fourth,4,1278,0,0,second,2,2982,0,0,third,3,2732,0,0,zero,0,1617,0,0
1601811303895762347,first,1,941,0,0,fourth,4,1278,0,0,second,2,2982,0,0,third,3,2733,0,0,zero,0,1617,0,0
1601811304007845890,first,1,941,0,0,fourth,4,1278,0,0,second,2,2981,0,0,third,3,2733,0,0,zero,0,1617,0,0
1601811304120109386,first,1,941,0,0,fourth,4,1278,0,0,second,2,2982,0,0,third,3,2733,0,0,zero,0,1617,0,0
1601811304232260928,first,1,941,0,0,fourth,4,1278,0,0,second,2,2981,0,0,third,3,2733,0,0,zero,0,1617,0,0
1601811304343995626,first,1,941,0,0,fourth,4,1278,0,0,second,2,2981,0,0,third,3,2733,0,0,zero,0,1617,0,0
1601811304455887184,first,1,941,0,0,fourth,4,1278,0,0,second,2,2982,0,0,third,3,2733,0,0,zero,0,1617,0,0
1601811304568014951,first,1,941,0,0,fourth,4,1278,0,0,second,2,2981,0,0,third,3,2733,0,0,zero,0,1617,0,0
1601811304680344000,first,1,941,0,0,fourth,4,1278,0,0,second,2,2981,0,0,third,3,2732,0,0,zero,0,1617,0,0
1601811304792357783,first,1,940,0,0,fourth,4,1278,0,0,second,2,2982,0,0,third,3,2733,0,0,zero,0,1617,0,0
1601811304903671724,first,1,940,0,0,fourth,4,1278,0,0,second,2,2981,0,0,third,3,2733,0,0,zero,0,1617,0,0
1601811305015703394,first,1,941,0,0,fourth,4,1278,0,0,second,2,2981,0,0,third,3,2733,0,0,zero,0,1618,0,0
1601811305127701902,first,1,940,0,0,fourth,4,1278,0,0,second,2,2981,0,0,third,3,2733,0,0,zero,0,1618,0,0
1601811305239768857,first,1,940,0,0,fourth,4,1278,0,0,second,2,2981,0,0,third,3,2732,0,0,zero,0,1617,0,0
1601811305351884338,first,1,940,0,0,fourth,4,1278,0,0,second,2,2982,0,0,third,3,2733,0,0,zero,0,1617,0,0
1601811305463913345,first,1,940,0,0,fourth,4,1278,0,0,second,2,2982,0,0,third,3,2733,0,0,zero,0,1618,0,0
1601811305575950751,first,1,941,0,0,fourth,4,1278,0,0,second,2,2981,0,0,third,3,2733,0,0,zero,0,1617,0,0
1601811305688120445,first,1,941,0,0,fourth,4,1278,0,0,second,2,2982,0,0,third,3,2733,0,0,zero,0,1617,0,0
1601811305800104057,first,1,941,0,0,fourth,4,1278,0,0,second,2,2982,0,0,third,3,2733,0,0,zero,0,1617,0,0
1601811305912226333,first,1,941,0,0,fourth,4,1278,0,0,second,2,2982,0,0,third,3,2732,0,0,zero,0,1617,0,0
1601811306024302832,first,1,941,0,0,fourth,4,1278,0,0,second,2,2981,0,0,third,3,2733,0,0,zero,0,1617,0,0
1601811306136604261,first,1,940,0,0,fourth,4,1278,0,0,second,2,2981,0,0,third,3,2733,0,0,zero,0,1617,0,0
1601811306248548553,first,1,941,0,0,fourth,4,1278,0,0,second,2,2981,0,0,third,3,2733,0,0,zero,0,1618,0,0
1601811306360470673,first,1,941,0,0,fourth,4,1278,0,0,second,2,2982,0,0,third,3,2733,0,0,zero,0,1617,0,0
1601811306472781465,first,1,940,0,0,fourth,4,1278,0,0,second,2,2981,0,0,third,3,2733,0,0,zero,0,1618,0,0
1601811306584806125,first,1,940,0,0,fourth,4,1278,0,0,second,2,2982,0,0,third,3,2733,0,0,zero,0,1617,0,0
1601811306696947032,first,1,941,0,0,fourth,4,1278,0,0,second,2,2981,0,0,third,3,2733,0,0,zero,0,1617,0,0
1601811306808947644,first,1,940,0,0,fourth,4,1278,0,0,second,2,2982,0,0,third,3,2733,0,0,zero,0,1618,0,0
1601811306921072311,first,1,941,0,0,fourth,4,1278,0,0,second,2,2982,0,0,third,3,2733,0,0,zero,0,1617,0,0
1601811307033001237,first,1,940,0,0,fourth,4,1278,0,0,second,2,2981,0,0,third,3,2733,0,0,zero,0,1617,0,0
1601811307145139776,first,1,941,0,0,fourth,4,1278,0,0,second,2,2982,0,0,third,3,2733,0,0,zero,0,1617,0,0
1601811307321266267,first,1,941,0,0,fourth,4,1278,0,0,second,2,2982,0,0,third,3,2733,0,0,zero,0,1617,0,0
1601811307433213370,first,1,940,0,0,fourth,4,1278,0,0,second,2,2981,0,0,third,3,2733,0,0,zero,0,1617,0,0
1601811307545380971,first,1,941,0,0,fourth,4,1278,0,0,second,2,2982,0,0,third,3,2733,0,0,zero,0,1617,0,0
1601811307657404832,first,1,940,0,0,fourth,4,1278,0,0,second,2,2981,0,0,third,3,2733,0,0,zero,0,1617,0,0
1601811307769515307,first,1,941,0,0,fourth,4,1278,0,0,second,2,2982,0,0,third,3,2733,0,0,zero,0,1618,0,0
1601811307881633650,first,1,940,0,-1,fourth,4,1278,0,0,second,2,2981,0,0,third,3,2733,0,-2,zero,0,1618,0,0
1601811307993684640,first,1,940,0,-3,fourth,4,1278,0,-2,second,2,2982,0,0,third,3,2729,0,-5,zero,0,1618,0,-2
1601811308105591049,first,1,940,0,-3,fourth,4,1278,0,-2,second,2,2981,0,0,third,3,2712,-8,-5,zero,0,1617,0,-2
1601811308217661279,first,1,933,-3,-7,fourth,4,1277,0,-4,second,2,2982,0,-1,third,3,2696,-8,-4,zero,0,1609,-5,-8
1601811308329646933,first,1,909,-13,-13,fourth,4,1265,-5,-4,second,2,2982,0,-4,third,3,2683,-6,-2,zero,0,1575,-22,-15
1601811308441761259,first,1,870,-21,-7,fourth,4,1257,-4,-3,second,2,2981,0,-3,third,3,2672,-6,-1,zero,0,1509,-37,-10
1601811308553921103,first,1,819,-28,-11,fourth,4,1257,0,-3,second,2,2981,0,-7,third,3,2661,-5,-1,zero,0,1435,-41,-15
1601811308665987029,first,1,752,-37,-10,fourth,4,1257,0,-3,second,2,2976,-2,-9,third,3,2651,-4,-1,zero,0,1355,-44,-16
1601811308777899289,first,1,678,-41,-7,fourth,4,1258,0,-3,second,2,2941,-21,-7,third,3,2644,-3,-1,zero,0,1276,-40,-8
1601811308889886480,first,1,625,-29,-7,fourth,4,1258,0,-2,second,2,2879,-35,-7,third,3,2636,-3,-1,zero,0,1218,-32,-14
1601811309001938498,first,1,582,-23,-7,fourth,4,1258,0,-3,second,2,2804,-41,-4,third,3,2627,-3,-1,zero,0,1158,-33,-13
1601811309114345578,first,1,543,-21,-2,fourth,4,1258,0,-3,second,2,2742,-31,-1,third,3,2624,0,0,zero,0,1101,-30,-8
1601811309226368344,first,1,514,-15,-8,fourth,4,1258,0,-4,second,2,2721,-3,0,third,3,2625,0,0,zero,0,1062,-20,-12
1601811309338395691,first,1,479,-19,-11,fourth,4,1258,0,-3,second,2,2721,0,0,third,3,2624,0,-1,zero,0,1023,-21,-16
1601811309450320707,first,1,430,-26,-7,fourth,4,1258,0,-3,second,2,2721,0,0,third,3,2624,0,-1,zero,0,973,-27,-11
1601811309562440265,first,1,382,-26,-8,fourth,4,1258,0,-3,second,2,2721,0,-1,third,3,2624,0,-2,zero,0,927,-25,-18
1601811309674511728,first,1,333,-27,-9,fourth,4,1258,0,-3,second,2,2716,-2,-4,third,3,2624,0,-1,zero,0,868,-34,-21
1601811309786577220,first,1,281,-28,-6,fourth,4,1258,0,-3,second,2,2693,-11,-4,third,3,2624,0,-2,zero,0,804,-35,-15
1601811309898578554,first,1,237,-24,-7,fourth,4,1258,0,-3,second,2,2666,-14,-5,third,3,2624,0,-2,zero,0,748,-31,-18
1601811310010629298,first,1,185,-28,-10,fourth,4,1258,0,-3,second,2,2633,-17,-6,third,3,2621,0,-4,zero,0,690,-32,-20
1601811310122668745,first,1,130,-31,-7,fourth,4,1258,0,-3,second,2,2597,-18,-2,third,3,2604,-8,-3,zero,0,629,-32,-15
1601811310234624567,first,1,81,-27,-8,fourth,4,1258,0,-3,second,2,2573,-12,-1,third,3,2582,-11,-4,zero,0,583,-26,-18
1601811310346776674,first,1,31,-27,-9,fourth,4,1258,0,-3,second,2,2556,-9,-1,third,3,2562,-11,-3,zero,0,532,-27,-19
1601811310458689884,first,1,-15,-25,-3,fourth,4,1259,0,-3,second,2,2541,-7,-1,third,3,2548,-7,-1,zero,0,475,-32,-18
1601811310570794261,first,1,-50,-17,-7,fourth,4,1258,0,-3,second,2,2527,-6,-1,third,3,2534,-6,-2,zero,0,426,-26,-19
1601811310682828728,first,1,-90,-21,-10,fourth,4,1258,0,-2,second,2,2508,-9,-2,third,3,2518,-6,-1,zero,0,387,-21,-21
1601811310794874341,first,1,-138,-27,-6,fourth,4,1258,0,-3,second,2,2489,-9,-1,third,3,2511,-1,0,zero,0,349,-20,-17
1601811310906985799,first,1,-172,-18,-7,fourth,4,1259,0,-3,second,2,2470,-9,-2,third,3,2511,0,-1,zero,0,314,-19,-17
1601811311019066367,first,1,-203,-16,-10,fourth,4,1260,0,-3,second,2,2450,-10,-2,third,3,2508,0,-2,zero,0,273,-21,-21
1601811311131056098,first,1,-247,-23,-7,fourth,4,1260,0,-3,second,2,2430,-10,-1,third,3,2494,-6,-2,zero,0,230,-23,-21
1601811311243090254,first,1,-288,-23,-10,fourth,4,1261,0,-3,second,2,2412,-9,-3,third,3,2478,-7,-1,zero,0,184,-24,-18
1601811311355217834,first,1,-336,-26,-11,fourth,4,1261,0,-3,second,2,2390,-10,-3,third,3,2462,-7,-2,zero,0,138,-25,-19
1601811311467367555,first,1,-386,-27,-7,fourth,4,1262,0,-2,second,2,2372,-8,-1,third,3,2445,-8,-2,zero,0,92,-24,-20
1601811311579263923,first,1,-422,-19,-8,fourth,4,1263,0,-3,second,2,2357,-7,-2,third,3,2430,-8,-1,zero,0,45,-26,-18
1601811311691286240,first,1,-459,-20,-11,fourth,4,1264,0,-3,second,2,2337,-10,-2,third,3,2414,-8,-1,zero,0,7,-21,-20
1601811311803338706,first,1,-499,-21,-9,fourth,4,1265,0,-3,second,2,2316,-10,-2,third,3,2401,-6,-1,zero,0,-35,-22,-20
1601811311915322633,first,1,-531,-17,-10,fourth,4,1266,0,-3,second,2,2297,-9,-3,third,3,2389,-5,-1,zero,0,-72,-21,-18
1601811312027568525,first,1,-568,-19,-13,fourth,4,1266,0,-3,second,2,2276,-10,-3,third,3,2377,-5,-4,zero,0,-107,-19,-22
1601811312139671876,first,1,-608,-22,-7,fourth,4,1267,0,-2,second,2,2258,-8,-1,third,3,2363,-6,-1,zero,0,-141,-17,-18
1601811312251528942,first,1,-636,-15,-12,fourth,4,1268,0,0,second,2,2244,-7,-2,third,3,2351,-6,-2,zero,0,-176,-19,-22
1601811312363584540,first,1,-668,-16,-12,fourth,4,1269,0,-4,second,2,2223,-11,-4,third,3,2337,-6,-1,zero,0,-211,-19,-20
1601811312475586639,first,1,-708,-22,-13,fourth,4,1269,0,-3,second,2,2198,-12,-1,third,3,2322,-7,-2,zero,0,-243,-17,-21
1601811312587696156,first,1,-740,-17,-13,fourth,4,1269,0,-3,second,2,2180,-9,-1,third,3,2312,-5,-2,zero,0,-282,-20,-22
1601811312699782808,first,1,-773,-17,-15,fourth,4,1269,0,-3,second,2,2162,-9,-3,third,3,2305,-3,-4,zero,0,-317,-18,-22
1601811312811758240,first,1,-810,-21,-13,fourth,4,1269,0,-3,second,2,2145,-8,-1,third,3,2300,-2,-3,zero,0,-349,-17,-19
1601811312923998174,first,1,-836,-14,-13,fourth,4,1269,0,-3,second,2,2131,-7,-2,third,3,2297,0,-4,zero,0,-385,-19,-20
1601811313035936724,first,1,-870,-18,-16,fourth,4,1269,0,-3,second,2,2110,-10,-4,third,3,2282,-7,-5,zero,0,-417,-17,-19
1601811313148184307,first,1,-910,-22,-14,fourth,4,1269,0,-3,second,2,2087,-11,-1,third,3,2264,-9,-6,zero,0,-453,-19,-19
1601811313260342593,first,1,-937,-14,-13,fourth,4,1269,0,-3,second,2,2071,-8,-2,third,3,2253,-5,-6,zero,0,-487,-18,-18
1601811313372108435,first,1,-969,-17,-16,fourth,4,1269,0,-3,second,2,2055,-8,-2,third,3,2247,-2,-7,zero,0,-517,-16,-20
1601811313483986337,first,1,-1003,-18,-12,fourth,4,1269,0,-3,second,2,2037,-8,-1,third,3,2240,-2,-5,zero,0,-553,-17,-21
1601811313596182014,first,1,-1026,-13,-13,fourth,4,1269,0,-4,second,2,2022,-8,-3,third,3,2237,-1,-8,zero,0,-584,-16,-19
1601811313708086100,first,1,-1054,-14,-14,fourth,4,1269,0,-5,second,2,2003,-9,-4,third,3,2229,-3,-12,zero,0,-609,-14,-19
1601811313820186820,first,1,-1079,-13,-12,fourth,4,1269,0,-5,second,2,1987,-8,-2,third,3,2218,-5,-9,zero,0,-637,-14,-20
1601811313932308774,first,1,-1095,-8,-13,fourth,4,1269,0,-5,second,2,1975,-6,-2,third,3,2213,-2,-12,zero,0,-659,-11,-21
1601811314044199311,first,1,-1116,-10,-18,fourth,4,1269,0,-6,second,2,1962,-6,-6,third,3,2213,0,-11,zero,0,-667,-2,-18
1601811314156313757,first,1,-1131,-7,-15,fourth,4,1269,0,-6,second,2,1946,-7,-2,third,3,2212,0,-13,zero,0,-668,0,-20
1601811314268271647,first,1,-1131,0,-15,fourth,4,1269,0,-5,second,2,1938,-4,-5,third,3,2213,0,-15,zero,0,-668,0,-18
1601811314380367173,first,1,-1131,0,-19,fourth,4,1269,0,-5,second,2,1933,-2,-4,third,3,2207,0,-18,zero,0,-668,0,-20
1601811314492459591,first,1,-1131,0,-19,fourth,4,1269,0,-6,second,2,1924,-4,-4,third,3,2189,-10,-16,zero,0,-669,0,-17
1601811314604654373,first,1,-1131,0,-20,fourth,4,1269,0,-8,second,2,1908,-9,-8,third,3,2166,-12,-20,zero,0,-669,0,-19
1601811314716698244,first,1,-1131,0,-20,fourth,4,1259,-4,-10,second,2,1877,-17,-11,third,3,2145,-11,-18,zero,0,-669,0,-23
1601811314828723828,first,1,-1131,0,-20,fourth,4,1242,-9,-7,second,2,1839,-21,-7,third,3,2128,-8,-21,zero,0,-670,0,-21
1601811314940854798,first,1,-1131,0,-21,fourth,4,1233,-5,-7,second,2,1814,-14,-9,third,3,2119,-4,-20,zero,0,-670,0,-20
1601811315052647732,first,1,-1131,0,-20,fourth,4,1228,-2,-9,second,2,1791,-12,-13,third,3,2118,0,-18,zero,0,-671,0,-17
1601811315164729242,first,1,-1131,0,-20,fourth,4,1228,0,-8,second,2,1772,-9,-9,third,3,2119,0,-21,zero,0,-671,0,-19
1601811315276727483,first,1,-1131,0,-20,fourth,4,1226,0,-12,second,2,1768,-1,-14,third,3,2118,0,-21,zero,0,-671,0,-18
1601811315388847344,first,1,-1131,0,-18,fourth,4,1223,0,-14,second,2,1767,0,-17,third,3,2116,0,-21,zero,0,-672,0,-18
1601811315501294068,first,1,-1131,0,-19,fourth,4,1219,-1,-14,second,2,1767,0,-17,third,3,2112,0,-18,zero,0,-672,0,-22
1601811315612907533,first,1,-1131,0,-21,fourth,4,1210,-3,-15,second,2,1759,-4,-20,third,3,2099,-5,-20,zero,0,-672,0,-19
1601811315725213993,first,1,-1131,0,-21,fourth,4,1187,-12,-17,second,2,1716,-27,-19,third,3,2077,-11,-20,zero,0,-672,0,-21
1601811315837485389,first,1,-1131,0,-20,fourth,4,1161,-14,-14,second,2,1650,-37,-19,third,3,2042,-18,-19,zero,0,-673,0,-17
1601811315949035329,first,1,-1131,0,-20,fourth,4,1137,-12,-14,second,2,1588,-34,-18,third,3,2002,-21,-20,zero,0,-676,0,-18
1601811316060992007,first,1,-1131,0,-20,fourth,4,1110,-14,-14,second,2,1536,-27,-17,third,3,1963,-21,-20,zero,0,-698,-14,-20
1601811316173077225,first,1,-1131,0,-18,fourth,4,1085,-14,-13,second,2,1514,-9,-13,third,3,1927,-19,-20,zero,0,-729,-16,-19
1601811316285033083,first,1,-1131,0,-19,fourth,4,1067,-8,-17,second,2,1513,0,-18,third,3,1896,-16,-19,zero,0,-744,-7,-20
1601811316397236707,first,1,-1132,0,-19,fourth,4,1045,-11,-16,second,2,1513,0,-20,third,3,1876,-10,-19,zero,0,-744,0,-17
1601811316509177965,first,1,-1132,0,-21,fourth,4,1034,-5,-20,second,2,1499,-8,-19,third,3,1874,0,-19,zero,0,-744,0,-21
1601811316621430783,first,1,-1132,0,-21,fourth,4,1035,0,-18,second,2,1466,-17,-19,third,3,1874,0,-20,zero,0,-744,0,-19
1601811316733559856,first,1,-1132,0,-20,fourth,4,1034,0,-18,second,2,1439,-15,-20,third,3,1873,0,-19,zero,0,-744,0,-20
1601811316845416954,first,1,-1132,0,-21,fourth,4,1034,0,-20,second,2,1422,-7,-18,third,3,1873,0,-19,zero,0,-744,0,-19
1601811316957542521,first,1,-1133,0,-21,fourth,4,1034,0,-18,second,2,1422,0,-15,third,3,1873,0,-20,zero,0,-744,0,-19
1601811317069455837,first,1,-1132,0,-19,fourth,4,1034,0,-16,second,2,1422,0,-18,third,3,1873,0,-18,zero,0,-745,0,-18
1601811317181681998,first,1,-1133,0,-20,fourth,4,1034,0,-20,second,2,1422,0,-15,third,3,1873,0,-18,zero,0,-745,0,-20
1601811317293566127,first,1,-1133,0,-18,fourth,4,1033,0,-19,second,2,1422,0,-19,third,3,1873,0,-21,zero,0,-745,0,-19
1601811317405739941,first,1,-1133,0,-21,fourth,4,1034,0,-19,second,2,1422,0,-19,third,3,1873,0,-20,zero,0,-745,0,-20
1601811317517662750,first,1,-1133,0,-17,fourth,4,1033,0,-20,second,2,1422,0,-18,third,3,1873,0,-20,zero,0,-745,0,-18
1601811317629808127,first,1,-1133,0,-17,fourth,4,1033,0,-21,second,2,1422,0,-20,third,3,1873,0,-21,zero,0,-745,0,-20
1601811317741881902,first,1,-1133,0,-14,fourth,4,1033,0,-18,second,2,1422,0,-18,third,3,1872,0,-19,zero,0,-745,0,-18
1601811317853705713,first,1,-1133,0,-12,fourth,4,1033,0,-20,second,2,1422,0,-19,third,3,1873,0,-21,zero,0,-745,0,-20
1601811317965323559,first,1,-1133,0,-9,fourth,4,1033,0,-19,second,2,1422,0,-20,third,3,1872,0,-19,zero,0,-745,0,-17
1601811318077500812,first,1,-1133,0,-8,fourth,4,1033,0,-19,second,2,1422,0,-20,third,3,1872,0,-20,zero,0,-745,0,-21
1601811318190018633,first,1,-1133,0,-6,fourth,4,1033,0,-20,second,2,1422,0,-20,third,3,1872,0,-19,zero,0,-745,0,-21
1601811318301977717,first,1,-1133,0,-4,fourth,4,1033,0,-19,second,2,1422,0,-19,third,3,1872,0,-19,zero,0,-745,0,-19
1601811318414089425,first,1,-1132,0,-1,fourth,4,1033,0,-18,second,2,1422,0,-20,third,3,1872,0,-19,zero,0,-745,0,-19
1601811318526025783,first,1,-1131,0,0,fourth,4,1033,0,-20,second,2,1422,0,-20,third,3,1872,0,-19,zero,0,-745,0,-18
1601811318638015069,first,1,-1130,0,0,fourth,4,1033,0,-18,second,2,1422,0,-19,third,3,1872,0,-19,zero,0,-745,0,-17
1601811318750143613,first,1,-1127,0,0,fourth,4,1032,0,-21,second,2,1422,0,-19,third,3,1872,0,-19,zero,0,-745,0,-20
1601811318862295426,first,1,-1123,0,0,fourth,4,1032,0,-18,second,2,1422,0,-18,third,3,1873,0,-20,zero,0,-745,0,-20
1601811318974172690,first,1,-1118,0,0,fourth,4,1032,0,-19,second,2,1422,0,-19,third,3,1872,0,-20,zero,0,-745,0,-18
1601811319086129950,first,1,-1114,0,0,fourth,4,1032,0,-20,second,2,1422,0,-20,third,3,1873,0,-17,zero,0,-745,0,-20
1601811319198198059,first,1,-1110,0,0,fourth,4,1032,0,-19,second,2,1422,0,-20,third,3,1873,0,-20,zero,0,-746,0,-20
1601811319310149604,first,1,-1107,0,0,fourth,4,1032,0,-19,second,2,1422,0,-19,third,3,1872,0,-18,zero,0,-746,0,-20
1601811319422258109,first,1,-1103,0,0,fourth,4,1031,0,-20,second,2,1422,0,-19,third,3,1873,0,-20,zero,0,-746,0,-23
1601811319534500887,first,1,-1100,0,0,fourth,4,1031,0,-18,second,2,1422,0,-18,third,3,1872,0,-20,zero,0,-746,0,-21
1601811319646568958,first,1,-1096,0,0,fourth,4,1030,0,-21,second,2,1422,0,-18,third,3,1873,0,-18,zero,0,-746,0,-17
1601811319758633367,first,1,-1093,0,0,fourth,4,1028,0,-20,second,2,1422,0,-18,third,3,1872,0,-20,zero,0,-746,0,-12
1601811319870543727,first,1,-1090,0,0,fourth,4,1028,0,-18,second,2,1422,0,-21,third,3,1872,0,-19,zero,0,-746,0,-13
1601811319983037950,first,1,-1087,0,0,fourth,4,1028,0,-19,second,2,1422,0,-20,third,3,1873,0,-20,zero,0,-745,0,-12
1601811320094878738,first,1,-1084,0,0,fourth,4,1028,0,-20,second,2,1422,0,-18,third,3,1872,0,-19,zero,0,-745,0,-6
1601811320206987554,first,1,-1081,0,0,fourth,4,1028,0,-20,second,2,1422,0,-20,third,3,1872,0,-21,zero,0,-744,0,-4
1601811320318641659,first,1,-1077,0,0,fourth,4,1028,0,-20,second,2,1422,0,-20,third,3,1872,0,-20,zero,0,-742,0,-2
1601811320430738941,first,1,-1074,0,0,fourth,4,1028,0,-19,second,2,1422,0,-20,third,3,1872,0,-18,zero,0,-737,1,0
1601811320543205051,first,1,-1071,0,0,fourth,4,1028,0,-20,second,2,1422,0,-20,third,3,1872,0,-19,zero,0,-730,2,0
1601811320655074892,first,1,-1068,0,0,fourth,4,1028,0,-18,second,2,1422,0,-20,third,3,1872,0,-20,zero,0,-724,2,0
1601811320767229112,first,1,-1065,0,0,fourth,4,1028,0,-19,second,2,1422,0,-20,third,3,1872,0,-19,zero,0,-719,2,0
1601811320878872157,first,1,-1062,0,0,fourth,4,1028,0,-19,second,2,1422,0,-20,third,3,1872,0,-18,zero,0,-713,2,0
1601811320990895849,first,1,-1058,0,0,fourth,4,1028,0,-18,second,2,1422,0,-20,third,3,1871,0,-20,zero,0,-707,2,0
1601811321102823245,first,1,-1055,0,0,fourth,4,1024,-1,-20,second,2,1422,0,-19,third,3,1871,0,-19,zero,0,-701,2,0
1601811321214948822,first,1,-1051,0,0,fourth,4,1017,-2,-20,second,2,1422,0,-19,third,3,1871,0,-20,zero,0,-696,2,0
1601811321326963134,first,1,-1048,0,0,fourth,4,1012,-1,-21,second,2,1422,0,-21,third,3,1870,0,-20,zero,0,-691,2,0
1601811321439205449,first,1,-1044,0,0,fourth,4,1011,0,-19,second,2,1422,0,-18,third,3,1853,-8,-20,zero,0,-686,2,0
1601811321551235530,first,1,-1040,0,0,fourth,4,1002,-4,-18,second,2,1422,0,-18,third,3,1836,-8,-20,zero,0,-680,2,0
1601811321663074106,first,1,-1036,0,0,fourth,4,982,-10,-19,second,2,1422,0,-20,third,3,1829,-3,-21,zero,0,-676,2,0
1601811321775324288,first,1,-1033,0,0,fourth,4,978,0,-18,second,2,1422,0,-21,third,3,1818,-5,-19,zero,0,-671,2,0
1601811321887250020,first,1,-1028,0,0,fourth,4,978,0,-19,second,2,1422,0,-19,third,3,1813,-1,-21,zero,0,-666,2,0
1601811321999338145,first,1,-1025,0,0,fourth,4,977,0,-19,second,2,1421,0,-19,third,3,1813,0,-20,zero,0,-661,2,0
1601811322111199613,first,1,-1021,0,0,fourth,4,977,0,-19,second,2,1422,0,-19,third,3,1813,0,-20,zero,0,-656,2,0
1601811322223302674,first,1,-1017,0,0,fourth,4,977,0,-18,second,2,1422,0,-20,third,3,1813,0,-20,zero,0,-651,2,0
1601811322335695765,first,1,-1013,0,0,fourth,4,977,0,-20,second,2,1422,0,-20,third,3,1813,0,-20,zero,0,-646,2,0
1601811322447371268,first,1,-1009,0,0,fourth,4,977,0,-19,second,2,1422,0,-19,third,3,1814,0,-20,zero,0,-642,2,0
1601811322559603115,first,1,-1006,0,0,fourth,4,977,0,-19,second,2,1422,0,-20,third,3,1813,0,-20,zero,0,-637,2,0
1601811322671629044,first,1,-1002,0,0,fourth,4,976,0,-18,second,2,1422,0,-17,third,3,1813,0,-19,zero,0,-632,1,0
1601811322783886000,first,1,-998,0,0,fourth,4,976,0,-18,second,2,1421,0,-17,third,3,1813,0,-19,zero,0,-627,1,0
1601811322895729439,first,1,-994,0,0,fourth,4,976,0,-19,second,2,1422,0,-15,third,3,1813,0,-19,zero,0,-623,1,0
1601811323007683522,first,1,-991,0,0,fourth,4,976,0,-19,second,2,1421,0,-15,third,3,1813,0,-20,zero,0,-618,1,0
1601811323119683043,first,1,-987,0,0,fourth,4,976,0,-21,second,2,1422,0,-11,third,3,1813,0,-20,zero,0,-614,1,0
1601811323231610154,first,1,-983,0,0,fourth,4,976,0,-21,second,2,1422,0,-11,third,3,1813,0,-19,zero,0,-609,1,0
1601811323343780337,first,1,-979,0,0,fourth,4,976,0,-19,second,2,1422,0,-10,third,3,1813,0,-18,zero,0,-605,1,0
1601811323455875728,first,1,-975,0,0,fourth,4,976,0,-18,second,2,1422,0,-8,third,3,1813,0,-20,zero,0,-601,1,0
1601811323567967779,first,1,-972,0,0,fourth,4,976,0,-18,second,2,1422,0,-7,third,3,1813,0,-21,zero,0,-596,1,0
1601811323679915762,first,1,-968,0,0,fourth,4,976,0,-19,second,2,1422,0,-7,third,3,1813,0,-21,zero,0,-592,1,0
1601811323791877163,first,1,-964,0,0,fourth,4,976,0,-20,second,2,1422,0,-5,third,3,1813,0,-21,zero,0,-588,1,0
1601811323904219205,first,1,-960,0,0,fourth,4,975,0,-19,second,2,1423,0,-4,third,3,1813,0,-18,zero,0,-583,1,0
1601811324016114861,first,1,-957,0,0,fourth,4,975,0,-20,second,2,1423,0,1,third,3,1813,0,-19,zero,0,-578,1,0
1601811324128005103,first,1,-952,0,0,fourth,4,975,0,-18,second,2,1424,0,0,third,3,1813,0,-18,zero,0,-574,1,0
1601811324240072941,first,1,-949,0,0,fourth,4,975,0,-19,second,2,1424,0,0,third,3,1813,0,-21,zero,0,-570,1,0
1601811324352061248,first,1,-945,0,0,fourth,4,974,0,-19,second,2,1427,0,0,third,3,1813,0,-20,zero,0,-565,1,0
1601811324464033073,first,1,-942,0,0,fourth,4,975,0,-19,second,2,1431,0,0,third,3,1812,0,-20,zero,0,-561,1,0
1601811324576095168,first,1,-938,0,0,fourth,4,975,0,-20,second,2,1436,1,0,third,3,1812,0,-19,zero,0,-557,1,0
1601811324688034640,first,1,-934,0,0,fourth,4,974,0,-20,second,2,1441,1,0,third,3,1812,0,-21,zero,0,-553,1,0
1601811324800280882,first,1,-929,0,0,fourth,4,974,0,-18,second,2,1445,1,0,third,3,1812,0,-18,zero,0,-548,1,0
1601811324912099029,first,1,-926,0,0,fourth,4,974,0,-20,second,2,1449,1,0,third,3,1812,0,-18,zero,0,-543,1,0
1601811325024219412,first,1,-922,0,0,fourth,4,973,0,-20,second,2,1453,1,0,third,3,1812,0,-21,zero,0,-539,1,0
1601811325136304285,first,1,-918,0,0,fourth,4,972,0,-18,second,2,1457,1,0,third,3,1812,0,-21,zero,0,-535,1,0
1601811325248292010,first,1,-915,0,0,fourth,4,971,0,-20,second,2,1462,1,0,third,3,1812,0,-18,zero,0,-531,1,0
1601811325360337454,first,1,-911,0,0,fourth,4,971,0,-18,second,2,1467,1,0,third,3,1812,0,-21,zero,0,-526,1,0
1601811325472322478,first,1,-907,0,0,fourth,4,971,0,-20,second,2,1471,1,0,third,3,1812,0,-20,zero,0,-523,1,0
1601811325584396511,first,1,-903,0,0,fourth,4,971,0,-20,second,2,1475,1,0,third,3,1812,0,-18,zero,0,-518,1,0
1601811325696374547,first,1,-900,0,0,fourth,4,971,0,-19,second,2,1479,1,0,third,3,1812,0,-19,zero,0,-514,1,0
1601811325808570645,first,1,-896,0,0,fourth,4,971,0,-19,second,2,1484,1,0,third,3,1812,0,-19,zero,0,-510,1,0
1601811325919952679,first,1,-893,0,0,fourth,4,971,0,-21,second,2,1487,1,0,third,3,1812,0,-19,zero,0,-505,1,0
1601811326032617378,first,1,-889,0,0,fourth,4,971,0,-21,second,2,1492,1,0,third,3,1812,0,-20,zero,0,-502,1,0
1601811326144700877,first,1,-884,0,0,fourth,4,971,0,-19,second,2,1496,1,0,third,3,1812,0,-18,zero,0,-497,1,0
1601811326256561273,first,1,-881,0,0,fourth,4,971,0,-20,second,2,1501,1,0,third,3,1812,0,-17,zero,0,-493,1,0
1601811326368619972,first,1,-877,0,0,fourth,4,970,0,-19,second,2,1505,1,0,third,3,1812,0,-12,zero,0,-489,1,0
1601811326480574365,first,1,-873,0,0,fourth,4,970,0,-20,second,2,1509,1,0,third,3,1812,0,-9,zero,0,-486,1,0
1601811326592874529,first,1,-869,0,0,fourth,4,970,0,-21,second,2,1512,1,0,third,3,1812,0,-9,zero,0,-482,1,0
1601811326704755902,first,1,-865,0,0,fourth,4,970,0,-19,second,2,1517,1,0,third,3,1812,0,-5,zero,0,-478,1,0
1601811326816812248,first,1,-862,0,0,fourth,4,970,0,-19,second,2,1520,1,0,third,3,1813,0,-3,zero,0,-474,1,0
1601811326929002833,first,1,-859,0,0,fourth,4,970,0,-21,second,2,1524,1,0,third,3,1815,0,0,zero,0,-470,1,0
1601811327041240302,first,1,-855,0,0,fourth,4,970,0,-18,second,2,1528,1,0,third,3,1818,0,0,zero,0,-466,1,0
1601811327152966852,first,1,-851,0,0,fourth,4,970,0,-19,second,2,1532,1,0,third,3,1823,1,0,zero,0,-462,1,0
1601811327264906662,first,1,-847,0,0,fourth,4,970,0,-18,second,2,1535,1,0,third,3,1828,1,0,zero,0,-458,1,0
1601811327376962673,first,1,-843,0,0,fourth,4,970,0,-18,second,2,1538,1,0,third,3,1832,1,0,zero,0,-454,1,0
1601811327489070557,first,1,-840,0,0,fourth,4,969,0,-15,second,2,1542,1,0,third,3,1837,1,0,zero,0,-450,1,0
1601811327601220103,first,1,-836,0,0,fourth,4,970,0,-16,second,2,1546,1,0,third,3,1841,1,0,zero,0,-446,1,0
1601811327713315587,first,1,-832,0,0,fourth,4,969,0,-15,second,2,1550,1,0,third,3,1845,1,0,zero,0,-442,1,0
1601811327825043971,first,1,-829,0,0,fourth,4,970,0,-12,second,2,1554,1,0,third,3,1849,1,0,zero,0,-438,1,0
1601811327937346309,first,1,-824,0,0,fourth,4,969,0,-8,second,2,1558,1,0,third,3,1852,1,0,zero,0,-433,1,0
1601811328049126095,first,1,-821,0,0,fourth,4,970,0,-7,second,2,1562,1,0,third,3,1856,1,0,zero,0,-430,1,0
1601811328161253872,first,1,-817,0,0,fourth,4,970,0,-6,second,2,1566,1,0,third,3,1859,1,0,zero,0,-425,1,0
1601811328273235747,first,1,-814,0,0,fourth,4,970,0,-5,second,2,1570,1,0,third,3,1863,1,0,zero,0,-421,1,0
1601811328385200316,first,1,-810,0,0,fourth,4,971,0,-2,second,2,1574,1,0,third,3,1867,1,0,zero,0,-417,1,0
1601811328497273532,first,1,-806,0,0,fourth,4,973,0,-4,second,2,1578,1,0,third,3,1870,1,0,zero,0,-413,1,0
1601811328609403919,first,1,-802,0,0,fourth,4,975,0,0,second,2,1582,1,0,third,3,1873,1,0,zero,0,-409,1,0
1601811328721393007,first,1,-799,0,0,fourth,4,976,0,-1,second,2,1585,1,0,third,3,1877,1,0,zero,0,-404,1,0
1601811328833505865,first,1,-796,0,0,fourth,4,977,0,0,second,2,1589,1,0,third,3,1880,1,0,zero,0,-401,1,0
1601811328945653371,first,1,-792,0,0,fourth,4,981,0,0,second,2,1593,1,0,third,3,1884,1,0,zero,0,-397,1,0
1601811329057594951,first,1,-789,0,0,fourth,4,986,1,0,second,2,1597,1,0,third,3,1887,1,0,zero,0,-393,1,0
1601811329169701476,first,1,-785,0,0,fourth,4,992,1,0,second,2,1601,1,0,third,3,1891,1,0,zero,0,-389,1,0
1601811329281630216,first,1,-782,0,0,fourth,4,995,1,0,second,2,1605,1,0,third,3,1895,1,0,zero,0,-384,1,0
1601811329393755378,first,1,-778,0,0,fourth,4,1001,1,0,second,2,1609,1,0,third,3,1899,1,0,zero,0,-380,1,0
1601811329505517752,first,1,-774,0,0,fourth,4,1006,1,0,second,2,1612,1,0,third,3,1902,1,0,zero,0,-376,1,0
1601811329617855412,first,1,-771,0,0,fourth,4,1010,1,0,second,2,1616,1,0,third,3,1906,1,0,zero,0,-372,1,0
1601811329729831394,first,1,-767,0,0,fourth,4,1015,1,0,second,2,1619,1,0,third,3,1910,1,0,zero,0,-368,1,0
1601811329841804843,first,1,-763,0,0,fourth,4,1019,1,0,second,2,1623,1,0,third,3,1914,1,0,zero,0,-364,1,0
1601811329954118141,first,1,-760,0,0,fourth,4,1023,1,0,second,2,1627,1,0,third,3,1918,1,0,zero,0,-360,1,0
1601811330065849446,first,1,-756,0,0,fourth,4,1028,1,0,second,2,1630,1,0,third,3,1922,1,0,zero,0,-356,1,0
1601811330177986070,first,1,-753,0,0,fourth,4,1033,1,0,second,2,1633,1,0,third,3,1927,1,0,zero,0,-352,1,0
1601811330289854332,first,1,-750,0,0,fourth,4,1037,1,0,second,2,1638,1,0,third,3,1930,1,0,zero,0,-348,1,0
1601811330401956029,first,1,-746,0,0,fourth,4,1041,1,0,second,2,1641,1,0,third,3,1934,1,0,zero,0,-343,1,0
1601811330513949895,first,1,-743,0,0,fourth,4,1045,1,0,second,2,1645,1,0,third,3,1938,1,0,zero,0,-340,1,0
1601811330626068451,first,1,-739,0,0,fourth,4,1049,1,0,second,2,1649,1,0,third,3,1942,1,0,zero,0,-335,1,0
1601811330738558994,first,1,-736,0,0,fourth,4,1053,1,0,second,2,1652,1,0,third,3,1946,1,0,zero,0,-331,1,0
1601811330850183242,first,1,-733,0,0,fourth,4,1057,1,0,second,2,1657,1,0,third,3,1950,1,0,zero,0,-327,1,0
1601811330962244571,first,1,-729,0,0,fourth,4,1061,1,0,second,2,1660,1,0,third,3,1955,1,0,zero,0,-323,1,0
1601811331074172860,first,1,-726,0,0,fourth,4,1065,1,0,second,2,1664,1,0,third,3,1959,1,0,zero,0,-319,1,0
1601811331186230222,first,1,-723,0,0,fourth,4,1069,1,0,second,2,1668,1,0,third,3,1963,1,0,zero,0,-315,1,0
1601811331298197038,first,1,-719,0,0,fourth,4,1072,1,0,second,2,1672,1,0,third,3,1968,1,0,zero,0,-312,1,0
1601811331410192787,first,1,-716,0,0,fourth,4,1077,1,0,second,2,1675,1,0,third,3,1972,1,0,zero,0,-307,1,0
1601811331522078112,first,1,-712,0,0,fourth,4,1081,1,0,second,2,1680,1,0,third,3,1977,1,0,zero,0,-303,1,0
1601811331634148670,first,1,-709,0,0,fourth,4,1085,1,0,second,2,1684,1,0,third,3,1980,1,0,zero,0,-299,1,0
1601811331746332277,first,1,-706,0,0,fourth,4,1088,1,0,second,2,1688,1,0,third,3,1985,1,0,zero,0,-295,1,0
1601811331858458203,first,1,-703,0,0,fourth,4,1093,1,0,second,2,1692,1,0,third,3,1989,1,0,zero,0,-291,1,0
1601811331970463576,first,1,-699,0,0,fourth,4,1096,1,0,second,2,1695,1,0,third,3,1993,1,0,zero,0,-286,1,0
1601811332082359475,first,1,-696,0,0,fourth,4,1100,1,0,second,2,1699,1,0,third,3,1998,1,0,zero,0,-282,1,0
1601811332194381625,first,1,-692,0,0,fourth,4,1103,1,0,second,2,1702,1,0,third,3,2001,1,0,zero,0,-277,1,0
1601811332306301989,first,1,-689,0,0,fourth,4,1107,1,0,second,2,1706,1,0,third,3,2006,1,0,zero,0,-273,1,0
1601811332418431115,first,1,-685,0,0,fourth,4,1111,1,0,second,2,1709,1,0,third,3,2010,1,0,zero,0,-269,1,0
1601811332530371915,first,1,-683,0,0,fourth,4,1115,1,0,second,2,1714,1,0,third,3,2014,1,0,zero,0,-265,1,0
1601811332642493803,first,1,-679,0,0,fourth,4,1118,1,0,second,2,1717,1,0,third,3,2018,1,0,zero,0,-262,1,0
1601811332754545469,first,1,-676,0,0,fourth,4,1121,1,0,second,2,1721,1,0,third,3,2023,1,0,zero,0,-257,1,0
1601811332866499636,first,1,-673,0,0,fourth,4,1125,1,0,second,2,1723,1,0,third,3,2027,1,0,zero,0,-254,1,0
1601811332978704027,first,1,-669,0,0,fourth,4,1128,1,0,second,2,1726,1,0,third,3,2031,1,0,zero,0,-249,1,0
1601811333090747602,first,1,-665,0,0,fourth,4,1132,1,0,second,2,1730,1,0,third,3,2035,1,0,zero,0,-245,1,0
1601811333202781140,first,1,-662,0,0,fourth,4,1136,1,0,second,2,1734,1,0,third,3,2040,1,0,zero,0,-241,1,0
1601811333314635281,first,1,-659,0,0,fourth,4,1140,1,0,second,2,1738,1,0,third,3,2044,1,0,zero,0,-236,1,0
1601811333426904788,first,1,-655,0,0,fourth,4,1143,1,0,second,2,1742,1,0,third,3,2048,1,0,zero,0,-233,1,0
1601811333538798189,first,1,-652,0,0,fourth,4,1147,1,0,second,2,1745,1,0,third,3,2052,1,0,zero,0,-229,1,0
1601811333650904616,first,1,-648,0,0,fourth,4,1150,1,0,second,2,1749,1,0,third,3,2056,1,0,zero,0,-225,1,0
1601811333762977380,first,1,-645,0,0,fourth,4,1154,1,0,second,2,1753,1,0,third,3,2060,1,0,zero,0,-220,1,0
1601811333875017668,first,1,-642,0,0,fourth,4,1157,1,0,second,2,1757,1,0,third,3,2063,1,0,zero,0,-216,1,0
1601811333986990097,first,1,-639,0,0,fourth,4,1161,1,0,second,2,1760,1,0,third,3,2068,1,0,zero,0,-212,1,0
1601811334099002357,first,1,-635,0,0,fourth,4,1164,1,0,second,2,1764,1,0,third,3,2072,1,0,zero,0,-208,1,0
1601811334210931803,first,1,-632,0,0,fourth,4,1168,1,0,second,2,1768,1,0,third,3,2075,1,0,zero,0,-204,1,0
1601811334323077632,first,1,-628,0,0,fourth,4,1171,1,0,second,2,1772,1,0,third,3,2079,1,0,zero,0,-200,1,0
1601811334435202862,first,1,-624,0,0,fourth,4,1175,1,0,second,2,1775,1,0,third,3,2083,1,0,zero,0,-196,1,0
1601811334547078821,first,1,-621,0,0,fourth,4,1178,1,0,second,2,1778,1,0,third,3,2087,1,0,zero,0,-191,1,0
1601811334659199361,first,1,-618,0,0,fourth,4,1181,1,0,second,2,1782,1,0,third,3,2091,1,0,zero,0,-187,1,0
1601811334771156621,first,1,-614,0,0,fourth,4,1185,1,0,second,2,1786,1,0,third,3,2094,1,0,zero,0,-182,1,0
1601811334883059762,first,1,-611,0,0,fourth,4,1188,1,0,second,2,1789,1,0,third,3,2098,1,0,zero,0,-178,1,0
1601811334995238024,first,1,-608,0,0,fourth,4,1191,1,0,second,2,1793,1,0,third,3,2101,1,0,zero,0,-175,1,0
1601811335107188149,first,1,-605,0,0,fourth,4,1195,1,0,second,2,1797,1,0,third,3,2105,1,0,zero,0,-170,1,0
1601811335219429680,first,1,-601,0,0,fourth,4,1198,1,0,second,2,1800,1,0,third,3,2109,1,0,zero,0,-166,1,0
1601811335331107183,first,1,-597,0,0,fourth,4,1201,1,0,second,2,1804,1,0,third,3,2112,1,0,zero,0,-162,1,0
1601811335443411869,first,1,-594,0,0,fourth,4,1205,1,0,second,2,1807,1,0,third,3,2116,1,0,zero,0,-157,1,0
1601811335555402031,first,1,-590,0,0,fourth,4,1208,1,0,second,2,1810,1,0,third,3,2119,1,0,zero,0,-154,1,0
1601811335667358181,first,1,-587,0,0,fourth,4,1211,1,0,second,2,1814,1,0,third,3,2123,1,0,zero,0,-149,1,0
1601811335779546318,first,1,-584,0,0,fourth,4,1214,1,0,second,2,1817,1,0,third,3,2126,1,0,zero,0,-145,1,0
1601811335891601968,first,1,-580,0,0,fourth,4,1218,1,0,second,2,1820,1,0,third,3,2130,1,0,zero,0,-141,1,0
1601811336003563785,first,1,-577,0,0,fourth,4,1221,1,0,second,2,1825,1,0,third,3,2133,1,0,zero,0,-136,1,0
1601811336115606011,first,1,-573,0,0,fourth,4,1224,1,0,second,2,1828,1,0,third,3,2137,1,0,zero,0,-132,1,0
1601811336227752473,first,1,-570,0,0,fourth,4,1227,1,0,second,2,1832,1,0,third,3,2140,1,0,zero,0,-128,1,0
1601811336339774983,first,1,-566,0,0,fourth,4,1231,1,0,second,2,1835,1,0,third,3,2145,1,0,zero,0,-124,1,0
1601811336451811263,first,1,-563,0,0,fourth,4,1234,1,0,second,2,1839,1,0,third,3,2147,1,0,zero,0,-119,1,0
1601811336563838867,first,1,-559,0,0,fourth,4,1237,1,0,second,2,1842,1,0,third,3,2151,1,0,zero,0,-115,1,0
1601811336675785445,first,1,-556,0,0,fourth,4,1241,1,0,second,2,1846,1,0,third,3,2155,1,0,zero,0,-111,1,0
1601811336787877880,first,1,-552,0,0,fourth,4,1243,1,0,second,2,1850,1,0,third,3,2157,1,0,zero,0,-106,1,0
1601811336899819101,first,1,-548,0,0,fourth,4,1247,1,0,second,2,1854,1,0,third,3,2161,1,0,zero,0,-102,1,0
1601811337011865107,first,1,-544,0,0,fourth,4,1250,1,0,second,2,1857,1,0,third,3,2164,1,0,zero,0,-98,1,0
1601811337123850009,first,1,-541,0,0,fourth,4,1253,1,0,second,2,1860,1,0,third,3,2168,1,0,zero,0,-94,1,0
1601811337235963415,first,1,-537,0,0,fourth,4,1256,1,0,second,2,1864,1,0,third,3,2171,1,0,zero,0,-90,1,0
1601811337347873724,first,1,-534,0,0,fourth,4,1260,1,0,second,2,1867,1,0,third,3,2174,1,0,zero,0,-85,1,0
1601811337459806837,first,1,-531,0,0,fourth,4,1262,1,0,second,2,1871,1,0,third,3,2178,1,0,zero,0,-80,1,0
1601811337572194892,first,1,-527,0,0,fourth,4,1266,1,0,second,2,1875,1,0,third,3,2182,1,0,zero,0,-76,1,0
1601811337683920203,first,1,-524,0,0,fourth,4,1267,0,0,second,2,1878,1,0,third,3,2185,1,0,zero,0,-72,1,0
1601811337795660906,first,1,-521,0,0,fourth,4,1267,0,0,second,2,1882,1,0,third,3,2189,1,0,zero,0,-68,1,0
1601811337907956083,first,1,-517,0,0,fourth,4,1267,0,0,second,2,1885,1,0,third,3,2192,1,0,zero,0,-63,1,0
1601811338020149570,first,1,-513,0,0,fourth,4,1267,0,0,second,2,1888,1,0,third,3,2196,1,0,zero,0,-58,1,0
1601811338131940480,first,1,-510,0,0,fourth,4,1267,0,0,second,2,1892,1,0,third,3,2200,1,0,zero,0,-53,1,0
1601811338244031927,first,1,-507,0,0,fourth,4,1267,0,0,second,2,1895,1,0,third,3,2203,1,0,zero,0,-49,1,0
1601811338355958461,first,1,-503,0,0,fourth,4,1267,0,0,second,2,1899,1,0,third,3,2206,1,0,zero,0,-45,1,0
1601811338468122564,first,1,-500,0,0,fourth,4,1267,0,0,second,2,1902,1,0,third,3,2210,1,0,zero,0,-41,1,0
1601811338580118231,first,1,-496,0,0,fourth,4,1268,0,0,second,2,1906,1,0,third,3,2214,1,0,zero,0,-36,1,0
1601811338692066598,first,1,-492,0,0,fourth,4,1268,0,0,second,2,1908,1,0,third,3,2217,1,0,zero,0,-32,1,0
1601811338803577817,first,1,-489,0,0,fourth,4,1268,0,0,second,2,1911,1,0,third,3,2220,1,0,zero,0,-28,1,0
1601811338916465214,first,1,-485,0,0,fourth,4,1268,0,0,second,2,1915,1,0,third,3,2224,1,0,zero,0,-23,1,0
1601811339028302731,first,1,-482,0,0,fourth,4,1267,0,0,second,2,1918,1,0,third,3,2228,1,0,zero,0,-19,1,0
1601811339140375133,first,1,-478,0,0,fourth,4,1267,0,0,second,2,1922,0,0,third,3,2231,1,0,zero,0,-14,1,0
1601811339252409146,first,1,-475,0,0,fourth,4,1267,0,0,second,2,1925,0,0,third,3,2234,1,0,zero,0,-11,1,0
1601811339364627172,first,1,-472,0,0,fourth,4,1268,0,0,second,2,1929,0,0,third,3,2238,1,0,zero,0,-7,1,0
1601811339476570666,first,1,-469,0,0,fourth,4,1268,0,0,second,2,1932,0,0,third,3,2241,1,0,zero,0,-2,1,0
1601811339588508615,first,1,-465,0,0,fourth,4,1268,0,0,second,2,1936,0,0,third,3,2244,1,0,zero,0,3,1,0
1601811339700706702,first,1,-461,0,0,fourth,4,1268,0,0,second,2,1939,1,0,third,3,2248,1,0,zero,0,7,1,0
1601811339812629356,first,1,-458,0,0,fourth,4,1268,0,0,second,2,1942,1,0,third,3,2251,1,0,zero,0,11,1,0
1601811339924594325,first,1,-454,0,0,fourth,4,1268,0,0,second,2,1946,1,0,third,3,2254,1,0,zero,0,15,1,0
1601811340036666756,first,1,-451,0,0,fourth,4,1268,0,0,second,2,1949,1,0,third,3,2257,1,0,zero,0,20,1,0
1601811340148505141,first,1,-448,0,0,fourth,4,1268,0,0,second,2,1953,1,0,third,3,2260,1,0,zero,0,24,1,0
1601811340260701590,first,1,-444,0,0,fourth,4,1268,0,0,second,2,1956,1,0,third,3,2263,1,0,zero,0,29,1,0
1601811340372798138,first,1,-441,0,0,fourth,4,1268,0,0,second,2,1960,1,0,third,3,2265,1,0,zero,0,33,1,0
1601811340484742995,first,1,-437,0,0,fourth,4,1268,0,0,second,2,1963,1,0,third,3,2268,1,0,zero,0,37,1,0
1601811340596756736,first,1,-434,0,0,fourth,4,1268,0,0,second,2,1966,1,0,third,3,2271,1,0,zero,0,41,1,0
1601811340708744275,first,1,-430,0,0,fourth,4,1269,0,0,second,2,1969,1,0,third,3,2274,1,0,zero,0,45,1,0
1601811340820838488,first,1,-427,0,0,fourth,4,1269,0,0,second,2,1973,1,0,third,3,2276,1,0,zero,0,50,1,0
1601811340932883271,first,1,-423,0,0,fourth,4,1269,0,0,second,2,1975,1,0,third,3,2279,0,0,zero,0,54,1,0
1601811341044901371,first,1,-420,0,0,fourth,4,1268,0,0,second,2,1979,1,0,third,3,2281,0,0,zero,0,58,1,0
1601811341157097176,first,1,-416,0,0,fourth,4,1269,0,0,second,2,1982,1,0,third,3,2284,0,0,zero,0,62,1,0
1601811341268997242,first,1,-413,0,0,fourth,4,1268,0,0,second,2,1985,1,0,third,3,2286,0,0,zero,0,67,1,0
1601811341381118390,first,1,-409,0,0,fourth,4,1269,0,0,second,2,1989,1,0,third,3,2289,0,0,zero,0,71,1,0
1601811341492932298,first,1,-406,0,0,fourth,4,1269,0,0,second,2,1992,1,0,third,3,2291,0,0,zero,0,75,1,0
1601811341604989018,first,1,-402,0,0,fourth,4,1268,0,0,second,2,1995,1,0,third,3,2294,0,0,zero,0,79,1,0
1601811341717037830,first,1,-399,0,0,fourth,4,1269,0,0,second,2,1998,1,0,third,3,2297,0,0,zero,0,84,1,0
1601811341829106750,first,1,-395,0,0,fourth,4,1268,0,0,second,2,2001,1,0,third,3,2299,0,0,zero,0,89,1,0
1601811341941192747,first,1,-391,0,0,fourth,4,1269,0,0,second,2,2004,1,0,third,3,2301,0,0,zero,0,92,1,0
1601811342053002582,first,1,-388,0,0,fourth,4,1269,0,0,second,2,2007,1,0,third,3,2305,0,0,zero,0,97,1,0
1601811342165264477,first,1,-384,0,0,fourth,4,1269,0,0,second,2,2010,1,0,third,3,2307,0,0,zero,0,101,1,0
1601811342277230280,first,1,-381,0,0,fourth,4,1269,0,0,second,2,2014,1,0,third,3,2310,0,0,zero,0,106,1,0
1601811342389194482,first,1,-377,0,0,fourth,4,1268,0,0,second,2,2017,1,0,third,3,2312,0,0,zero,0,110,1,0
1601811342501198272,first,1,-373,0,0,fourth,4,1268,0,0,second,2,2020,1,0,third,3,2314,0,0,zero,0,114,1,0
1601811342613147688,first,1,-370,0,0,fourth,4,1269,0,0,second,2,2023,1,0,third,3,2317,0,0,zero,0,119,1,0
1601811342725144768,first,1,-367,0,0,fourth,4,1269,0,0,second,2,2027,1,0,third,3,2320,0,0,zero,0,123,1,0
1601811342837324054,first,1,-363,0,0,fourth,4,1269,0,0,second,2,2029,1,0,third,3,2322,0,0,zero,0,127,1,0
1601811342949337176,first,1,-360,0,0,fourth,4,1269,0,0,second,2,2033,1,0,third,3,2324,0,0,zero,0,132,1,0
1601811343061340752,first,1,-356,0,0,fourth,4,1269,0,0,second,2,2036,1,0,third,3,2326,0,0,zero,0,136,1,0
1601811343173528535,first,1,-353,0,0,fourth,4,1269,0,0,second,2,2039,1,0,third,3,2329,0,0,zero,0,140,1,0
1601811343285359454,first,1,-349,0,0,fourth,4,1269,0,0,second,2,2043,1,0,third,3,2332,0,0,zero,0,144,1,0
1601811343397508497,first,1,-346,0,0,fourth,4,1269,0,0,second,2,2046,1,0,third,3,2334,0,0,zero,0,149,1,0
1601811343509385662,first,1,-343,0,0,fourth,4,1268,0,0,second,2,2049,1,0,third,3,2337,0,0,zero,0,153,1,0
1601811343621538630,first,1,-339,0,0,fourth,4,1269,0,0,second,2,2052,1,0,third,3,2340,0,0,zero,0,157,1,0
1601811343733598859,first,1,-335,0,0,fourth,4,1268,0,0,second,2,2055,1,0,third,3,2342,0,0,zero,0,162,1,0
1601811343845557962,first,1,-332,0,0,fourth,4,1268,0,0,second,2,2058,1,0,third,3,2344,0,0,zero,0,166,1,0
1601811343957467807,first,1,-329,0,0,fourth,4,1268,0,0,second,2,2060,1,0,third,3,2347,0,0,zero,0,170,1,0
1601811344069663405,first,1,-325,0,0,fourth,4,1269,0,0,second,2,2064,1,0,third,3,2349,0,0,zero,0,175,1,0
1601811344181692491,first,1,-322,0,0,fourth,4,1269,0,0,second,2,2067,1,0,third,3,2351,0,0,zero,0,179,1,0
1601811344293645732,first,1,-318,0,0,fourth,4,1268,0,0,second,2,2070,1,0,third,3,2354,0,0,zero,0,183,1,0
1601811344405816347,first,1,-315,0,0,fourth,4,1269,0,0,second,2,2073,1,0,third,3,2356,0,0,zero,0,188,1,0
1601811344517627486,first,1,-311,0,0,fourth,4,1269,0,0,second,2,2076,0,0,third,3,2358,0,0,zero,0,192,1,0
1601811344629706928,first,1,-308,0,0,fourth,4,1269,0,0,second,2,2080,0,0,third,3,2360,0,0,zero,0,197,1,0
1601811344741833616,first,1,-304,0,0,fourth,4,1268,0,0,second,2,2082,0,0,third,3,2363,0,0,zero,0,201,1,0
1601811344853781162,first,1,-301,0,0,fourth,4,1269,0,0,second,2,2085,0,0,third,3,2365,0,0,zero,0,205,1,0
1601811344966031278,first,1,-297,0,0,fourth,4,1269,0,0,second,2,2088,0,0,third,3,2368,0,0,zero,0,209,1,0
1601811345077930392,first,1,-293,0,0,fourth,4,1269,0,0,second,2,2092,0,0,third,3,2370,0,0,zero,0,214,1,0
1601811345189944976,first,1,-290,0,0,fourth,4,1269,0,0,second,2,2095,0,0,third,3,2372,0,0,zero,0,218,1,0
1601811345301817031,first,1,-288,0,0,fourth,4,1269,0,0,second,2,2098,0,0,third,3,2374,0,0,zero,0,223,1,0
1601811345413970725,first,1,-284,0,0,fourth,4,1268,0,0,second,2,2102,0,0,third,3,2377,0,0,zero,0,227,1,0
1601811345525973844,first,1,-281,0,0,fourth,4,1268,0,0,second,2,2105,0,0,third,3,2379,0,0,zero,0,230,1,0
1601811345637891554,first,1,-277,0,0,fourth,4,1269,0,0,second,2,2108,0,0,third,3,2381,0,0,zero,0,234,1,0
1601811345749873120,first,1,-274,0,0,fourth,4,1269,0,0,second,2,2111,0,0,third,3,2384,0,0,zero,0,239,1,0
1601811345862020458,first,1,-271,0,0,fourth,4,1269,0,0,second,2,2114,0,0,third,3,2386,0,0,zero,0,243,1,0
1601811345974100636,first,1,-267,0,0,fourth,4,1269,0,0,second,2,2117,0,0,third,3,2388,0,0,zero,0,248,1,0
1601811346086001543,first,1,-263,0,0,fourth,4,1269,0,0,second,2,2121,0,0,third,3,2391,0,0,zero,0,252,1,0
1601811346198162114,first,1,-259,0,0,fourth,4,1269,0,0,second,2,2124,0,0,third,3,2393,0,0,zero,0,256,1,0
1601811346310118675,first,1,-256,0,0,fourth,4,1269,0,0,second,2,2127,0,0,third,3,2395,0,0,zero,0,260,1,0
1601811346422274867,first,1,-253,0,0,fourth,4,1269,0,0,second,2,2130,0,0,third,3,2398,0,0,zero,0,264,1,0
1601811346534165252,first,1,-249,0,0,fourth,4,1269,0,0,second,2,2133,0,0,third,3,2401,0,0,zero,0,269,1,0
1601811346646322858,first,1,-246,0,0,fourth,4,1268,0,0,second,2,2136,0,0,third,3,2403,0,0,zero,0,273,1,0
1601811346758305085,first,1,-242,0,0,fourth,4,1269,0,0,second,2,2139,0,0,third,3,2406,0,0,zero,0,277,1,0
1601811346870223001,first,1,-239,0,0,fourth,4,1269,0,0,second,2,2141,0,0,third,3,2408,0,0,zero,0,281,1,0
1601811346982305837,first,1,-235,0,0,fourth,4,1269,0,0,second,2,2144,0,0,third,3,2410,0,0,zero,0,286,1,0
1601811347094257643,first,1,-231,0,0,fourth,4,1269,0,0,second,2,2147,0,0,third,3,2413,0,0,zero,0,291,1,0
1601811347206343411,first,1,-227,0,0,fourth,4,1269,0,0,second,2,2151,0,0,third,3,2415,0,0,zero,0,295,1,0
1601811347318538370,first,1,-224,0,0,fourth,4,1269,0,0,second,2,2153,0,0,third,3,2417,0,0,zero,0,300,1,0
1601811347430319897,first,1,-220,0,0,fourth,4,1269,0,0,second,2,2156,0,0,third,3,2420,0,0,zero,0,305,1,0
1601811347542387575,first,1,-217,0,0,fourth,4,1269,0,0,second,2,2159,0,0,third,3,2422,0,0,zero,0,308,1,0
1601811347654479806,first,1,-213,0,0,fourth,4,1269,0,0,second,2,2162,0,0,third,3,2424,0,0,zero,0,312,1,0
1601811347766426545,first,1,-209,0,0,fourth,4,1269,0,0,second,2,2165,0,0,third,3,2427,0,0,zero,0,317,1,0
1601811347878536932,first,1,-206,0,0,fourth,4,1269,0,0,second,2,2168,0,0,third,3,2429,0,0,zero,0,320,1,0
1601811347990486561,first,1,-203,0,0,fourth,4,1269,0,0,second,2,2171,0,0,third,3,2432,0,0,zero,0,325,1,0
1601811348102526726,first,1,-200,0,0,fourth,4,1269,0,0,second,2,2174,0,0,third,3,2434,0,0,zero,0,329,1,0
1601811348214591793,first,1,-195,0,0,fourth,4,1269,0,0,second,2,2177,0,0,third,3,2436,0,0,zero,0,334,1,0
1601811348326718409,first,1,-192,0,0,fourth,4,1269,0,0,second,2,2180,0,0,third,3,2438,0,0,zero,0,337,1,0
1601811348438724847,first,1,-189,0,0,fourth,4,1269,0,0,second,2,2183,0,0,third,3,2441,0,0,zero,0,342,1,0
1601811348550682804,first,1,-185,0,0,fourth,4,1269,0,0,second,2,2186,0,0,third,3,2443,0,0,zero,0,346,1,0
1601811348662621832,first,1,-182,0,0,fourth,4,1269,0,0,second,2,2189,0,0,third,3,2446,0,0,zero,0,350,1,0
1601811348774705448,first,1,-178,0,0,fourth,4,1269,0,0,second,2,2192,0,0,third,3,2448,0,0,zero,0,354,1,0
1601811348886713311,first,1,-175,0,0,fourth,4,1269,0,0,second,2,2194,0,0,third,3,2450,0,0,zero,0,359,1,0
1601811348998866009,first,1,-171,0,0,fourth,4,1269,0,0,second,2,2197,0,0,third,3,2452,0,0,zero,0,363,1,0
1601811349110896099,first,1,-168,0,0,fourth,4,1269,0,0,second,2,2200,0,0,third,3,2455,0,0,zero,0,367,1,0
1601811349223025327,first,1,-164,0,0,fourth,4,1269,0,0,second,2,2204,0,0,third,3,2457,0,0,zero,0,371,1,0
1601811349334721478,first,1,-161,0,0,fourth,4,1269,0,0,second,2,2207,0,0,third,3,2459,0,0,zero,0,375,1,0
1601811349446905253,first,1,-157,0,0,fourth,4,1269,0,0,second,2,2210,0,0,third,3,2462,0,0,zero,0,380,1,0
1601811349558962294,first,1,-153,0,0,fourth,4,1269,0,0,second,2,2213,0,0,third,3,2464,0,0,zero,0,384,1,0
1601811349670860176,first,1,-150,0,0,fourth,4,1269,0,0,second,2,2216,0,0,third,3,2466,0,0,zero,0,389,1,0
1601811349783008187,first,1,-146,0,0,fourth,4,1269,0,0,second,2,2219,0,0,third,3,2468,0,0,zero,0,393,1,0
1601811349894952796,first,1,-142,0,0,fourth,4,1269,0,0,second,2,2222,0,0,third,3,2470,0,0,zero,0,397,1,0
1601811350007171777,first,1,-138,0,0,fourth,4,1269,0,0,second,2,2225,0,0,third,3,2473,0,0,zero,0,401,1,0
1601811350118900572,first,1,-135,0,0,fourth,4,1269,0,0,second,2,2228,0,0,third,3,2475,0,0,zero,0,405,1,0
1601811350231086116,first,1,-131,0,0,fourth,4,1269,0,0,second,2,2230,0,0,third,3,2477,0,0,zero,0,410,1,0
1601811350343207160,first,1,-128,0,0,fourth,4,1269,0,0,second,2,2233,0,0,third,3,2480,0,0,zero,0,414,1,0
1601811350455283282,first,1,-124,0,0,fourth,4,1269,0,0,second,2,2236,0,0,third,3,2482,0,0,zero,0,418,1,0
1601811350567227095,first,1,-120,0,0,fourth,4,1269,0,0,second,2,2239,0,0,third,3,2485,0,0,zero,0,422,1,0
1601811350679307833,first,1,-117,0,0,fourth,4,1269,0,0,second,2,2242,0,0,third,3,2487,0,0,zero,0,426,1,0
1601811350791214814,first,1,-114,0,0,fourth,4,1269,0,0,second,2,2244,0,0,third,3,2489,0,0,zero,0,431,1,0
1601811350903050837,first,1,-110,0,0,fourth,4,1269,0,0,second,2,2248,0,0,third,3,2491,0,0,zero,0,435,1,0
1601811351015293781,first,1,-107,0,0,fourth,4,1269,0,0,second,2,2251,0,0,third,3,2494,0,0,zero,0,439,1,0
1601811351127458359,first,1,-104,0,0,fourth,4,1269,0,0,second,2,2253,0,0,third,3,2496,0,0,zero,0,443,1,0
1601811351239290176,first,1,-99,0,0,fourth,4,1269,0,0,second,2,2256,0,0,third,3,2498,0,0,zero,0,447,1,0
1601811351351256131,first,1,-96,0,0,fourth,4,1269,0,0,second,2,2259,0,0,third,3,2501,0,0,zero,0,451,1,0
1601811351463420749,first,1,-92,0,0,fourth,4,1269,0,0,second,2,2262,0,0,third,3,2503,0,0,zero,0,455,1,0
1601811351575470270,first,1,-89,0,0,fourth,4,1269,0,0,second,2,2266,0,0,third,3,2505,0,0,zero,0,459,1,0
1601811351687397148,first,1,-85,0,0,fourth,4,1269,0,0,second,2,2268,0,0,third,3,2508,0,0,zero,0,464,1,0
1601811351799456578,first,1,-82,0,0,fourth,4,1269,0,0,second,2,2271,0,0,third,3,2510,0,0,zero,0,468,1,0
1601811351911550681,first,1,-78,0,0,fourth,4,1269,0,0,second,2,2274,0,0,third,3,2512,0,0,zero,0,472,1,0
1601811352023392785,first,1,-74,0,0,fourth,4,1269,0,0,second,2,2277,0,0,third,3,2515,0,0,zero,0,476,1,0
1601811352135606427,first,1,-71,0,0,fourth,4,1269,0,0,second,2,2280,0,0,third,3,2517,0,0,zero,0,480,1,0
1601811352247648340,first,1,-68,0,0,fourth,4,1269,0,0,second,2,2283,0,0,third,3,2519,0,0,zero,0,484,1,0
1601811352359606556,first,1,-64,0,0,fourth,4,1269,0,0,second,2,2286,0,0,third,3,2522,0,0,zero,0,488,1,0
1601811352471578334,first,1,-60,0,0,fourth,4,1269,0,0,second,2,2288,0,0,third,3,2524,0,0,zero,0,493,1,0
1601811352583534956,first,1,-56,0,0,fourth,4,1269,0,0,second,2,2291,0,0,third,3,2526,0,0,zero,0,497,1,0
1601811352695690201,first,1,-53,0,0,fourth,4,1269,0,0,second,2,2294,0,0,third,3,2530,0,0,zero,0,501,1,0
1601811352807664464,first,1,-49,0,0,fourth,4,1269,0,0,second,2,2297,0,0,third,3,2532,0,0,zero,0,505,1,0
1601811352919681679,first,1,-44,0,0,fourth,4,1269,0,0,second,2,2300,0,0,third,3,2534,0,0,zero,0,509,1,0
1601811353031858740,first,1,-41,0,0,fourth,4,1269,0,0,second,2,2302,0,0,third,3,2536,0,0,zero,0,512,1,0
1601811353143887292,first,1,-38,0,0,fourth,4,1269,0,0,second,2,2306,0,0,third,3,2539,0,0,zero,0,518,1,0
1601811353255762921,first,1,-34,0,0,fourth,4,1269,0,0,second,2,2309,0,0,third,3,2541,0,0,zero,0,521,1,0
1601811353367757794,first,1,-30,0,0,fourth,4,1269,0,0,second,2,2312,0,0,third,3,2543,0,0,zero,0,525,1,0
1601811353479701535,first,1,-26,0,0,fourth,4,1269,0,0,second,2,2315,0,0,third,3,2545,0,0,zero,0,529,1,0
1601811353592119862,first,1,-23,0,0,fourth,4,1269,0,0,second,2,2318,0,0,third,3,2548,0,0,zero,0,533,1,0
1601811353703896611,first,1,-19,0,0,fourth,4,1269,0,0,second,2,2321,0,0,third,3,2550,0,0,zero,0,538,1,0
1601811353815980284,first,1,-15,0,0,fourth,4,1269,0,0,second,2,2324,0,0,third,3,2552,0,0,zero,0,542,1,0
1601811353928120120,first,1,-11,0,0,fourth,4,1269,0,0,second,2,2327,0,0,third,3,2554,0,0,zero,0,547,1,0
1601811354040087006,first,1,-8,0,0,fourth,4,1269,0,0,second,2,2330,0,0,third,3,2557,0,0,zero,0,551,1,0
1601811354151860496,first,1,-4,0,0,fourth,4,1269,0,0,second,2,2332,0,0,third,3,2559,0,0,zero,0,555,1,0
1601811354263850285,first,1,-1,0,0,fourth,4,1269,0,0,second,2,2335,0,0,third,3,2561,0,0,zero,0,559,1,0
1601811354376109383,first,1,3,0,0,fourth,4,1269,0,0,second,2,2338,0,0,third,3,2563,0,0,zero,0,563,1,0
1601811354488111640,first,1,6,0,0,fourth,4,1269,0,0,second,2,2341,0,0,third,3,2566,0,0,zero,0,567,1,0
1601811354600252336,first,1,10,0,0,fourth,4,1269,0,0,second,2,2344,0,0,third,3,2568,0,0,zero,0,571,1,0
1601811354712015364,first,1,14,0,0,fourth,4,1269,0,0,second,2,2346,0,0,third,3,2570,0,0,zero,0,575,1,0
1601811354824084646,first,1,18,0,0,fourth,4,1269,0,0,second,2,2350,0,0,third,3,2573,0,0,zero,0,580,1,0
1601811354936214154,first,1,21,0,0,fourth,4,1269,0,0,second,2,2352,0,0,third,3,2576,0,0,zero,0,583,1,0
1601811355047582403,first,1,25,0,0,fourth,4,1269,0,0,second,2,2355,0,0,third,3,2578,0,0,zero,0,587,1,0
1601811355160093571,first,1,28,0,0,fourth,4,1269,0,0,second,2,2358,0,0,third,3,2580,0,0,zero,0,591,1,0
1601811355272181241,first,1,32,0,0,fourth,4,1269,0,0,second,2,2361,0,0,third,3,2583,0,0,zero,0,595,1,0
1601811355383539623,first,1,35,0,0,fourth,4,1269,0,0,second,2,2364,0,0,third,3,2585,0,0,zero,0,600,1,0
1601811355496420203,first,1,39,0,0,fourth,4,1269,0,0,second,2,2367,0,0,third,3,2587,0,0,zero,0,604,1,0
1601811355608236754,first,1,42,0,0,fourth,4,1269,0,0,second,2,2370,0,0,third,3,2590,0,0,zero,0,608,1,0
1601811355720169308,first,1,46,0,0,fourth,4,1269,0,0,second,2,2373,0,0,third,3,2592,0,0,zero,0,611,1,0
1601811355831823702,first,1,50,0,0,fourth,4,1269,0,0,second,2,2376,0,0,third,3,2594,0,0,zero,0,615,1,0
1601811355944531708,first,1,54,0,0,fourth,4,1269,0,0,second,2,2379,0,0,third,3,2597,0,0,zero,0,619,1,0
1601811356056442409,first,1,59,0,0,fourth,4,1269,0,0,second,2,2381,0,0,third,3,2599,0,0,zero,0,623,1,0
1601811356168486304,first,1,62,0,0,fourth,4,1269,0,0,second,2,2384,0,0,third,3,2601,0,0,zero,0,628,1,0
1601811356280508700,first,1,67,0,0,fourth,4,1269,0,0,second,2,2387,0,0,third,3,2604,0,0,zero,0,631,1,0
1601811356392601148,first,1,71,0,0,fourth,4,1269,0,0,second,2,2390,0,0,third,3,2605,0,0,zero,0,636,1,0
1601811356504326444,first,1,75,0,0,fourth,4,1269,0,0,second,2,2393,0,0,third,3,2608,0,0,zero,0,640,1,0
1601811356616613335,first,1,80,1,0,fourth,4,1269,0,0,second,2,2396,0,0,third,3,2610,0,0,zero,0,644,1,0
1601811356728530866,first,1,85,1,0,fourth,4,1269,0,0,second,2,2399,0,0,third,3,2613,0,0,zero,0,648,1,0
1601811356840497920,first,1,90,1,0,fourth,4,1269,0,0,second,2,2401,0,0,third,3,2615,0,0,zero,0,652,1,0
1601811356952672558,first,1,95,1,0,fourth,4,1269,0,0,second,2,2404,0,0,third,3,2618,0,0,zero,0,657,1,0
1601811357064675260,first,1,101,1,0,fourth,4,1269,0,0,second,2,2408,0,0,third,3,2620,0,0,zero,0,661,1,0
1601811357176486663,first,1,106,1,0,fourth,4,1269,0,0,second,2,2411,0,0,third,3,2622,0,0,zero,0,665,1,0
1601811357288565236,first,1,112,1,0,fourth,4,1269,0,0,second,2,2414,0,0,third,3,2625,0,0,zero,0,670,1,0
1601811357400687725,first,1,118,2,0,fourth,4,1269,0,0,second,2,2417,0,0,third,3,2627,0,0,zero,0,673,1,0
1601811357512682152,first,1,121,0,0,fourth,4,1269,0,0,second,2,2420,0,0,third,3,2629,0,0,zero,0,678,1,0
1601811357624807740,first,1,124,0,0,fourth,4,1269,0,0,second,2,2423,0,0,third,3,2632,0,0,zero,0,682,1,0
1601811357736622064,first,1,127,0,0,fourth,4,1269,0,0,second,2,2426,0,0,third,3,2634,0,0,zero,0,687,1,0
1601811357848162391,first,1,131,0,0,fourth,4,1269,0,0,second,2,2428,0,0,third,3,2636,0,0,zero,0,691,1,0
1601811357960892126,first,1,134,0,0,fourth,4,1269,0,0,second,2,2431,0,0,third,3,2639,0,0,zero,0,695,1,0
1601811358072687455,first,1,137,0,0,fourth,4,1269,0,0,second,2,2434,0,0,third,3,2641,0,0,zero,0,699,1,0
1601811358184648921,first,1,140,0,0,fourth,4,1269,0,0,second,2,2437,0,0,third,3,2643,0,0,zero,0,703,1,0
1601811358296816699,first,1,145,0,0,fourth,4,1269,0,0,second,2,2439,0,0,third,3,2646,0,0,zero,0,707,1,0
1601811358408995298,first,1,147,0,0,fourth,4,1269,0,0,second,2,2442,0,0,third,3,2648,0,0,zero,0,711,1,0
1601811358520869897,first,1,151,0,0,fourth,4,1269,0,0,second,2,2445,0,0,third,3,2650,0,0,zero,0,716,1,0
1601811358632967018,first,1,153,0,0,fourth,4,1269,0,0,second,2,2448,0,0,third,3,2653,0,0,zero,0,720,1,0
1601811358745069345,first,1,157,0,0,fourth,4,1269,0,0,second,2,2451,0,0,third,3,2655,0,0,zero,0,724,1,0
1601811358857177700,first,1,160,0,0,fourth,4,1269,0,0,second,2,2454,0,0,third,3,2657,0,0,zero,0,728,1,0
1601811358969015230,first,1,163,0,0,fourth,4,1269,0,0,second,2,2457,0,0,third,3,2660,0,0,zero,0,732,1,0
1601811359081132605,first,1,166,0,0,fourth,4,1269,0,0,second,2,2460,0,0,third,3,2662,0,0,zero,0,737,1,0
1601811359193334383,first,1,170,0,0,fourth,4,1269,0,0,second,2,2462,0,0,third,3,2664,0,0,zero,0,741,1,0
1601811359305108809,first,1,173,0,0,fourth,4,1269,0,0,second,2,2466,0,0,third,3,2667,0,0,zero,0,745,1,0
1601811359417167460,first,1,176,0,0,fourth,4,1269,0,0,second,2,2468,0,0,third,3,2670,0,0,zero,0,750,1,0
1601811359529109385,first,1,179,0,0,fourth,4,1269,0,0,second,2,2471,0,0,third,3,2672,0,0,zero,0,753,1,0
1601811359641146595,first,1,183,0,0,fourth,4,1269,0,0,second,2,2474,0,0,third,3,2674,0,0,zero,0,757,1,0
1601811359753260998,first,1,186,0,0,fourth,4,1269,0,0,second,2,2476,0,0,third,3,2677,0,0,zero,0,761,1,0
1601811359865200925,first,1,190,0,0,fourth,4,1269,0,0,second,2,2480,0,0,third,3,2679,0,0,zero,0,765,1,0
1601811359977145378,first,1,193,0,0,fourth,4,1269,0,0,second,2,2482,0,0,third,3,2682,0,0,zero,0,770,1,0
1601811360089165910,first,1,196,0,0,fourth,4,1269,0,0,second,2,2485,0,0,third,3,2684,0,0,zero,0,774,1,0
1601811360201238084,first,1,200,0,0,fourth,4,1269,0,0,second,2,2488,0,0,third,3,2686,0,0,zero,0,778,1,0
1601811360313427954,first,1,203,0,0,fourth,4,1269,0,0,second,2,2491,0,0,third,3,2689,0,0,zero,0,781,1,0
1601811360425438823,first,1,206,0,0,fourth,4,1269,0,0,second,2,2494,0,0,third,3,2691,0,0,zero,0,786,1,0
1601811360537429038,first,1,209,0,0,fourth,4,1269,0,0,second,2,2496,0,0,third,3,2694,0,0,zero,0,790,1,0
1601811360649280410,first,1,213,0,0,fourth,4,1269,0,0,second,2,2500,0,0,third,3,2696,0,0,zero,0,794,1,0
1601811360761238607,first,1,216,0,0,fourth,4,1269,0,0,second,2,2502,0,0,third,3,2699,0,0,zero,0,798,1,0
1601811360873439566,first,1,220,0,0,fourth,4,1269,0,0,second,2,2505,0,0,third,3,2701,0,0,zero,0,802,1,0
1601811360985532211,first,1,223,0,0,fourth,4,1269,0,0,second,2,2508,0,0,third,3,2703,0,0,zero,0,806,1,0
1601811361097364598,first,1,228,0,0,fourth,4,1269,0,0,second,2,2511,0,0,third,3,2706,0,0,zero,0,810,1,0
1601811361209562619,first,1,231,0,0,fourth,4,1269,0,0,second,2,2514,0,0,third,3,2709,0,0,zero,0,814,1,0
1601811361321433019,first,1,234,0,0,fourth,4,1269,0,0,second,2,2517,0,0,third,3,2711,0,0,zero,0,818,1,0
1601811361433515128,first,1,237,0,0,fourth,4,1269,0,0,second,2,2520,0,0,third,3,2713,0,0,zero,0,822,1,0
1601811361545405550,first,1,240,0,0,fourth,4,1269,0,0,second,2,2523,0,0,third,3,2716,0,0,zero,0,826,1,0
1601811361657633172,first,1,244,0,0,fourth,4,1269,0,0,second,2,2526,0,0,third,3,2718,0,0,zero,0,830,1,0
1601811361769454860,first,1,247,0,0,fourth,4,1269,0,0,second,2,2528,0,0,third,3,2722,0,0,zero,0,834,1,0
1601811361881524969,first,1,251,0,0,fourth,4,1269,0,0,second,2,2531,0,0,third,3,2724,0,0,zero,0,838,1,0
1601811361993637194,first,1,254,0,0,fourth,4,1269,0,0,second,2,2534,0,0,third,3,2726,0,0,zero,0,841,1,0
1601811362105618607,first,1,258,0,0,fourth,4,1269,0,0,second,2,2537,0,0,third,3,2727,0,0,zero,0,845,1,0
1601811362217700110,first,1,260,0,0,fourth,4,1269,0,0,second,2,2540,0,0,third,3,2730,0,0,zero,0,848,1,0
1601811362329784420,first,1,264,0,0,fourth,4,1269,0,0,second,2,2543,0,0,third,3,2732,0,0,zero,0,853,1,0
1601811362441428537,first,1,267,0,0,fourth,4,1269,0,0,second,2,2546,0,0,third,3,2734,0,0,zero,0,857,1,0
1601811362553886483,first,1,271,0,0,fourth,4,1269,0,0,second,2,2549,0,0,third,3,2736,0,0,zero,0,860,1,0
1601811362665882355,first,1,274,0,0,fourth,4,1269,0,0,second,2,2552,0,0,third,3,2738,0,0,zero,0,864,1,0
1601811362777841465,first,1,277,0,0,fourth,4,1269,0,0,second,2,2554,0,0,third,3,2740,0,0,zero,0,867,1,0
1601811362889907986,first,1,281,0,0,fourth,4,1269,0,0,second,2,2557,0,0,third,3,2742,0,0,zero,0,871,1,0
1601811363002021354,first,1,284,0,0,fourth,4,1269,0,0,second,2,2560,0,0,third,3,2744,0,0,zero,0,875,1,0
1601811363113931998,first,1,287,0,0,fourth,4,1269,0,0,second,2,2563,0,0,third,3,2747,0,0,zero,0,879,1,0
1601811363225947391,first,1,290,0,0,fourth,4,1269,0,0,second,2,2565,0,0,third,3,2747,0,0,zero,0,883,1,0
1601811363337999299,first,1,294,0,0,fourth,4,1269,0,0,second,2,2568,0,0,third,3,2747,0,0,zero,0,887,1,0
1601811363449360125,first,1,297,0,0,fourth,4,1269,0,0,second,2,2571,0,0,third,3,2747,0,0,zero,0,891,1,0
1601811363562110651,first,1,301,0,0,fourth,4,1269,0,0,second,2,2573,0,0,third,3,2747,0,0,zero,0,895,1,0
1601811363673893349,first,1,304,0,0,fourth,4,1269,0,0,second,2,2577,0,0,third,3,2747,0,0,zero,0,899,1,0
1601811363785602414,first,1,307,0,0,fourth,4,1269,0,0,second,2,2579,0,0,third,3,2747,0,0,zero,0,903,1,0
1601811363897626248,first,1,311,0,0,fourth,4,1269,0,0,second,2,2582,0,0,third,3,2747,0,0,zero,0,907,1,0
1601811364009349260,first,1,314,0,0,fourth,4,1269,0,0,second,2,2585,0,0,third,3,2747,0,0,zero,0,911,1,0
1601811364121806688,first,1,317,0,0,fourth,4,1269,0,0,second,2,2588,0,0,third,3,2747,0,0,zero,0,914,1,0
1601811364233537927,first,1,321,0,0,fourth,4,1269,0,0,second,2,2591,0,0,third,3,2747,0,0,zero,0,919,1,0
1601811364345397081,first,1,324,0,0,fourth,4,1269,0,0,second,2,2593,0,0,third,3,2747,0,0,zero,0,922,1,0
1601811364457621773,first,1,327,0,0,fourth,4,1269,0,0,second,2,2596,0,0,third,3,2747,0,0,zero,0,927,1,0
1601811364569894147,first,1,331,0,0,fourth,4,1269,0,0,second,2,2599,0,0,third,3,2747,0,0,zero,0,929,1,0
1601811364681466587,first,1,334,0,0,fourth,4,1269,0,0,second,2,2601,0,0,third,3,2747,0,0,zero,0,933,1,0
1601811364794476671,first,1,337,0,0,fourth,4,1269,0,0,second,2,2605,0,0,third,3,2747,0,0,zero,0,937,1,0
1601811364906354408,first,1,341,0,0,fourth,4,1269,0,0,second,2,2607,0,0,third,3,2747,0,0,zero,0,940,1,0
1601811365018280680,first,1,343,0,0,fourth,4,1269,0,0,second,2,2609,0,0,third,3,2747,0,0,zero,0,945,1,0
1601811365130686555,first,1,347,0,0,fourth,4,1269,0,0,second,2,2614,0,0,third,3,2747,0,0,zero,0,948,1,0
1601811365242523350,first,1,350,0,0,fourth,4,1269,0,0,second,2,2616,0,0,third,3,2747,0,0,zero,0,952,1,0
1601811365354410487,first,1,353,0,0,fourth,4,1269,0,0,second,2,2619,0,0,third,3,2747,0,0,zero,0,956,1,0
1601811365466522573,first,1,356,0,0,fourth,4,1269,0,0,second,2,2622,0,0,third,3,2747,0,0,zero,0,961,1,0
1601811365578449368,first,1,359,0,0,fourth,4,1269,0,0,second,2,2625,0,0,third,3,2747,0,0,zero,0,964,1,0
1601811365690434495,first,1,363,0,0,fourth,4,1269,0,0,second,2,2628,0,0,third,3,2747,0,0,zero,0,968,1,0
1601811365802420003,first,1,366,0,0,fourth,4,1269,0,0,second,2,2630,0,0,third,3,2747,0,0,zero,0,972,1,0
1601811365913757664,first,1,369,0,0,fourth,4,1269,0,0,second,2,2633,0,0,third,3,2747,0,0,zero,0,976,1,0
1601811366026590749,first,1,372,0,0,fourth,4,1269,0,0,second,2,2636,0,0,third,3,2747,0,0,zero,0,980,1,0
1601811366138293127,first,1,376,0,0,fourth,4,1269,0,0,second,2,2639,0,0,third,3,2747,0,0,zero,0,984,1,0
1601811366250647804,first,1,379,0,0,fourth,4,1269,0,0,second,2,2642,0,0,third,3,2747,0,0,zero,0,988,1,0
1601811366362780376,first,1,382,0,0,fourth,4,1269,0,0,second,2,2644,0,0,third,3,2747,0,0,zero,0,992,1,0
1601811366474738775,first,1,386,0,0,fourth,4,1269,0,0,second,2,2647,0,0,third,3,2747,0,0,zero,0,996,1,0
1601811366586669875,first,1,389,0,0,fourth,4,1269,0,0,second,2,2650,0,0,third,3,2747,0,0,zero,0,1000,1,0
1601811366698629958,first,1,392,0,0,fourth,4,1269,0,0,second,2,2653,0,0,third,3,2747,0,0,zero,0,1004,1,0
1601811366810559224,first,1,396,0,0,fourth,4,1269,0,0,second,2,2655,0,0,third,3,2747,0,0,zero,0,1008,1,0
1601811366922553457,first,1,399,0,0,fourth,4,1269,0,0,second,2,2658,0,0,third,3,2747,0,0,zero,0,1012,1,0
1601811367034679579,first,1,402,0,0,fourth,4,1269,0,0,second,2,2661,0,0,third,3,2747,0,0,zero,0,1016,1,0
1601811367146747034,first,1,406,0,0,fourth,4,1269,0,0,second,2,2664,0,0,third,3,2747,0,0,zero,0,1020,1,0
1601811367258691562,first,1,409,0,0,fourth,4,1269,0,0,second,2,2666,0,0,third,3,2747,0,0,zero,0,1024,1,0
1601811367370669671,first,1,412,0,0,fourth,4,1269,0,0,second,2,2669,0,0,third,3,2747,0,0,zero,0,1027,1,0
1601811367482745568,first,1,415,0,0,fourth,4,1269,0,0,second,2,2672,0,0,third,3,2747,0,0,zero,0,1031,1,0
1601811367594833655,first,1,419,0,0,fourth,4,1269,0,0,second,2,2673,0,0,third,3,2747,0,0,zero,0,1035,1,0
1601811367706771315,first,1,422,0,0,fourth,4,1269,0,0,second,2,2676,0,0,third,3,2747,0,0,zero,0,1039,1,0
1601811367818554055,first,1,425,0,0,fourth,4,1269,0,0,second,2,2679,0,0,third,3,2747,0,0,zero,0,1043,1,0
1601811367930115367,first,1,428,0,0,fourth,4,1269,0,0,second,2,2682,0,0,third,3,2747,0,0,zero,0,1046,1,0
1601811368042247959,first,1,432,0,0,fourth,4,1269,0,0,second,2,2685,0,0,third,3,2747,0,0,zero,0,1050,1,0
1601811368154272721,first,1,435,0,0,fourth,4,1269,0,0,second,2,2687,0,0,third,3,2747,0,0,zero,0,1054,1,0
1601811368266187465,first,1,438,0,0,fourth,4,1269,0,0,second,2,2690,0,0,third,3,2747,0,0,zero,0,1058,1,0
1601811368378883577,first,1,442,0,0,fourth,4,1269,0,0,second,2,2693,0,0,third,3,2747,0,0,zero,0,1061,1,0
1601811368491045726,first,1,445,0,0,fourth,4,1269,0,0,second,2,2696,0,0,third,3,2747,0,0,zero,0,1066,1,0
1601811368602392014,first,1,448,0,0,fourth,4,1269,0,0,second,2,2699,0,0,third,3,2747,0,0,zero,0,1070,1,0
1601811368714222404,first,1,451,0,0,fourth,4,1269,0,0,second,2,2701,0,0,third,3,2747,0,0,zero,0,1073,1,0
1601811368826978774,first,1,455,0,0,fourth,4,1269,0,0,second,2,2704,0,0,third,3,2747,0,0,zero,0,1077,1,0
1601811368939065146,first,1,458,0,0,fourth,4,1269,0,0,second,2,2707,0,0,third,3,2747,0,0,zero,0,1081,1,0
1601811369050332074,first,1,461,0,0,fourth,4,1269,0,0,second,2,2710,0,0,third,3,2747,0,0,zero,0,1084,1,0
1601811369163434187,first,1,464,0,0,fourth,4,1269,0,0,second,2,2713,0,0,third,3,2747,0,0,zero,0,1089,1,0
1601811369274316272,first,1,467,0,0,fourth,4,1269,0,0,second,2,2716,0,0,third,3,2747,0,0,zero,0,1092,1,0
1601811369386312624,first,1,470,0,0,fourth,4,1269,0,0,second,2,2719,0,0,third,3,2747,0,0,zero,0,1096,1,0
1601811369498426347,first,1,474,0,0,fourth,4,1269,0,0,second,2,2722,0,0,third,3,2747,0,0,zero,0,1100,1,0
1601811369610734738,first,1,477,0,0,fourth,4,1269,0,0,second,2,2724,0,0,third,3,2747,0,0,zero,0,1104,1,0
1601811369722611007,first,1,480,0,0,fourth,4,1269,0,0,second,2,2727,0,0,third,3,2747,0,0,zero,0,1108,1,0
1601811369834791348,first,1,483,0,0,fourth,4,1269,0,0,second,2,2730,0,0,third,3,2747,0,0,zero,0,1112,1,0
1601811369946818108,first,1,486,0,0,fourth,4,1269,0,0,second,2,2732,0,0,third,3,2747,0,0,zero,0,1116,1,0
1601811370058869449,first,1,490,0,0,fourth,4,1269,0,0,second,2,2735,0,0,third,3,2747,0,0,zero,0,1120,1,0
1601811370170848215,first,1,493,0,0,fourth,4,1269,0,0,second,2,2737,0,0,third,3,2747,0,0,zero,0,1122,1,0
1601811370283032463,first,1,496,0,0,fourth,4,1269,0,0,second,2,2740,0,0,third,3,2747,0,0,zero,0,1126,1,0
1601811370395376156,first,1,499,0,0,fourth,4,1269,0,0,second,2,2743,0,0,third,3,2747,0,0,zero,0,1130,1,0
1601811370507297800,first,1,503,0,0,fourth,4,1269,0,0,second,2,2746,0,0,third,3,2747,0,0,zero,0,1134,1,0
1601811370619356935,first,1,506,0,0,fourth,4,1269,0,0,second,2,2748,0,0,third,3,2747,0,0,zero,0,1137,1,0
1601811370731198430,first,1,509,0,0,fourth,4,1269,0,0,second,2,2751,0,0,third,3,2747,0,0,zero,0,1141,1,0
1601811370843305912,first,1,512,0,0,fourth,4,1269,0,0,second,2,2753,0,0,third,3,2747,0,0,zero,0,1145,1,0
1601811370955481307,first,1,515,0,0,fourth,4,1269,0,0,second,2,2755,0,0,third,3,2747,0,0,zero,0,1149,1,0
1601811371067309184,first,1,519,0,0,fourth,4,1269,0,0,second,2,2758,0,0,third,3,2747,0,0,zero,0,1152,1,0
1601811371179315787,first,1,521,0,0,fourth,4,1269,0,0,second,2,2761,0,0,third,3,2747,0,0,zero,0,1156,1,0
1601811371291605697,first,1,525,0,0,fourth,4,1269,0,0,second,2,2764,0,0,third,3,2747,0,0,zero,0,1160,1,0
1601811371403455397,first,1,528,0,0,fourth,4,1269,0,0,second,2,2766,0,0,third,3,2747,0,0,zero,0,1164,1,0
1601811371515451524,first,1,532,0,0,fourth,4,1269,0,0,second,2,2770,0,0,third,3,2747,0,0,zero,0,1168,1,0
1601811371627540491,first,1,534,0,0,fourth,4,1269,0,0,second,2,2772,0,0,third,3,2747,0,0,zero,0,1172,1,0
1601811371739463715,first,1,538,0,0,fourth,4,1269,0,0,second,2,2775,0,0,third,3,2747,0,0,zero,0,1175,1,0
1601811371851508463,first,1,541,0,0,fourth,4,1269,0,0,second,2,2777,0,0,third,3,2747,0,0,zero,0,1179,1,0
1601811371963525513,first,1,544,0,0,fourth,4,1269,0,0,second,2,2780,0,0,third,3,2747,0,0,zero,0,1183,1,0
1601811372075506734,first,1,547,0,0,fourth,4,1269,0,0,second,2,2783,0,0,third,3,2747,0,0,zero,0,1186,1,0
1601811372187504088,first,1,550,0,0,fourth,4,1269,0,0,second,2,2786,0,0,third,3,2747,0,0,zero,0,1190,1,0
1601811372299539395,first,1,553,0,0,fourth,4,1269,0,0,second,2,2788,0,0,third,3,2747,0,0,zero,0,1194,1,0
1601811372411684381,first,1,556,0,0,fourth,4,1269,0,0,second,2,2791,0,0,third,3,2747,0,0,zero,0,1198,1,0
1601811372523643042,first,1,560,0,0,fourth,4,1269,0,0,second,2,2793,0,0,third,3,2747,0,0,zero,0,1201,1,0
1601811372635817297,first,1,563,0,0,fourth,4,1269,0,0,second,2,2796,0,0,third,3,2747,0,0,zero,0,1206,1,0
1601811372747824550,first,1,566,0,0,fourth,4,1269,0,0,second,2,2799,0,0,third,3,2747,0,0,zero,0,1209,1,0
1601811372859920436,first,1,569,0,0,fourth,4,1269,0,0,second,2,2801,0,0,third,3,2747,0,0,zero,0,1213,1,0
1601811372971617254,first,1,572,0,0,fourth,4,1269,0,0,second,2,2804,0,0,third,3,2747,0,0,zero,0,1216,1,0
1601811373083751959,first,1,576,0,0,fourth,4,1269,0,0,second,2,2807,0,0,third,3,2747,0,0,zero,0,1220,1,0
1601811373195924762,first,1,579,0,0,fourth,4,1269,0,0,second,2,2809,0,0,third,3,2747,0,0,zero,0,1224,1,0
1601811373308064123,first,1,582,0,0,fourth,4,1269,0,0,second,2,2812,0,0,third,3,2747,0,0,zero,0,1228,1,0
1601811373419983316,first,1,585,0,0,fourth,4,1269,0,0,second,2,2815,0,0,third,3,2747,0,0,zero,0,1232,1,0
1601811373531994293,first,1,588,0,0,fourth,4,1269,0,0,second,2,2819,0,0,third,3,2747,0,0,zero,0,1236,1,0
1601811373643963690,first,1,591,0,0,fourth,4,1269,0,0,second,2,2822,0,0,third,3,2747,0,0,zero,0,1239,1,0
1601811373755812383,first,1,594,0,0,fourth,4,1269,0,0,second,2,2824,0,0,third,3,2747,0,0,zero,0,1243,1,0
1601811373868135194,first,1,597,0,0,fourth,4,1269,0,0,second,2,2827,0,0,third,3,2747,0,0,zero,0,1246,1,0
1601811373979919622,first,1,601,0,0,fourth,4,1269,0,0,second,2,2830,0,0,third,3,2747,0,0,zero,0,1250,1,0
1601811374091975076,first,1,604,0,0,fourth,4,1269,0,0,second,2,2832,0,0,third,3,2747,0,0,zero,0,1254,1,0
1601811374204124325,first,1,607,0,0,fourth,4,1269,0,0,second,2,2835,0,0,third,3,2747,0,0,zero,0,1258,1,0
1601811374315973012,first,1,611,0,0,fourth,4,1269,0,0,second,2,2837,0,0,third,3,2747,0,0,zero,0,1262,1,0
1601811374428099373,first,1,613,0,0,fourth,4,1269,0,0,second,2,2840,0,0,third,3,2747,0,0,zero,0,1265,1,0
1601811374539980153,first,1,617,0,0,fourth,4,1269,0,0,second,2,2843,0,0,third,3,2747,0,0,zero,0,1269,1,0
1601811374652093063,first,1,620,0,0,fourth,4,1269,0,0,second,2,2846,0,0,third,3,2747,0,0,zero,0,1272,1,0
1601811374764005614,first,1,623,0,0,fourth,4,1269,0,0,second,2,2848,0,0,third,3,2747,0,0,zero,0,1276,1,0
1601811374875986617,first,1,626,0,0,fourth,4,1269,0,0,second,2,2851,0,0,third,3,2747,0,0,zero,0,1279,1,0
1601811374988141152,first,1,629,0,0,fourth,4,1269,0,0,second,2,2853,0,0,third,3,2747,0,0,zero,0,1284,1,0
1601811375100173648,first,1,632,0,0,fourth,4,1269,0,0,second,2,2857,0,0,third,3,2747,0,0,zero,0,1287,1,0
1601811375212076873,first,1,635,0,0,fourth,4,1269,0,0,second,2,2859,0,0,third,3,2747,0,0,zero,0,1290,1,0
1601811375324102291,first,1,639,0,0,fourth,4,1269,0,0,second,2,2861,0,0,third,3,2747,0,0,zero,0,1294,1,0
1601811375436173459,first,1,641,0,0,fourth,4,1269,0,0,second,2,2864,0,0,third,3,2747,0,0,zero,0,1297,1,0
1601811375548417275,first,1,644,0,0,fourth,4,1269,0,0,second,2,2866,0,0,third,3,2747,0,0,zero,0,1301,1,0
1601811375660225608,first,1,648,0,0,fourth,4,1269,0,0,second,2,2869,0,0,third,3,2747,0,0,zero,0,1304,1,0
1601811375771625339,first,1,651,0,0,fourth,4,1269,0,0,second,2,2872,0,0,third,3,2747,0,0,zero,0,1308,1,0
1601811375883842636,first,1,654,0,0,fourth,4,1269,0,0,second,2,2874,0,0,third,3,2747,0,0,zero,0,1313,1,0
1601811375996507636,first,1,657,0,0,fourth,4,1269,0,0,second,2,2877,0,0,third,3,2747,0,0,zero,0,1316,1,0
1601811376108505472,first,1,661,0,0,fourth,4,1269,0,0,second,2,2879,0,0,third,3,2747,0,0,zero,0,1320,1,0
1601811376220794768,first,1,663,0,0,fourth,4,1269,0,0,second,2,2882,0,0,third,3,2747,0,0,zero,0,1324,1,0
1601811376332418275,first,1,666,0,0,fourth,4,1269,0,0,second,2,2885,0,0,third,3,2747,0,0,zero,0,1327,1,0
1601811376444327510,first,1,669,0,0,fourth,4,1269,0,0,second,2,2887,0,0,third,3,2747,0,0,zero,0,1330,1,0
1601811376556337133,first,1,673,0,0,fourth,4,1269,0,0,second,2,2890,0,0,third,3,2747,0,0,zero,0,1334,1,0
1601811376668464543,first,1,676,0,0,fourth,4,1269,0,0,second,2,2892,0,0,third,3,2747,0,0,zero,0,1337,1,0
1601811376780425367,first,1,679,0,0,fourth,4,1269,0,0,second,2,2894,0,0,third,3,2747,0,0,zero,0,1341,1,0
1601811376892422195,first,1,682,0,0,fourth,4,1269,0,0,second,2,2897,0,0,third,3,2747,0,0,zero,0,1345,1,0
1601811377004313831,first,1,685,0,0,fourth,4,1269,0,0,second,2,2899,0,0,third,3,2747,0,0,zero,0,1348,1,0
1601811377116473839,first,1,689,0,0,fourth,4,1269,0,0,second,2,2902,0,0,third,3,2747,0,0,zero,0,1352,1,0
1601811377228574677,first,1,692,0,0,fourth,4,1269,0,0,second,2,2905,0,0,third,3,2747,0,0,zero,0,1355,1,0
1601811377340561835,first,1,695,0,0,fourth,4,1269,0,0,second,2,2907,0,0,third,3,2747,0,0,zero,0,1359,1,0
1601811377452946144,first,1,698,0,0,fourth,4,1269,0,0,second,2,2909,0,0,third,3,2747,0,0,zero,0,1363,1,0
1601811377564262546,first,1,701,0,0,fourth,4,1269,0,0,second,2,2912,0,0,third,3,2747,0,0,zero,0,1366,1,0
1601811377676729384,first,1,704,0,0,fourth,4,1269,0,0,second,2,2915,0,0,third,3,2747,0,0,zero,0,1370,1,0
1601811377788681907,first,1,707,0,0,fourth,4,1269,0,0,second,2,2916,0,0,third,3,2747,0,0,zero,0,1374,1,0
1601811377900647113,first,1,710,0,0,fourth,4,1269,0,0,second,2,2919,0,0,third,3,2747,0,0,zero,0,1377,1,0
1601811378012678437,first,1,714,0,0,fourth,4,1269,0,0,second,2,2922,0,0,third,3,2747,0,0,zero,0,1380,1,0
1601811378124625755,first,1,717,0,0,fourth,4,1269,0,0,second,2,2924,0,0,third,3,2747,0,0,zero,0,1384,1,0
1601811378236959388,first,1,720,0,0,fourth,4,1269,0,0,second,2,2926,0,0,third,3,2747,0,0,zero,0,1387,1,0
1601811378348744888,first,1,723,0,0,fourth,4,1269,0,0,second,2,2929,0,0,third,3,2747,0,0,zero,0,1391,1,0
1601811378460896299,first,1,726,0,0,fourth,4,1269,0,0,second,2,2931,0,0,third,3,2747,0,0,zero,0,1394,1,0
1601811378572868350,first,1,729,0,0,fourth,4,1269,0,0,second,2,2934,0,0,third,3,2747,0,0,zero,0,1398,1,0
