1601812818280841432,first,1,959,0,-2,fourth,4,1277,0,0,second,2,2994,0,0,third,3,2750,0,0,zero,0,1783,0,0
1601812818392750804,first,1,959,0,-2,fourth,4,1277,0,0,second,2,2995,0,0,third,3,2750,0,0,zero,0,1783,0,0
1601812818504849996,first,1,959,0,-2,fourth,4,1277,0,0,second,2,2994,0,0,third,3,2750,0,0,zero,0,1783,0,0
1601812818616801261,first,1,959,0,-2,fourth,4,1277,0,0,second,2,2995,0,0,third,3,2750,0,0,zero,0,1783,0,0
1601812818728888584,first,1,959,0,-2,fourth,4,1277,0,0,second,2,2995,0,0,third,3,2750,0,0,zero,0,1783,0,0
1601812818840738334,first,1,959,0,-2,fourth,4,1277,0,0,second,2,2994,0,0,third,3,2751,0,0,zero,0,1783,0,0
1601812818952693283,first,1,959,0,-2,fourth,4,1277,0,0,second,2,2995,0,0,third,3,2750,0,0,zero,0,1783,0,0
1601812819064714370,first,1,959,0,-2,fourth,4,1277,0,0,second,2,2994,0,0,third,3,2750,0,0,zero,0,1783,0,0
1601812819177155677,first,1,959,0,-2,fourth,4,1277,0,0,second,2,2994,0,0,third,3,2750,0,0,zero,0,1783,0,0
1601812819288727343,first,1,959,0,-2,fourth,4,1277,0,0,second,2,2994,0,0,third,3,2750,0,0,zero,0,1783,0,0
1601812819401142933,first,1,959,0,-2,fourth,4,1277,0,0,second,2,2994,0,0,third,3,2750,0,0,zero,0,1783,0,0
1601812819512842873,first,1,959,0,-2,fourth,4,1277,0,0,second,2,2994,0,0,third,3,2750,0,0,zero,0,1783,0,0
1601812819624865530,first,1,959,0,-2,fourth,4,1277,0,0,second,2,2994,0,0,third,3,2750,0,0,zero,0,1783,0,0
1601812819736816116,first,1,959,0,-2,fourth,4,1277,0,0,second,2,2994,0,0,third,3,2750,0,0,zero,0,1783,0,0
1601812819848731682,first,1,959,0,-2,fourth,4,1277,0,0,second,2,2995,0,0,third,3,2750,0,0,zero,0,1783,0,0
1601812819960835765,first,1,959,0,-2,fourth,4,1277,0,0,second,2,2994,0,0,third,3,2750,0,0,zero,0,1783,0,0
1601812820072956666,first,1,959,0,-2,fourth,4,1277,0,0,second,2,2994,0,0,third,3,2750,0,0,zero,0,1783,0,0
1601812820184973531,first,1,959,0,-2,fourth,4,1277,0,0,second,2,2994,0,0,third,3,2750,0,0,zero,0,1783,0,0
1601812820297588996,first,1,959,0,-2,fourth,4,1277,0,0,second,2,2994,0,0,third,3,2750,0,0,zero,0,1783,0,0
1601812820408909492,first,1,959,0,-2,fourth,4,1277,0,0,second,2,2994,0,0,third,3,2750,0,0,zero,0,1783,0,0
1601812820520879820,first,1,959,0,-2,fourth,4,1277,0,0,second,2,2994,0,0,third,3,2750,0,0,zero,0,1783,0,0
1601812820633137901,first,1,959,0,-2,fourth,4,1277,0,0,second,2,2995,0,0,third,3,2750,0,0,zero,0,1783,0,0
1601812820744957422,first,1,959,0,-2,fourth,4,1277,0,0,second,2,2994,0,0,third,3,2750,0,0,zero,0,1783,0,0
1601812820856836155,first,1,959,0,-2,fourth,4,1277,0,0,second,2,2994,0,0,third,3,2750,0,0,zero,0,1783,0,0
1601812820968795633,first,1,959,0,-2,fourth,4,1277,0,0,second,2,2994,0,0,third,3,2750,0,0,zero,0,1783,0,0
1601812821080792507,first,1,959,0,-2,fourth,4,1277,0,0,second,2,2994,0,0,third,3,2750,0,0,zero,0,1783,0,0
1601812821192758554,first,1,959,0,-2,fourth,4,1277,0,0,second,2,2994,0,0,third,3,2750,0,0,zero,0,1783,0,0
1601812821304769402,first,1,959,0,-2,fourth,4,1277,0,0,second,2,2995,0,0,third,3,2750,0,0,zero,0,1783,0,0
1601812821417182315,first,1,959,0,-2,fourth,4,1277,0,0,second,2,2995,0,0,third,3,2750,0,0,zero,0,1783,0,0
1601812821528917581,first,1,959,0,-2,fourth,4,1277,0,0,second,2,2995,0,0,third,3,2750,0,0,zero,0,1783,0,0
1601812821640718848,first,1,959,0,-2,fourth,4,1277,0,0,second,2,2995,0,0,third,3,2750,0,0,zero,0,1783,0,0
1601812821753105363,first,1,959,0,-2,fourth,4,1277,0,0,second,2,2995,0,0,third,3,2750,0,0,zero,0,1783,0,0
1601812821864734127,first,1,959,0,-2,fourth,4,1277,0,0,second,2,2994,0,0,third,3,2750,0,0,zero,0,1783,0,0
1601812821976718578,first,1,959,0,-2,fourth,4,1277,0,0,second,2,2994,0,0,third,3,2750,0,0,zero,0,1783,0,0
1601812822088775956,first,1,959,0,-2,fourth,4,1277,0,0,second,2,2994,0,0,third,3,2750,0,0,zero,0,1783,0,0
1601812822200918120,first,1,959,0,-2,fourth,4,1277,0,0,second,2,2994,0,0,third,3,2750,0,0,zero,0,1783,0,0
1601812822312918003,first,1,959,0,-2,fourth,4,1277,0,0,second,2,2994,0,0,third,3,2750,0,0,zero,0,1783,0,0
1601812822424792818,first,1,959,0,-2,fourth,4,1277,0,0,second,2,2994,0,0,third,3,2750,0,0,zero,0,1783,0,0
1601812822536626464,first,1,959,0,-2,fourth,4,1277,0,0,second,2,2995,0,0,third,3,2750,0,0,zero,0,1783,0,0
1601812822649501369,first,1,959,0,-2,fourth,4,1277,0,0,second,2,2994,0,0,third,3,2750,0,0,zero,0,1783,0,0
1601812822760754150,first,1,959,0,-2,fourth,4,1277,0,0,second,2,2995,0,0,third,3,2750,0,0,zero,0,1783,0,0
1601812822872733046,first,1,959,0,-2,fourth,4,1277,0,0,second,2,2994,0,0,third,3,2750,0,0,zero,0,1783,0,0
1601812822984364251,first,1,959,0,-2,fourth,4,1277,0,0,second,2,2994,0,0,third,3,2750,0,0,zero,0,1783,0,0
1601812823096341746,first,1,959,0,-2,fourth,4,1277,0,0,second,2,2994,0,0,third,3,2750,0,0,zero,0,1783,0,0
1601812823208381853,first,1,959,0,-2,fourth,4,1277,0,0,second,2,2994,0,0,third,3,2750,0,0,zero,0,1783,0,0
1601812823320527234,first,1,959,0,-2,fourth,4,1277,0,0,second,2,2994,0,0,third,3,2750,0,0,zero,0,1783,0,0
1601812823432353477,first,1,959,0,-2,fourth,4,1277,0,0,second,2,2994,0,0,third,3,2750,0,0,zero,0,1783,0,0
1601812823544474043,first,1,958,0,-2,fourth,4,1277,0,0,second,2,2994,0,0,third,3,2750,0,0,zero,0,1783,0,0
1601812823656548385,first,1,959,0,-1,fourth,4,1277,0,0,second,2,2994,0,0,third,3,2751,0,0,zero,0,1783,0,0
1601812823768533265,first,1,959,0,-2,fourth,4,1277,0,0,second,2,2995,0,0,third,3,2750,0,0,zero,0,1783,0,0
1601812823880499803,first,1,959,0,-2,fourth,4,1277,0,0,second,2,2994,0,0,third,3,2750,0,0,zero,0,1783,0,0
1601812823992452967,first,1,959,0,-2,fourth,4,1277,0,0,second,2,2994,0,0,third,3,2750,0,0,zero,0,1783,0,0
1601812824104226435,first,1,959,0,-2,fourth,4,1277,0,0,second,2,2994,0,0,third,3,2750,0,0,zero,0,1783,0,0
1601812824216162280,first,1,959,0,-2,fourth,4,1277,0,0,second,2,2994,0,0,third,3,2750,0,0,zero,0,1783,0,0
1601812824328380233,first,1,959,0,-2,fourth,4,1277,0,0,second,2,2994,0,0,third,3,2750,0,0,zero,0,1783,0,0
1601812824440158692,first,1,959,0,-2,fourth,4,1277,0,0,second,2,2994,0,0,third,3,2750,0,0,zero,0,1783,0,0
1601812824552161147,first,1,959,0,-2,fourth,4,1277,0,0,second,2,2994,0,0,third,3,2750,0,0,zero,0,1783,0,0
1601812824664142714,first,1,959,0,-2,fourth,4,1277,0,0,second,2,2994,0,0,third,3,2750,0,0,zero,0,1783,0,0
1601812824776202439,first,1,959,0,-2,fourth,4,1277,0,0,second,2,2994,0,0,third,3,2750,0,0,zero,0,1783,0,0
1601812824888085329,first,1,959,0,-2,fourth,4,1277,0,0,second,2,2994,0,0,third,3,2750,0,0,zero,0,1783,0,0
1601812825000119037,first,1,959,0,-2,fourth,4,1277,0,0,second,2,2994,0,0,third,3,2750,0,0,zero,0,1783,0,0
1601812825112073314,first,1,959,0,-2,fourth,4,1277,0,0,second,2,2995,0,0,third,3,2750,0,0,zero,0,1783,0,0
1601812825224169439,first,1,959,0,-2,fourth,4,1277,0,0,second,2,2994,0,0,third,3,2750,0,0,zero,0,1783,0,0
1601812825336096270,first,1,959,0,-2,fourth,4,1277,0,0,second,2,2994,0,0,third,3,2750,0,0,zero,0,1783,0,0
1601812825448260463,first,1,959,0,-2,fourth,4,1277,0,0,second,2,2995,0,0,third,3,2750,0,0,zero,0,1783,0,0
1601812825560316920,first,1,959,0,-2,fourth,4,1277,0,0,second,2,2994,0,0,third,3,2750,0,0,zero,0,1783,0,0
1601812825672354149,first,1,959,0,-2,fourth,4,1277,0,0,second,2,2994,0,0,third,3,2750,0,0,zero,0,1783,0,0
1601812825784840251,first,1,959,0,-2,fourth,4,1277,0,0,second,2,2994,0,0,third,3,2750,0,0,zero,0,1783,0,0
1601812825898028217,first,1,959,0,-2,fourth,4,1277,0,0,second,2,2994,0,0,third,3,2750,0,0,zero,0,1783,0,0
1601812826008717438,first,1,959,0,-2,fourth,4,1277,0,0,second,2,2994,0,0,third,3,2750,0,0,zero,0,1783,0,0
1601812826121142963,first,1,959,0,-2,fourth,4,1277,0,0,second,2,2994,0,0,third,3,2750,0,0,zero,0,1783,0,0
1601812826232872273,first,1,959,0,-2,fourth,4,1277,0,0,second,2,2994,0,0,third,3,2750,0,0,zero,0,1783,0,0
1601812826345607916,first,1,959,0,-2,fourth,4,1277,0,0,second,2,2994,0,0,third,3,2750,0,0,zero,0,1783,0,0
1601812826552783772,first,1,959,0,-2,fourth,4,1277,0,0,second,2,2995,0,0,third,3,2750,0,0,zero,0,1783,0,0
1601812826664641747,first,1,959,0,-2,fourth,4,1277,0,0,second,2,2994,0,0,third,3,2750,0,0,zero,0,1783,0,0
1601812826776719801,first,1,959,0,-2,fourth,4,1277,0,0,second,2,2994,0,0,third,3,2750,0,0,zero,0,1783,0,0
1601812826888595902,first,1,959,0,-2,fourth,4,1277,0,0,second,2,2994,0,0,third,3,2750,0,0,zero,0,1783,0,0
1601812827000692664,first,1,959,0,-2,fourth,4,1277,0,0,second,2,2995,0,0,third,3,2750,0,0,zero,0,1783,0,0
1601812827112595080,first,1,959,0,-4,fourth,4,1277,0,0,second,2,2994,0,0,third,3,2750,0,-2,zero,0,1783,0,0
1601812827224526631,first,1,959,0,-6,fourth,4,1276,0,-1,second,2,2994,0,0,third,3,2746,-1,-5,zero,0,1783,0,-2
1601812827336496924,first,1,959,0,-4,fourth,4,1268,-3,-4,second,2,2994,0,0,third,3,2729,-8,-5,zero,0,1780,0,-1
1601812827448252224,first,1,959,0,-10,fourth,4,1258,-4,-3,second,2,2994,0,-1,third,3,2710,-9,-5,zero,0,1762,-14,-6
1601812827561056409,first,1,953,-1,-15,fourth,4,1249,-4,-2,second,2,2990,-2,-6,third,3,2691,-9,-2,zero,0,1694,-43,-14
1601812827672715253,first,1,917,-20,-13,fourth,4,1248,0,-1,second,2,2968,-11,-4,third,3,2677,-8,-3,zero,0,1594,-56,-9
1601812827784723329,first,1,843,-42,-17,fourth,4,1248,0,-1,second,2,2943,-13,-5,third,3,2663,-7,-1,zero,0,1508,-47,-9
1601812827897318788,first,1,744,-55,-14,fourth,4,1248,0,-3,second,2,2909,-17,-6,third,3,2653,-4,-1,zero,0,1435,-40,-9
1601812828008709956,first,1,665,-43,-7,fourth,4,1248,0,-3,second,2,2866,-23,-3,third,3,2650,0,0,zero,0,1368,-35,-4
1601812828120864165,first,1,635,-15,-8,fourth,4,1248,0,-3,second,2,2825,-22,-3,third,3,2650,0,-1,zero,0,1315,-29,-7
1601812828232429687,first,1,618,-8,-11,fourth,4,1248,0,-3,second,2,2794,-15,-1,third,3,2650,0,-1,zero,0,1270,-23,-11
1601812828344854499,first,1,594,-12,-9,fourth,4,1248,0,-3,second,2,2785,0,0,third,3,2650,0,-1,zero,0,1244,-11,-4
1601812828456957164,first,1,573,-10,-13,fourth,4,1248,0,-3,second,2,2785,0,-2,third,3,2650,0,-2,zero,0,1231,-6,-11
1601812828568912789,first,1,543,-15,-14,fourth,4,1248,0,-3,second,2,2782,0,-3,third,3,2651,0,-2,zero,0,1199,-19,-19
1601812828680806218,first,1,502,-22,-13,fourth,4,1248,0,-3,second,2,2764,-8,-2,third,3,2651,0,-2,zero,0,1143,-32,-14
1601812828792784214,first,1,449,-29,-15,fourth,4,1248,0,-4,second,2,2743,-11,-3,third,3,2650,0,-3,zero,0,1081,-35,-18
1601812828904847020,first,1,377,-40,-16,fourth,4,1248,0,-3,second,2,2716,-13,-3,third,3,2646,-1,-2,zero,0,1002,-44,-20
1601812829016884559,first,1,306,-40,-10,fourth,4,1248,0,-4,second,2,2688,-14,-3,third,3,2628,-8,-1,zero,0,925,-41,-14
1601812829129373996,first,1,257,-27,-12,fourth,4,1248,0,-4,second,2,2665,-12,-2,third,3,2608,-9,-3,zero,0,870,-29,-14
1601812829240805691,first,1,223,-17,-14,fourth,4,1248,0,-2,second,2,2645,-10,-5,third,3,2590,-9,-1,zero,0,832,-21,-21
1601812829352709893,first,1,191,-17,-8,fourth,4,1248,0,-2,second,2,2625,-10,-1,third,3,2578,-6,-1,zero,0,790,-23,-14
1601812829464964556,first,1,161,-16,-14,fourth,4,1248,0,-3,second,2,2607,-9,-3,third,3,2568,-5,-1,zero,0,752,-20,-18
1601812829576827409,first,1,113,-26,-18,fourth,4,1249,0,-3,second,2,2589,-9,-3,third,3,2559,-4,-1,zero,0,706,-26,-18
1601812829689051455,first,1,54,-32,-13,fourth,4,1248,0,-3,second,2,2569,-10,-3,third,3,2556,0,-1,zero,0,648,-32,-19
1601812829801584704,first,1,5,-27,-13,fourth,4,1249,0,-3,second,2,2552,-9,-3,third,3,2556,0,-2,zero,0,585,-35,-19
1601812829913123693,first,1,-59,-33,-14,fourth,4,1249,0,-3,second,2,2531,-11,-3,third,3,2553,0,-2,zero,0,510,-42,-19
1601812830025528675,first,1,-126,-37,-10,fourth,4,1249,0,-3,second,2,2508,-11,-2,third,3,2537,-7,-4,zero,0,431,-42,-12
1601812830136869249,first,1,-183,-31,-10,fourth,4,1250,0,-3,second,2,2489,-9,-1,third,3,2515,-10,-4,zero,0,371,-33,-17
1601812830249647797,first,1,-240,-31,-13,fourth,4,1250,0,-3,second,2,2467,-11,-3,third,3,2494,-11,-1,zero,0,309,-34,-16
1601812830361466479,first,1,-290,-28,-7,fourth,4,1251,0,-2,second,2,2445,-12,-1,third,3,2478,-8,-1,zero,0,250,-30,-14
1601812830472964884,first,1,-319,-15,-8,fourth,4,1251,0,-2,second,2,2426,-9,-1,third,3,2465,-6,-1,zero,0,214,-18,-17
1601812830584877197,first,1,-344,-12,-12,fourth,4,1251,0,-2,second,2,2407,-9,-3,third,3,2455,-5,-1,zero,0,183,-16,-18
1601812830697532577,first,1,-372,-15,-10,fourth,4,1252,0,-2,second,2,2389,-9,-2,third,3,2444,-5,-1,zero,0,157,-12,-16
1601812830808690972,first,1,-396,-12,-11,fourth,4,1253,0,-2,second,2,2375,-7,-2,third,3,2436,-4,-1,zero,0,141,-8,-19
1601812830921293687,first,1,-425,-15,-16,fourth,4,1253,0,-2,second,2,2360,-7,-5,third,3,2434,0,-1,zero,0,113,-14,-17
1601812831032925414,first,1,-458,-17,-12,fourth,4,1254,0,-2,second,2,2345,-7,-2,third,3,2434,0,-2,zero,0,79,-17,-17
1601812831144284687,first,1,-484,-13,-16,fourth,4,1254,0,-2,second,2,2334,-6,-3,third,3,2433,0,-4,zero,0,49,-16,-18
1601812831255985966,first,1,-521,-20,-18,fourth,4,1255,0,-2,second,2,2321,-6,-4,third,3,2431,0,-4,zero,0,22,-14,-18
1601812831368636259,first,1,-559,-20,-15,fourth,4,1255,0,-2,second,2,2308,-6,-4,third,3,2420,-5,-4,zero,0,-12,-18,-20
1601812831480653048,first,1,-582,-11,-16,fourth,4,1256,0,-2,second,2,2293,-6,-4,third,3,2405,-7,-5,zero,0,-46,-18,-21
1601812831592684374,first,1,-613,-16,-19,fourth,4,1256,0,-2,second,2,2275,-9,-5,third,3,2394,-5,-6,zero,0,-76,-16,-17
1601812831703951025,first,1,-646,-17,-16,fourth,4,1257,0,-2,second,2,2258,-8,-4,third,3,2393,0,-4,zero,0,-105,-15,-19
1601812831815897600,first,1,-665,-10,-20,fourth,4,1258,0,-2,second,2,2246,-5,-5,third,3,2393,0,-6,zero,0,-126,-9,-22
1601812831927996857,first,1,-687,-11,-20,fourth,4,1258,0,-2,second,2,2237,-5,-5,third,3,2393,0,-8,zero,0,-129,0,-19
1601812832040598103,first,1,-696,-4,-19,fourth,4,1258,0,-2,second,2,2228,-4,-6,third,3,2393,0,-9,zero,0,-129,0,-20
1601812832151982829,first,1,-696,0,-21,fourth,4,1259,0,-2,second,2,2227,0,-7,third,3,2393,0,-10,zero,0,-129,0,-21
1601812832264749213,first,1,-696,0,-19,fourth,4,1259,0,-3,second,2,2226,0,-10,third,3,2392,0,-12,zero,0,-129,0,-20
1601812832376113304,first,1,-696,0,-18,fourth,4,1259,0,-4,second,2,2226,0,-7,third,3,2388,0,-13,zero,0,-129,0,-19
1601812832488084318,first,1,-696,0,-18,fourth,4,1259,0,-2,second,2,2225,0,-10,third,3,2379,-3,-13,zero,0,-130,0,-21
1601812832599973056,first,1,-696,0,-19,fourth,4,1259,0,-4,second,2,2210,-10,-10,third,3,2364,-7,-14,zero,0,-130,0,-16
1601812832712307473,first,1,-696,0,-19,fourth,4,1259,0,-4,second,2,2174,-18,-10,third,3,2347,-8,-13,zero,0,-130,0,-21
1601812832824146464,first,1,-696,0,-18,fourth,4,1259,0,-3,second,2,2145,-15,-10,third,3,2333,-6,-16,zero,0,-130,0,-21
1601812832935987553,first,1,-696,0,-19,fourth,4,1255,0,-3,second,2,2127,-9,-11,third,3,2330,-2,-16,zero,0,-130,0,-20
1601812833048133699,first,1,-696,0,-21,fourth,4,1246,-4,-3,second,2,2116,-5,-8,third,3,2324,-2,-15,zero,0,-130,0,-20
1601812833160426199,first,1,-696,0,-18,fourth,4,1245,0,-4,second,2,2116,0,-10,third,3,2319,-2,-17,zero,0,-130,0,-19
1601812833272215708,first,1,-696,0,-18,fourth,4,1245,0,-4,second,2,2116,0,-13,third,3,2313,-2,-19,zero,0,-131,0,-20
1601812833384107683,first,1,-696,0,-20,fourth,4,1246,0,-3,second,2,2116,0,-13,third,3,2312,0,-18,zero,0,-131,0,-19
1601812833496091673,first,1,-696,0,-18,fourth,4,1245,0,-5,second,2,2116,0,-15,third,3,2312,0,-21,zero,0,-131,0,-20
1601812833607708960,first,1,-696,0,-21,fourth,4,1245,0,-5,second,2,2112,-1,-19,third,3,2312,0,-20,zero,0,-131,0,-21
1601812833721380815,first,1,-696,0,-18,fourth,4,1245,0,-4,second,2,2085,-14,-16,third,3,2311,0,-20,zero,0,-131,0,-16
1601812833831835532,first,1,-696,0,-21,fourth,4,1241,0,-7,second,2,2052,-17,-17,third,3,2309,0,-20,zero,0,-132,0,-19
1601812833944220150,first,1,-696,0,-20,fourth,4,1229,-6,-6,second,2,2016,-19,-19,third,3,2289,-11,-20,zero,0,-134,0,-18
1601812834056357969,first,1,-696,0,-19,fourth,4,1209,-9,-7,second,2,1979,-20,-16,third,3,2250,-20,-19,zero,0,-149,-9,-18
1601812834168257699,first,1,-697,0,-20,fourth,4,1188,-10,-5,second,2,1944,-19,-19,third,3,2207,-23,-19,zero,0,-179,-16,-20
1601812834280256457,first,1,-701,-1,-19,fourth,4,1168,-10,-7,second,2,1896,-27,-21,third,3,2169,-21,-20,zero,0,-205,-14,-19
1601812834392166716,first,1,-730,-16,-19,fourth,4,1149,-10,-5,second,2,1842,-30,-18,third,3,2130,-21,-20,zero,0,-222,-8,-20
1601812834504157330,first,1,-754,-12,-19,fourth,4,1134,-7,-6,second,2,1805,-19,-17,third,3,2104,-13,-18,zero,0,-249,-15,-20
1601812834616239627,first,1,-777,-11,-19,fourth,4,1121,-6,-7,second,2,1780,-13,-17,third,3,2084,-10,-19,zero,0,-287,-19,-21
1601812834728492933,first,1,-802,-13,-20,fourth,4,1112,-4,-4,second,2,1754,-13,-17,third,3,2066,-9,-20,zero,0,-320,-17,-21
1601812834840135716,first,1,-828,-13,-19,fourth,4,1112,0,-7,second,2,1732,-12,-18,third,3,2060,-1,-18,zero,0,-351,-16,-20
1601812834952177272,first,1,-853,-13,-21,fourth,4,1110,0,-10,second,2,1711,-11,-21,third,3,2061,0,-20,zero,0,-381,-15,-20
1601812835064351058,first,1,-881,-15,-21,fourth,4,1107,0,-11,second,2,1695,-7,-18,third,3,2061,0,-18,zero,0,-403,-11,-18
1601812835176284805,first,1,-904,-12,-20,fourth,4,1107,0,-13,second,2,1694,0,-20,third,3,2060,0,-21,zero,0,-425,-12,-20
1601812835288191578,first,1,-924,-10,-20,fourth,4,1103,0,-15,second,2,1694,0,-19,third,3,2060,0,-19,zero,0,-449,-12,-19
1601812835400207827,first,1,-945,-10,-20,fourth,4,1096,-3,-12,second,2,1694,0,-19,third,3,2060,0,-19,zero,0,-468,-9,-19
1601812835514936955,first,1,-962,-9,-19,fourth,4,1094,0,-18,second,2,1694,0,-19,third,3,2060,0,-21,zero,0,-482,-7,-21
1601812835624193988,first,1,-967,-1,-19,fourth,4,1093,0,-20,second,2,1694,0,-18,third,3,2060,0,-20,zero,0,-496,-6,-18
1601812835736146335,first,1,-967,0,-19,fourth,4,1093,0,-20,second,2,1694,0,-20,third,3,2059,0,-17,zero,0,-507,-5,-19
1601812835848470086,first,1,-968,0,-21,fourth,4,1092,0,-20,second,2,1694,0,-19,third,3,2058,0,-21,zero,0,-509,0,-20
1601812835959757540,first,1,-967,0,-21,fourth,4,1093,0,-20,second,2,1694,0,-19,third,3,2048,-4,-18,zero,0,-509,0,-20
1601812836072398691,first,1,-968,0,-20,fourth,4,1088,-1,-18,second,2,1694,0,-20,third,3,2041,-3,-20,zero,0,-509,0,-23
1601812836184813620,first,1,-967,0,-19,fourth,4,1077,-4,-20,second,2,1694,0,-20,third,3,2041,0,-20,zero,0,-510,0,-20
1601812836296823116,first,1,-968,0,-18,fourth,4,1071,-2,-19,second,2,1694,0,-20,third,3,2041,0,-20,zero,0,-510,0,-20
1601812836409067708,first,1,-968,0,-19,fourth,4,1071,0,-19,second,2,1694,0,-20,third,3,2040,0,-19,zero,0,-510,0,-23
1601812836520420056,first,1,-968,0,-19,fourth,4,1071,0,-21,second,2,1694,0,-19,third,3,2040,0,-20,zero,0,-510,0,-22
1601812836632648488,first,1,-968,0,-21,fourth,4,1071,0,-20,second,2,1694,0,-20,third,3,2040,0,-21,zero,0,-510,0,-19
1601812836744666221,first,1,-968,0,-20,fourth,4,1071,0,-20,second,2,1694,0,-19,third,3,2040,0,-18,zero,0,-511,0,-19
1601812836855870174,first,1,-968,0,-20,fourth,4,1071,0,-21,second,2,1694,0,-21,third,3,2040,0,-18,zero,0,-511,0,-17
1601812836968428790,first,1,-967,0,-19,fourth,4,1071,0,-19,second,2,1694,0,-20,third,3,2040,0,-19,zero,0,-511,0,-20
1601812837081372385,first,1,-968,0,-18,fourth,4,1071,0,-20,second,2,1694,0,-18,third,3,2040,0,-20,zero,0,-511,0,-18
1601812837192719099,first,1,-968,0,-20,fourth,4,1070,0,-20,second,2,1694,0,-21,third,3,2040,0,-19,zero,0,-511,0,-21
1601812837304373760,first,1,-968,0,-21,fourth,4,1070,0,-19,second,2,1693,0,-18,third,3,2040,0,-20,zero,0,-511,0,-19
1601812837417108875,first,1,-968,0,-18,fourth,4,1070,0,-19,second,2,1694,0,-20,third,3,2040,0,-19,zero,0,-511,0,-20
1601812837528626820,first,1,-969,0,-17,fourth,4,1069,0,-20,second,2,1694,0,-20,third,3,2040,0,-18,zero,0,-511,0,-21
1601812837641085913,first,1,-968,0,-12,fourth,4,1069,0,-21,second,2,1694,0,-20,third,3,2039,0,-19,zero,0,-511,0,-17
1601812837751592283,first,1,-968,0,-10,fourth,4,1069,0,-21,second,2,1694,0,-19,third,3,2040,0,-18,zero,0,-512,0,-20
1601812837864566095,first,1,-968,0,-12,fourth,4,1069,0,-21,second,2,1693,0,-21,third,3,2040,0,-19,zero,0,-511,0,-20
1601812837976746040,first,1,-968,0,-9,fourth,4,1069,0,-19,second,2,1694,0,-19,third,3,2039,0,-18,zero,0,-511,0,-21
1601812838088525171,first,1,-968,0,-6,fourth,4,1069,0,-19,second,2,1693,0,-20,third,3,2040,0,-21,zero,0,-511,0,-22
1601812838200531680,first,1,-967,0,-4,fourth,4,1068,0,-20,second,2,1694,0,-20,third,3,2040,0,-19,zero,0,-512,0,-21
1601812838313079288,first,1,-965,0,-1,fourth,4,1069,0,-20,second,2,1693,0,-20,third,3,2039,0,-21,zero,0,-512,0,-20
1601812838424348441,first,1,-962,0,0,fourth,4,1068,0,-19,second,2,1693,0,-20,third,3,2039,0,-20,zero,0,-512,0,-20
1601812838536424416,first,1,-946,9,2,fourth,4,1068,0,-21,second,2,1694,0,-18,third,3,2039,0,-20,zero,0,-512,0,-18
1601812838648449215,first,1,-885,34,1,fourth,4,1068,0,-20,second,2,1693,0,-20,third,3,2039,0,-19,zero,0,-512,0,-21
1601812838760522009,first,1,-804,45,2,fourth,4,1068,0,-19,second,2,1693,0,-21,third,3,2039,0,-21,zero,0,-512,0,-21
1601812838873170619,first,1,-711,52,1,fourth,4,1068,0,-20,second,2,1694,0,-20,third,3,2039,0,-18,zero,0,-512,0,-22
1601812838984354430,first,1,-647,33,1,fourth,4,1067,0,-20,second,2,1694,0,-19,third,3,2039,0,-19,zero,0,-512,0,-19
1601812839096224979,first,1,-651,-3,-5,fourth,4,1066,0,-19,second,2,1693,0,-20,third,3,2039,0,-20,zero,0,-512,0,-17
1601812839208915279,first,1,-676,-12,-2,fourth,4,1066,0,-21,second,2,1694,0,-20,third,3,2037,0,-19,zero,0,-512,0,-16
1601812839320461951,first,1,-678,0,1,fourth,4,1066,0,-21,second,2,1694,0,-19,third,3,2029,-2,-18,zero,0,-512,0,-11
1601812839432483061,first,1,-641,20,1,fourth,4,1065,0,-21,second,2,1693,0,-20,third,3,2014,-7,-18,zero,0,-512,0,-10
1601812839544161096,first,1,-575,37,2,fourth,4,1045,-10,-18,second,2,1694,0,-20,third,3,1995,-9,-20,zero,0,-512,0,-6
1601812839656166140,first,1,-487,49,1,fourth,4,1017,-15,-19,second,2,1694,0,-19,third,3,1966,-14,-18,zero,0,-511,0,-4
1601812839768524732,first,1,-383,58,1,fourth,4,995,-12,-18,second,2,1680,-10,-20,third,3,1941,-13,-20,zero,0,-506,1,0
1601812839880441845,first,1,-303,43,-6,fourth,4,985,-5,-21,second,2,1627,-32,-20,third,3,1919,-11,-20,zero,0,-485,17,1
1601812839992965151,first,1,-297,1,-3,fourth,4,967,-9,-20,second,2,1562,-35,-19,third,3,1891,-14,-20,zero,0,-400,54,2
1601812840103752474,first,1,-302,0,0,fourth,4,921,-25,-18,second,2,1516,-23,-21,third,3,1856,-18,-19,zero,0,-272,72,1
1601812840218179389,first,1,-294,3,1,fourth,4,872,-27,-19,second,2,1490,-12,-19,third,3,1818,-19,-20,zero,0,-177,41,-17
1601812840329221057,first,1,-253,22,2,fourth,4,837,-19,-18,second,2,1470,-10,-20,third,3,1777,-21,-20,zero,0,-159,3,-12
1601812840440352565,first,1,-186,37,3,fourth,4,806,-16,-20,second,2,1450,-10,-20,third,3,1744,-17,-19,zero,0,-160,0,-7
1601812840553008138,first,1,-97,49,2,fourth,4,787,-10,-20,second,2,1429,-11,-21,third,3,1716,-15,-21,zero,0,-158,0,-3
1601812840665162813,first,1,-26,37,2,fourth,4,780,-3,-21,second,2,1403,-13,-19,third,3,1693,-12,-18,zero,0,-156,0,0
1601812840776370923,first,1,-23,0,0,fourth,4,763,-8,-21,second,2,1381,-11,-20,third,3,1680,-5,-19,zero,0,-139,12,1
1601812840888674004,first,1,-13,3,3,fourth,4,740,-12,-19,second,2,1372,-2,-19,third,3,1676,-1,-20,zero,0,-72,41,2
1601812841000354691,first,1,29,23,2,fourth,4,726,-6,-20,second,2,1372,0,-20,third,3,1655,-11,-19,zero,0,35,63,1
1601812841112770979,first,1,96,38,1,fourth,4,703,-12,-20,second,2,1372,0,-19,third,3,1629,-13,-18,zero,0,164,72,1
1601812841224743895,first,1,182,47,1,fourth,4,662,-22,-19,second,2,1372,0,-19,third,3,1611,-9,-18,zero,0,256,37,1
1601812841336356374,first,1,280,54,1,fourth,4,632,-15,-19,second,2,1372,0,-18,third,3,1590,-10,-20,zero,0,269,1,-5
1601812841448301524,first,1,348,35,2,fourth,4,625,-2,-19,second,2,1372,0,-16,third,3,1570,-10,-21,zero,0,270,0,-2
1601812841560166027,first,1,345,-2,-6,fourth,4,625,0,-21,second,2,1372,0,-16,third,3,1568,0,-19,zero,0,273,0,-2
1601812841672287541,first,1,320,-13,-2,fourth,4,625,0,-18,second,2,1372,0,-15,third,3,1568,0,-19,zero,0,277,0,0
1601812841784342206,first,1,317,0,1,fourth,4,625,0,-20,second,2,1372,0,-15,third,3,1568,0,-18,zero,0,293,11,1
1601812841897166659,first,1,354,20,1,fourth,4,625,0,-20,second,2,1372,0,-15,third,3,1568,0,-20,zero,0,350,33,2
1601812842009662869,first,1,419,36,1,fourth,4,624,0,-19,second,2,1372,0,-13,third,3,1568,0,-20,zero,0,431,46,1
1601812842120331005,first,1,505,48,2,fourth,4,606,-10,-19,second,2,1372,0,-12,third,3,1568,0,-20,zero,0,527,54,1
1601812842232363437,first,1,611,59,2,fourth,4,575,-16,-20,second,2,1372,0,-10,third,3,1568,0,-19,zero,0,635,61,1
1601812842344515626,first,1,690,42,2,fourth,4,551,-11,-19,second,2,1372,0,-8,third,3,1559,-4,-18,zero,0,714,31,2
1601812842456219673,first,1,696,0,-2,fourth,4,535,-8,-19,second,2,1372,0,-6,third,3,1527,-17,-20,zero,0,720,0,0
1601812842568453502,first,1,695,0,0,fourth,4,521,-7,-16,second,2,1373,0,-4,third,3,1505,-11,-20,zero,0,730,7,2
1601812842680422551,first,1,703,3,1,fourth,4,510,-5,-16,second,2,1374,0,-3,third,3,1502,0,-19,zero,0,775,27,2
1601812842791792635,first,1,744,23,2,fourth,4,509,0,-16,second,2,1375,0,-5,third,3,1502,0,-19,zero,0,843,38,2
1601812842903692073,first,1,813,38,2,fourth,4,505,-1,-15,second,2,1375,0,-3,third,3,1502,0,-20,zero,0,920,43,2
1601812843015772042,first,1,898,47,1,fourth,4,488,-8,-16,second,2,1376,0,2,third,3,1502,0,-20,zero,0,999,45,1
1601812843127746408,first,1,953,29,1,fourth,4,473,-7,-14,second,2,1378,0,1,third,3,1502,0,-20,zero,0,1047,16,0
1601812843239772021,first,1,956,0,0,fourth,4,472,0,-14,second,2,1380,0,0,third,3,1496,-2,-21,zero,0,1048,0,0
1601812843352159974,first,1,957,0,0,fourth,4,471,0,-10,second,2,1401,16,1,third,3,1489,-3,-19,zero,0,1054,3,2
1601812843463622872,first,1,969,5,1,fourth,4,472,0,-12,second,2,1479,48,2,third,3,1489,0,-21,zero,0,1084,17,1
1601812843575714927,first,1,1011,23,1,fourth,4,471,0,-10,second,2,1557,34,5,third,3,1489,0,-18,zero,0,1133,27,1
1601812843687697935,first,1,1079,38,2,fourth,4,471,0,-8,second,2,1568,1,-3,third,3,1489,0,-18,zero,0,1194,34,1
1601812843799667037,first,1,1167,49,2,fourth,4,465,-2,-10,second,2,1568,0,-2,third,3,1489,0,-21,zero,0,1263,38,1
1601812843911854420,first,1,1234,35,2,fourth,4,451,-6,-7,second,2,1568,0,0,third,3,1489,0,-21,zero,0,1335,38,2
1601812844023911741,first,1,1231,-2,-5,fourth,4,448,0,-6,second,2,1569,0,0,third,3,1489,0,-19,zero,0,1405,39,2
1601812844135728436,first,1,1223,-2,0,fourth,4,448,0,-6,second,2,1572,0,0,third,3,1489,0,-19,zero,0,1475,39,1
1601812844248089153,first,1,1231,3,1,fourth,4,448,0,-4,second,2,1588,12,1,third,3,1489,0,-16,zero,0,1545,38,1
1601812844359614447,first,1,1269,20,1,fourth,4,448,0,-4,second,2,1651,39,1,third,3,1489,0,-15,zero,0,1587,13,0
1601812844471693684,first,1,1330,34,1,fourth,4,448,0,-4,second,2,1740,50,1,third,3,1489,0,-11,zero,0,1592,2,2
1601812844583743329,first,1,1406,41,1,fourth,4,448,0,-3,second,2,1802,25,3,third,3,1489,0,-11,zero,0,1615,12,2
1601812844696853093,first,1,1456,25,-9,fourth,4,448,0,-1,second,2,1806,0,-2,third,3,1489,0,-7,zero,0,1653,20,2
1601812844808190627,first,1,1456,0,-1,fourth,4,449,0,0,second,2,1794,-6,-1,third,3,1490,0,-5,zero,0,1700,25,2
1601812844919802408,first,1,1453,0,0,fourth,4,448,0,0,second,2,1795,3,1,third,3,1493,0,-4,zero,0,1755,30,2
1601812845031808279,first,1,1455,0,0,fourth,4,450,0,0,second,2,1832,23,1,third,3,1496,0,1,zero,0,1814,32,1
1601812845143962786,first,1,1465,4,2,fourth,4,454,0,0,second,2,1899,39,1,third,3,1502,2,0,zero,0,1876,34,2
1601812845255697675,first,1,1504,21,2,fourth,4,457,0,0,second,2,1955,22,1,third,3,1506,2,1,zero,0,1939,34,1
1601812845367767891,first,1,1561,31,1,fourth,4,470,6,1,second,2,1959,0,-1,third,3,1527,11,1,zero,0,1974,10,0
1601812845479756347,first,1,1599,19,-1,fourth,4,517,25,1,second,2,1959,0,0,third,3,1606,44,1,zero,0,1974,0,0
1601812845591696915,first,1,1599,0,-2,fourth,4,562,24,1,second,2,1969,7,2,third,3,1686,42,-3,zero,0,1980,3,2
1601812845703742576,first,1,1598,0,0,fourth,4,564,0,0,second,2,2014,28,1,third,3,1707,10,4,zero,0,2004,13,1
1601812845815827124,first,1,1599,0,0,fourth,4,564,0,0,second,2,2086,42,1,third,3,1710,1,0,zero,0,2040,20,1
1601812845928570146,first,1,1600,0,0,fourth,4,566,0,0,second,2,2149,24,1,third,3,1714,1,0,zero,0,2086,26,1
1601812846039780473,first,1,1611,5,3,fourth,4,577,4,2,second,2,2152,0,0,third,3,1733,10,2,zero,0,2139,28,2
1601812846151763950,first,1,1654,23,1,fourth,4,616,21,1,second,2,2162,7,1,third,3,1794,35,1,zero,0,2197,32,2
1601812846264714522,first,1,1694,21,1,fourth,4,678,34,1,second,2,2209,29,1,third,3,1876,45,1,zero,0,2257,33,1
1601812846375967456,first,1,1694,0,-1,fourth,4,727,25,1,second,2,2289,46,2,third,3,1932,29,1,zero,0,2296,11,0
1601812846487781805,first,1,1694,0,-1,fourth,4,724,0,-4,second,2,2355,26,1,third,3,1934,0,-3,zero,0,2287,-6,-2
1601812846600439700,first,1,1694,0,-1,fourth,4,710,-6,-1,second,2,2356,-1,-4,third,3,1934,0,0,zero,0,2274,-2,0
1601812846711876692,first,1,1694,0,0,fourth,4,707,0,0,second,2,2341,-8,-1,third,3,1937,0,0,zero,0,2280,3,2
1601812846823839391,first,1,1694,0,-1,fourth,4,715,3,1,second,2,2338,0,0,third,3,1949,6,1,zero,0,2307,15,2
1601812846935385714,first,1,1694,0,0,fourth,4,751,19,2,second,2,2351,8,2,third,3,1993,23,1,zero,0,2352,25,1
1601812847047867193,first,1,1694,0,0,fourth,4,804,29,1,second,2,2401,31,1,third,3,2054,33,1,zero,0,2384,9,0
1601812847160275554,first,1,1693,0,0,fourth,4,850,23,1,second,2,2480,45,2,third,3,2126,40,1,zero,0,2384,0,0
1601812847271859655,first,1,1694,0,-1,fourth,4,853,0,0,second,2,2574,52,1,third,3,2203,42,1,zero,0,2384,0,0
1601812847383929004,first,1,1694,0,-1,fourth,4,854,0,0,second,2,2638,25,2,third,3,2248,22,0,zero,0,2384,0,0
1601812847496293362,first,1,1690,0,-2,fourth,4,857,0,0,second,2,2641,0,-3,third,3,2245,0,-2,zero,0,2384,0,0
1601812847608094611,first,1,1674,-8,-3,fourth,4,870,6,1,second,2,2627,-6,-1,third,3,2241,-1,0,zero,0,2384,0,0
1601812847719928220,first,1,1654,-10,-2,fourth,4,912,22,1,second,2,2623,0,0,third,3,2241,0,0,zero,0,2384,0,0
1601812847831848428,first,1,1639,-8,-2,fourth,4,950,20,1,second,2,2632,6,2,third,3,2250,4,1,zero,0,2384,0,0
1601812847943912781,first,1,1624,-7,-2,fourth,4,950,0,0,second,2,2674,24,1,third,3,2285,19,1,zero,0,2384,0,0
1601812848055816702,first,1,1612,-6,-2,fourth,4,954,0,0,second,2,2744,40,1,third,3,2335,27,2,zero,0,2384,0,0
1601812848167962193,first,1,1600,-6,-3,fourth,4,967,6,1,second,2,2830,47,1,third,3,2395,32,1,zero,0,2383,0,0
1601812848279811138,first,1,1587,-6,-3,fourth,4,1012,25,2,second,2,2888,22,2,third,3,2432,18,0,zero,0,2371,-7,-4
1601812848391429036,first,1,1572,-7,-3,fourth,4,1074,35,1,second,2,2892,0,-3,third,3,2434,0,0,zero,0,2340,-17,-1
1601812848503440857,first,1,1551,-9,-6,fourth,4,1115,21,1,second,2,2892,0,-1,third,3,2441,3,2,zero,0,2297,-24,-3
1601812848615422842,first,1,1529,-11,-6,fourth,4,1115,0,-2,second,2,2892,0,0,third,3,2477,19,2,zero,0,2242,-29,-2
1601812848727411222,first,1,1502,-13,-7,fourth,4,1110,-1,0,second,2,2893,0,0,third,3,2529,28,1,zero,0,2215,-5,0
1601812848839621098,first,1,1475,-14,-8,fourth,4,1112,0,0,second,2,2903,7,1,third,3,2563,16,0,zero,0,2214,0,0
1601812848951478656,first,1,1448,-14,-6,fourth,4,1114,0,0,second,2,2944,24,1,third,3,2563,0,-1,zero,0,2212,0,0
1601812849063871485,first,1,1431,-8,-7,fourth,4,1123,5,1,second,2,2983,15,2,third,3,2563,0,0,zero,0,2202,-7,-3
1601812849176082748,first,1,1413,-8,-9,fourth,4,1166,23,1,second,2,2983,0,0,third,3,2570,2,2,zero,0,2167,-20,-3
1601812849287267444,first,1,1389,-12,-11,fourth,4,1226,33,1,second,2,2984,0,0,third,3,2603,17,1,zero,0,2110,-33,-5
1601812849400162606,first,1,1344,-24,-16,fourth,4,1267,21,-3,second,2,2984,0,0,third,3,2653,28,2,zero,0,2037,-41,-6
1601812849512019988,first,1,1274,-38,-18,fourth,4,1265,0,-2,second,2,2984,0,0,third,3,2710,30,1,zero,0,1957,-45,-5
1601812849624159120,first,1,1175,-56,-17,fourth,4,1255,-4,-1,second,2,2984,0,0,third,3,2744,16,0,zero,0,1879,-43,-3
1601812849736170470,first,1,1068,-61,-12,fourth,4,1255,0,0,second,2,2984,0,0,third,3,2744,0,0,zero,0,1810,-37,-2
1601812849848188081,first,1,988,-44,-9,fourth,4,1257,0,0,second,2,2983,0,0,third,3,2744,0,0,zero,0,1775,-9,0
1601812849960355538,first,1,957,-15,-5,fourth,4,1261,0,0,second,2,2984,0,0,third,3,2744,0,0,zero,0,1775,0,0
1601812850072326028,first,1,958,0,0,fourth,4,1262,0,0,second,2,2984,0,0,third,3,2744,0,0,zero,0,1775,0,0
1601812850183629346,first,1,959,0,-2,fourth,4,1262,0,0,second,2,2984,0,0,third,3,2744,0,0,zero,0,1775,0,0
1601812850296394401,first,1,959,0,-2,fourth,4,1262,0,0,second,2,2984,0,0,third,3,2744,0,0,zero,0,1775,0,0
1601812850407942434,first,1,960,0,-2,fourth,4,1262,0,0,second,2,2983,0,0,third,3,2744,0,0,zero,0,1775,0,0
1601812850520172274,first,1,959,0,-2,fourth,4,1262,0,0,second,2,2984,0,0,third,3,2744,0,0,zero,0,1774,0,0
1601812850632094853,first,1,960,0,-2,fourth,4,1262,0,0,second,2,2984,0,0,third,3,2744,0,0,zero,0,1775,0,0
1601812850743978632,first,1,959,0,-2,fourth,4,1262,0,0,second,2,2984,0,0,third,3,2744,0,0,zero,0,1775,0,0
1601812850855915133,first,1,960,0,-2,fourth,4,1262,0,0,second,2,2984,0,0,third,3,2744,0,0,zero,0,1775,0,0
1601812850968103628,first,1,960,0,-2,fourth,4,1262,0,0,second,2,2984,0,0,third,3,2744,0,0,zero,0,1775,0,0
1601812851080014243,first,1,960,0,-2,fourth,4,1262,0,0,second,2,2984,0,0,third,3,2744,0,0,zero,0,1775,0,0
1601812851192090660,first,1,959,0,-2,fourth,4,1262,0,0,second,2,2984,0,0,third,3,2744,0,0,zero,0,1774,0,0
1601812851304191884,first,1,960,0,-2,fourth,4,1262,0,0,second,2,2984,0,0,third,3,2744,0,0,zero,0,1775,0,0
1601812851415857743,first,1,960,0,-2,fourth,4,1262,0,0,second,2,2984,0,0,third,3,2744,0,0,zero,0,1775,0,0
1601812851528572697,first,1,960,0,-2,fourth,4,1262,0,0,second,2,2984,0,0,third,3,2744,0,0,zero,0,1774,0,0
1601812851640086762,first,1,960,0,-2,fourth,4,1262,0,0,second,2,2984,0,0,third,3,2744,0,0,zero,0,1774,0,0
1601812851751988646,first,1,960,0,-2,fourth,4,1262,0,0,second,2,2984,0,0,third,3,2744,0,0,zero,0,1775,0,0
1601812851863969737,first,1,960,0,-2,fourth,4,1262,0,0,second,2,2984,0,0,third,3,2744,0,0,zero,0,1775,0,0
1601812851975859608,first,1,960,0,-2,fourth,4,1262,0,0,second,2,2984,0,0,third,3,2744,0,0,zero,0,1775,0,0
1601812852087991819,first,1,960,0,-2,fourth,4,1262,0,0,second,2,2984,0,0,third,3,2744,0,0,zero,0,1775,0,0
1601812852199974684,first,1,959,0,-2,fourth,4,1262,0,0,second,2,2984,0,0,third,3,2744,0,0,zero,0,1775,0,0
1601812852311706753,first,1,960,0,-3,fourth,4,1262,0,0,second,2,2984,0,0,third,3,2744,0,0,zero,0,1775,0,0
1601812852424302010,first,1,960,0,-3,fourth,4,1262,0,0,second,2,2984,0,0,third,3,2744,0,0,zero,0,1775,0,0
1601812852536091253,first,1,960,0,-1,fourth,4,1262,0,0,second,2,2984,0,0,third,3,2744,0,0,zero,0,1775,0,0
1601812852647867585,first,1,960,0,-3,fourth,4,1262,0,0,second,2,2984,0,0,third,3,2744,0,0,zero,0,1774,0,0
1601812852760004493,first,1,960,0,-2,fourth,4,1262,0,0,second,2,2984,0,0,third,3,2744,0,0,zero,0,1775,0,0
1601812852871731057,first,1,960,0,-3,fourth,4,1262,0,0,second,2,2984,0,0,third,3,2744,0,0,zero,0,1775,0,0
1601812852983995413,first,1,960,0,-2,fourth,4,1262,0,0,second,2,2984,0,0,third,3,2744,0,0,zero,0,1774,0,0
1601812853095380717,first,1,960,0,-2,fourth,4,1262,0,0,second,2,2984,0,0,third,3,2744,0,0,zero,0,1775,0,0
1601812853207521415,first,1,960,0,-2,fourth,4,1262,0,0,second,2,2984,0,0,third,3,2744,0,0,zero,0,1775,0,0
1601812853320670461,first,1,960,0,-2,fourth,4,1262,0,0,second,2,2984,0,0,third,3,2744,0,0,zero,0,1775,0,0
1601812853431985298,first,1,960,0,-2,fourth,4,1262,0,0,second,2,2984,0,0,third,3,2744,0,0,zero,0,1775,0,0
1601812853544137656,first,1,960,0,-2,fourth,4,1262,0,0,second,2,2984,0,0,third,3,2744,0,0,zero,0,1774,0,0
1601812853656156554,first,1,960,0,-2,fourth,4,1262,0,0,second,2,2984,0,0,third,3,2744,0,0,zero,0,1775,0,0
1601812853767425012,first,1,961,0,-2,fourth,4,1262,0,0,second,2,2984,0,0,third,3,2744,0,0,zero,0,1775,0,0
1601812853879263905,first,1,960,0,-2,fourth,4,1262,0,0,second,2,2984,0,0,third,3,2744,0,0,zero,0,1775,0,0
1601812853991496839,first,1,960,0,-2,fourth,4,1262,0,0,second,2,2984,0,0,third,3,2744,0,0,zero,0,1775,0,0
1601812854103855484,first,1,961,0,-2,fourth,4,1262,0,0,second,2,2984,0,0,third,3,2744,0,0,zero,0,1775,0,0
1601812854215249703,first,1,960,0,-2,fourth,4,1262,0,0,second,2,2984,0,0,third,3,2744,0,0,zero,0,1775,0,0
1601812854327259804,first,1,961,0,-2,fourth,4,1262,0,0,second,2,2984,0,0,third,3,2744,0,0,zero,0,1775,0,0
1601812854439958707,first,1,960,0,-2,fourth,4,1262,0,0,second,2,2984,0,0,third,3,2744,0,0,zero,0,1774,0,0
1601812854551576806,first,1,960,0,-2,fourth,4,1262,0,0,second,2,2984,0,0,third,3,2744,0,0,zero,0,1775,0,0
1601812854663261699,first,1,960,0,-2,fourth,4,1262,0,0,second,2,2984,0,0,third,3,2744,0,0,zero,0,1775,0,0
1601812854775337011,first,1,960,0,-2,fourth,4,1262,0,0,second,2,2984,0,0,third,3,2744,0,0,zero,0,1775,0,0
1601812854887314283,first,1,960,0,-2,fourth,4,1262,0,0,second,2,2984,0,0,third,3,2744,0,0,zero,0,1775,0,0
1601812854999406979,first,1,960,0,-2,fourth,4,1262,0,0,second,2,2984,0,0,third,3,2744,0,0,zero,0,1774,0,0
1601812855111403549,first,1,960,0,-2,fourth,4,1262,0,0,second,2,2984,0,0,third,3,2744,0,0,zero,0,1775,0,0
1601812855223915543,first,1,960,0,-2,fourth,4,1262,0,0,second,2,2984,0,0,third,3,2744,0,0,zero,0,1775,0,0
1601812855336300464,first,1,960,0,-2,fourth,4,1262,0,0,second,2,2984,0,0,third,3,2744,0,0,zero,0,1775,0,0
1601812855447458755,first,1,960,0,-2,fourth,4,1263,0,0,second,2,2984,0,0,third,3,2744,0,0,zero,0,1775,0,0
1601812855560027567,first,1,960,0,-2,fourth,4,1262,0,0,second,2,2984,0,0,third,3,2744,0,0,zero,0,1775,0,0
1601812855672154889,first,1,960,0,-2,fourth,4,1262,0,0,second,2,2985,0,0,third,3,2744,0,0,zero,0,1775,0,0
1601812855783033587,first,1,960,0,-2,fourth,4,1262,0,0,second,2,2984,0,0,third,3,2744,0,0,zero,0,1774,0,0
1601812855899517283,first,1,960,0,-2,fourth,4,1262,0,0,second,2,2984,0,0,third,3,2744,0,0,zero,0,1775,0,0
1601812856007822217,first,1,960,0,-2,fourth,4,1262,0,0,second,2,2984,0,0,third,3,2744,0,0,zero,0,1775,0,0
1601812856120061583,first,1,960,0,-2,fourth,4,1262,0,0,second,2,2984,0,0,third,3,2744,0,0,zero,0,1775,0,0
1601812856231981351,first,1,960,0,-2,fourth,4,1262,0,0,second,2,2984,0,0,third,3,2744,0,0,zero,0,1775,0,0
1601812856343828712,first,1,960,0,-2,fourth,4,1262,0,0,second,2,2984,0,0,third,3,2744,0,0,zero,0,1775,0,0
1601812856455713469,first,1,960,0,-2,fourth,4,1262,0,0,second,2,2984,0,0,third,3,2744,0,0,zero,0,1775,0,0
1601812856568052064,first,1,960,0,-2,fourth,4,1262,0,0,second,2,2984,0,0,third,3,2744,0,0,zero,0,1775,0,0
1601812856679890607,first,1,961,0,-2,fourth,4,1262,0,0,second,2,2984,0,0,third,3,2744,0,0,zero,0,1775,0,0
1601812856791866720,first,1,960,0,-2,fourth,4,1262,0,0,second,2,2984,0,0,third,3,2744,0,0,zero,0,1775,0,0
1601812856904022537,first,1,960,0,-2,fourth,4,1262,0,0,second,2,2984,0,0,third,3,2744,0,0,zero,0,1775,0,0
1601812857017349518,first,1,961,0,-2,fourth,4,1262,0,0,second,2,2984,0,0,third,3,2744,0,0,zero,0,1775,0,0
1601812857128281490,first,1,960,0,-2,fourth,4,1262,0,0,second,2,2984,0,0,third,3,2744,0,0,zero,0,1775,0,0
1601812857238750907,first,1,960,0,-2,fourth,4,1262,0,0,second,2,2984,0,0,third,3,2744,0,0,zero,0,1775,0,0
1601812857350734274,first,1,961,0,-2,fourth,4,1262,0,0,second,2,2984,0,0,third,3,2744,0,0,zero,0,1774,0,0
1601812857464005731,first,1,960,0,-2,fourth,4,1262,0,0,second,2,2984,0,0,third,3,2744,0,0,zero,0,1774,0,0
1601812857574682290,first,1,960,0,-2,fourth,4,1262,0,0,second,2,2985,0,0,third,3,2744,0,0,zero,0,1775,0,0
1601812857686725557,first,1,960,0,-2,fourth,4,1262,0,0,second,2,2984,0,0,third,3,2744,0,0,zero,0,1775,0,0
1601812857799388176,first,1,961,0,-2,fourth,4,1262,0,0,second,2,2984,0,0,third,3,2744,0,0,zero,0,1775,0,0
1601812857911358351,first,1,960,0,-2,fourth,4,1262,0,0,second,2,2984,0,0,third,3,2744,0,0,zero,0,1774,0,0
1601812858023625046,first,1,961,0,-2,fourth,4,1262,0,0,second,2,2984,0,0,third,3,2744,0,0,zero,0,1775,0,0
1601812858135717025,first,1,960,0,-2,fourth,4,1262,0,0,second,2,2984,0,0,third,3,2744,0,0,zero,0,1775,0,0
1601812858247498658,first,1,960,0,-2,fourth,4,1262,0,0,second,2,2984,0,0,third,3,2744,0,0,zero,0,1774,0,0
1601812858359268201,first,1,960,0,-2,fourth,4,1262,0,0,second,2,2984,0,0,third,3,2744,0,0,zero,0,1775,0,0
1601812858471401553,first,1,960,0,-2,fourth,4,1262,0,0,second,2,2984,0,0,third,3,2744,0,0,zero,0,1775,0,0
1601812858583692504,first,1,960,0,-2,fourth,4,1262,0,0,second,2,2985,0,0,third,3,2744,0,0,zero,0,1775,0,0
1601812858694789628,first,1,960,0,-2,fourth,4,1262,0,0,second,2,2984,0,0,third,3,2744,0,0,zero,0,1775,0,0
1601812858808364682,first,1,960,0,-2,fourth,4,1262,0,0,second,2,2984,0,0,third,3,2744,0,0,zero,0,1775,0,0
1601812858919812053,first,1,960,0,-2,fourth,4,1262,0,0,second,2,2984,0,0,third,3,2744,0,0,zero,0,1775,0,0
