1601108909216170718,first,1,244,0,0,fourth,4,1062,0,0,second,2,2892,0,0,third,3,2671,0,0,zero,0,879,0,0
1601108909328112402,first,1,243,0,0,fourth,4,1062,0,0,second,2,2892,0,0,third,3,2671,0,0,zero,0,879,0,0
1601108909440439709,first,1,243,0,0,fourth,4,1061,0,0,second,2,2892,0,0,third,3,2671,0,0,zero,0,879,0,0
1601108909551978151,first,1,243,0,0,fourth,4,1062,0,0,second,2,2892,0,0,third,3,2671,0,0,zero,0,879,0,0
1601108909664511575,first,1,244,0,0,fourth,4,1062,0,0,second,2,2892,0,0,third,3,2671,0,0,zero,0,879,0,0
1601108909776015197,first,1,244,0,0,fourth,4,1062,0,0,second,2,2892,0,0,third,3,2671,0,0,zero,0,879,0,0
1601108909888745276,first,1,243,0,0,fourth,4,1062,0,0,second,2,2892,0,0,third,3,2671,0,0,zero,0,879,0,0
1601108910000659351,first,1,244,0,0,fourth,4,1062,0,0,second,2,2892,0,0,third,3,2671,0,0,zero,0,879,0,0
1601108910112646835,first,1,244,0,0,fourth,4,1062,0,0,second,2,2892,0,0,third,3,2671,0,0,zero,0,879,0,0
1601108910224607835,first,1,244,0,0,fourth,4,1062,0,0,second,2,2892,0,0,third,3,2671,0,0,zero,0,879,0,0
1601108910336581381,first,1,243,0,0,fourth,4,1062,0,0,second,2,2892,0,0,third,3,2671,0,0,zero,0,879,0,0
1601108910448571501,first,1,243,0,0,fourth,4,1062,0,0,second,2,2892,0,0,third,3,2671,0,0,zero,0,879,0,0
1601108910560519612,first,1,244,0,0,fourth,4,1062,0,0,second,2,2892,0,0,third,3,2671,0,0,zero,0,879,0,0
1601108910672642850,first,1,244,0,0,fourth,4,1062,0,0,second,2,2892,0,0,third,3,2671,0,0,zero,0,879,0,0
1601108910784606563,first,1,244,0,0,fourth,4,1062,0,0,second,2,2892,0,0,third,3,2671,0,0,zero,0,879,0,0
1601108910896592546,first,1,244,0,0,fourth,4,1062,0,0,second,2,2892,0,0,third,3,2671,0,0,zero,0,879,0,0
1601108911008144919,first,1,243,0,0,fourth,4,1062,0,0,second,2,2892,0,0,third,3,2671,0,0,zero,0,879,0,0
1601108911120548330,first,1,244,0,0,fourth,4,1062,0,0,second,2,2892,0,0,third,3,2671,0,0,zero,0,879,0,0
1601108911232164857,first,1,244,0,0,fourth,4,1062,0,0,second,2,2892,0,0,third,3,2671,0,0,zero,0,879,0,0
1601108911343966735,first,1,244,0,0,fourth,4,1062,0,0,second,2,2892,0,0,third,3,2671,0,0,zero,0,879,0,0
1601108911455847086,first,1,244,0,0,fourth,4,1062,0,0,second,2,2892,0,0,third,3,2671,0,0,zero,0,879,0,0
1601108911567866232,first,1,244,0,0,fourth,4,1062,0,0,second,2,2892,0,0,third,3,2671,0,0,zero,0,879,0,0
1601108911679818203,first,1,244,0,0,fourth,4,1062,0,0,second,2,2892,0,0,third,3,2671,0,0,zero,0,879,0,0
1601108911791795494,first,1,244,0,0,fourth,4,1062,0,0,second,2,2892,0,0,third,3,2671,0,0,zero,0,879,0,0
1601108911903871416,first,1,244,0,0,fourth,4,1062,0,0,second,2,2892,0,0,third,3,2671,0,0,zero,0,880,0,0
1601108912015781814,first,1,243,0,0,fourth,4,1061,0,0,second,2,2892,0,0,third,3,2671,0,0,zero,0,879,0,0
1601108912127844330,first,1,244,0,0,fourth,4,1062,0,0,second,2,2892,0,0,third,3,2671,0,0,zero,0,879,0,0
1601108912239813253,first,1,244,0,0,fourth,4,1062,0,0,second,2,2892,0,0,third,3,2671,0,0,zero,0,879,0,0
1601108912351779735,first,1,244,0,0,fourth,4,1062,0,0,second,2,2892,0,0,third,3,2671,0,0,zero,0,879,0,0
1601108912463784144,first,1,244,0,0,fourth,4,1062,0,0,second,2,2892,0,0,third,3,2671,0,0,zero,0,879,0,0
1601108912576670590,first,1,243,0,0,fourth,4,1062,0,0,second,2,2892,0,0,third,3,2671,0,0,zero,0,879,0,0
1601108912688480651,first,1,243,0,0,fourth,4,1061,0,0,second,2,2892,0,0,third,3,2671,0,0,zero,0,879,0,0
1601108912800768624,first,1,244,0,0,fourth,4,1062,0,0,second,2,2892,0,0,third,3,2671,0,0,zero,0,880,0,0
1601108912912541942,first,1,244,0,0,fourth,4,1062,0,0,second,2,2892,0,0,third,3,2671,0,0,zero,0,879,0,0
1601108913024571950,first,1,244,0,0,fourth,4,1062,0,0,second,2,2892,0,0,third,3,2671,0,0,zero,0,879,0,0
1601108913137528893,first,1,244,0,0,fourth,4,1062,0,0,second,2,2892,0,0,third,3,2671,0,0,zero,0,879,0,0
1601108913248413469,first,1,244,0,0,fourth,4,1062,0,0,second,2,2892,0,0,third,3,2671,0,0,zero,0,879,0,0
1601108913360499213,first,1,243,0,0,fourth,4,1062,0,0,second,2,2892,0,0,third,3,2671,0,0,zero,0,879,0,0
1601108913471683518,first,1,243,0,0,fourth,4,1062,0,0,second,2,2892,0,0,third,3,2671,0,0,zero,0,879,0,0
1601108913632528680,first,1,243,0,0,fourth,4,1062,0,0,second,2,2892,0,0,third,3,2671,0,0,zero,0,879,0,0
1601108913744637364,first,1,243,0,0,fourth,4,1062,0,0,second,2,2892,0,0,third,3,2671,0,0,zero,0,879,0,0
1601108913856390721,first,1,244,0,0,fourth,4,1062,0,0,second,2,2892,0,0,third,3,2671,0,0,zero,0,879,0,0
1601108913968491290,first,1,244,0,0,fourth,4,1062,0,0,second,2,2892,0,0,third,3,2671,0,0,zero,0,879,0,0
1601108914080480176,first,1,244,0,0,fourth,4,1062,0,0,second,2,2892,0,0,third,3,2671,0,0,zero,0,879,0,0
1601108914192493618,first,1,244,0,0,fourth,4,1062,0,0,second,2,2892,0,0,third,3,2671,0,0,zero,0,879,0,0
1601108914304532390,first,1,244,0,-3,fourth,4,1062,0,-1,second,2,2892,0,0,third,3,2668,0,-3,zero,0,879,0,-1
1601108914416456873,first,1,244,0,-2,fourth,4,1062,0,-1,second,2,2892,0,0,third,3,2654,-6,-1,zero,0,879,0,-1
1601108914528498095,first,1,244,0,-5,fourth,4,1062,0,-1,second,2,2892,0,-1,third,3,2640,-6,-2,zero,0,873,-3,-6
1601108914640391584,first,1,237,-3,-8,fourth,4,1062,0,-1,second,2,2892,0,-2,third,3,2627,-6,-1,zero,0,850,-14,-11
1601108914752403513,first,1,210,-13,-6,fourth,4,1062,0,-1,second,2,2892,0,-2,third,3,2614,-6,-2,zero,0,808,-23,-9
1601108914864381243,first,1,173,-19,-10,fourth,4,1062,0,-3,second,2,2887,-1,-4,third,3,2604,-5,-1,zero,0,751,-33,-13
1601108914976474600,first,1,115,-32,-11,fourth,4,1062,0,-2,second,2,2866,-11,-5,third,3,2595,-4,-1,zero,0,675,-43,-14
1601108915088207939,first,1,40,-41,-8,fourth,4,1061,0,-3,second,2,2834,-17,-5,third,3,2586,-4,-1,zero,0,596,-44,-10
1601108915200364459,first,1,-34,-41,-8,fourth,4,1061,0,-2,second,2,2793,-22,-5,third,3,2577,-4,-1,zero,0,532,-35,-11
1601108915312384374,first,1,-98,-34,-6,fourth,4,1055,-2,-2,second,2,2747,-25,-5,third,3,2574,0,0,zero,0,467,-36,-13
1601108915424525145,first,1,-147,-27,-4,fourth,4,1046,-4,-1,second,2,2703,-22,-1,third,3,2574,0,0,zero,0,402,-35,-9
1601108915536432006,first,1,-188,-22,-6,fourth,4,1045,0,-3,second,2,2676,-13,-1,third,3,2574,0,-1,zero,0,347,-29,-12
1601108915648271953,first,1,-231,-23,-7,fourth,4,1045,0,-3,second,2,2660,-8,-2,third,3,2574,0,0,zero,0,291,-30,-13
1601108915760404720,first,1,-279,-26,-4,fourth,4,1045,0,-3,second,2,2647,-7,-1,third,3,2574,0,0,zero,0,236,-29,-10
1601108915872402718,first,1,-322,-24,-6,fourth,4,1045,0,-3,second,2,2635,-5,-1,third,3,2574,0,-2,zero,0,200,-19,-12
1601108915983583845,first,1,-366,-24,-6,fourth,4,1045,0,-3,second,2,2620,-7,-3,third,3,2574,0,-1,zero,0,158,-23,-15
1601108916096442093,first,1,-406,-21,-5,fourth,4,1045,0,-3,second,2,2603,-8,-2,third,3,2574,0,-1,zero,0,101,-30,-11
1601108916208542245,first,1,-436,-16,-5,fourth,4,1045,0,-2,second,2,2587,-8,-3,third,3,2572,0,-3,zero,0,46,-30,-13
1601108916320336934,first,1,-478,-22,-9,fourth,4,1045,0,-3,second,2,2568,-9,-5,third,3,2561,-5,-3,zero,0,-12,-31,-18
1601108916431600840,first,1,-534,-31,-5,fourth,4,1045,0,-2,second,2,2547,-10,-2,third,3,2543,-8,-2,zero,0,-69,-31,-11
1601108916544294608,first,1,-586,-29,-6,fourth,4,1045,0,-3,second,2,2528,-10,-3,third,3,2523,-9,-1,zero,0,-116,-25,-14
1601108916656259936,first,1,-637,-28,-7,fourth,4,1045,0,-2,second,2,2508,-10,-2,third,3,2506,-9,-2,zero,0,-162,-25,-16
1601108916768274588,first,1,-682,-24,-5,fourth,4,1046,0,-2,second,2,2487,-10,-3,third,3,2491,-7,-1,zero,0,-217,-30,-13
1601108916880351340,first,1,-713,-17,-7,fourth,4,1046,0,-2,second,2,2468,-10,-1,third,3,2478,-7,-1,zero,0,-262,-25,-16
1601108916992333421,first,1,-748,-18,-8,fourth,4,1045,0,-2,second,2,2447,-10,-3,third,3,2468,-5,-1,zero,0,-305,-23,-17
1601108917104221962,first,1,-791,-23,-4,fourth,4,1045,0,-2,second,2,2424,-11,-2,third,3,2457,-5,-1,zero,0,-345,-21,-14
1601108917216442517,first,1,-821,-16,-8,fourth,4,1046,0,-2,second,2,2405,-9,-2,third,3,2447,-5,-1,zero,0,-381,-19,-17
1601108917328200783,first,1,-851,-15,-9,fourth,4,1045,0,-2,second,2,2383,-10,-3,third,3,2435,-5,-2,zero,0,-426,-25,-18
1601108917440281237,first,1,-894,-24,-7,fourth,4,1045,0,-2,second,2,2360,-12,-2,third,3,2421,-6,-1,zero,0,-478,-28,-14
1601108917553109976,first,1,-944,-27,-9,fourth,4,1045,0,-2,second,2,2341,-10,-3,third,3,2410,-6,-1,zero,0,-524,-25,-19
1601108917664459357,first,1,-997,-28,-9,fourth,4,1045,0,-2,second,2,2320,-10,-4,third,3,2397,-6,-1,zero,0,-582,-31,-19
1601108917776169791,first,1,-1047,-27,-7,fourth,4,1045,0,-2,second,2,2299,-10,-2,third,3,2386,-5,-1,zero,0,-642,-34,-16
1601108917888228891,first,1,-1090,-23,-9,fourth,4,1045,0,-2,second,2,2281,-9,-1,third,3,2376,-5,-1,zero,0,-694,-28,-20
1601108918000160637,first,1,-1136,-25,-9,fourth,4,1045,0,-2,second,2,2263,-9,-2,third,3,2365,-5,-2,zero,0,-749,-30,-18
1601108918112213648,first,1,-1181,-24,-7,fourth,4,1045,0,-2,second,2,2243,-10,-2,third,3,2353,-5,-1,zero,0,-805,-30,-18
1601108918224112128,first,1,-1213,-18,-7,fourth,4,1045,0,-2,second,2,2224,-9,-1,third,3,2340,-6,-1,zero,0,-842,-19,-15
1601108918336180310,first,1,-1245,-17,-9,fourth,4,1045,0,-2,second,2,2203,-10,-2,third,3,2324,-6,-1,zero,0,-874,-18,-20
1601108918448103360,first,1,-1272,-14,-8,fourth,4,1045,0,-2,second,2,2181,-10,-2,third,3,2312,-6,-1,zero,0,-907,-16,-16
1601108918560100522,first,1,-1295,-11,-10,fourth,4,1046,0,-2,second,2,2164,-9,-2,third,3,2301,-5,-1,zero,0,-931,-13,-19
1601108918672125577,first,1,-1323,-14,-13,fourth,4,1045,0,-2,second,2,2145,-9,-2,third,3,2288,-5,-1,zero,0,-959,-15,-20
1601108918784355838,first,1,-1355,-17,-9,fourth,4,1045,0,-2,second,2,2125,-9,-2,third,3,2272,-7,-2,zero,0,-994,-18,-20
1601108918896142590,first,1,-1384,-15,-12,fourth,4,1046,0,-2,second,2,2108,-9,-1,third,3,2256,-7,-2,zero,0,-1027,-17,-18
1601108919008149116,first,1,-1419,-18,-12,fourth,4,1046,0,-2,second,2,2088,-9,-2,third,3,2237,-9,-4,zero,0,-1060,-17,-20
1601108919120142875,first,1,-1453,-18,-11,fourth,4,1045,0,-2,second,2,2068,-10,-1,third,3,2219,-9,-2,zero,0,-1097,-19,-19
1601108919232067831,first,1,-1483,-15,-11,fourth,4,1045,0,-2,second,2,2051,-9,-1,third,3,2202,-8,-3,zero,0,-1132,-19,-18
1601108919344039561,first,1,-1523,-21,-12,fourth,4,1045,0,-2,second,2,2033,-9,-2,third,3,2186,-8,-2,zero,0,-1169,-20,-18
1601108919455997786,first,1,-1562,-21,-12,fourth,4,1045,0,-2,second,2,2013,-9,-1,third,3,2170,-8,-1,zero,0,-1206,-20,-20
1601108919567566585,first,1,-1589,-14,-11,fourth,4,1045,0,-2,second,2,1996,-9,-1,third,3,2157,-6,-3,zero,0,-1245,-22,-19
1601108919680196604,first,1,-1618,-15,-13,fourth,4,1045,0,-3,second,2,1978,-9,-2,third,3,2140,-7,-3,zero,0,-1282,-19,-16
1601108919792028195,first,1,-1652,-17,-10,fourth,4,1045,0,-3,second,2,1957,-10,-2,third,3,2127,-7,-2,zero,0,-1313,-15,-21
1601108919904014281,first,1,-1675,-12,-11,fourth,4,1045,0,-2,second,2,1939,-9,-2,third,3,2119,-4,-3,zero,0,-1347,-17,-18
1601108920016037309,first,1,-1702,-13,-12,fourth,4,1045,0,-3,second,2,1921,-9,-3,third,3,2110,-3,-5,zero,0,-1378,-16,-19
1601108920128085908,first,1,-1730,-14,-11,fourth,4,1045,0,-3,second,2,1902,-10,-2,third,3,2100,-4,-4,zero,0,-1409,-16,-22
1601108920240110434,first,1,-1755,-13,-13,fourth,4,1045,0,-4,second,2,1883,-9,-2,third,3,2091,-4,-3,zero,0,-1441,-17,-22
1601108920352093669,first,1,-1786,-17,-14,fourth,4,1045,0,-4,second,2,1865,-9,-1,third,3,2078,-5,-6,zero,0,-1470,-16,-21
1601108920464297357,first,1,-1817,-16,-12,fourth,4,1045,0,-2,second,2,1844,-10,-2,third,3,2062,-8,-4,zero,0,-1503,-17,-20
1601108920576020176,first,1,-1844,-14,-12,fourth,4,1045,0,-4,second,2,1826,-9,-2,third,3,2049,-7,-5,zero,0,-1542,-19,-18
1601108920688020073,first,1,-1874,-15,-12,fourth,4,1045,0,-4,second,2,1808,-9,-1,third,3,2036,-6,-7,zero,0,-1572,-16,-19
1601108920799946052,first,1,-1901,-14,-10,fourth,4,1045,0,-4,second,2,1789,-10,-2,third,3,2024,-6,-6,zero,0,-1603,-16,-21
1601108920911983754,first,1,-1922,-10,-12,fourth,4,1043,0,-5,second,2,1768,-10,-3,third,3,2013,-4,-10,zero,0,-1631,-15,-18
1601108921023967177,first,1,-1949,-14,-15,fourth,4,1027,-7,-4,second,2,1740,-15,-7,third,3,1989,-12,-11,zero,0,-1654,-12,-20
1601108921136026167,first,1,-1974,-13,-12,fourth,4,1011,-8,-3,second,2,1700,-22,-4,third,3,1950,-20,-10,zero,0,-1686,-17,-19
1601108921248183838,first,1,-1997,-12,-13,fourth,4,995,-8,-4,second,2,1653,-25,-5,third,3,1909,-22,-12,zero,0,-1719,-17,-20
1601108921359941657,first,1,-2032,-17,-14,fourth,4,976,-9,-4,second,2,1605,-26,-4,third,3,1849,-32,-13,zero,0,-1757,-20,-19
1601108921471926878,first,1,-2068,-19,-12,fourth,4,952,-13,-5,second,2,1560,-23,-1,third,3,1784,-36,-10,zero,0,-1814,-33,-19
1601108921584066221,first,1,-2100,-17,-12,fourth,4,922,-15,-4,second,2,1524,-20,-2,third,3,1729,-30,-11,zero,0,-1877,-34,-21
1601108921695907203,first,1,-2138,-20,-12,fourth,4,893,-15,-4,second,2,1492,-17,-4,third,3,1681,-26,-12,zero,0,-1927,-26,-18
1601108922047788318,first,1,-2167,-16,-9,fourth,4,870,-12,-3,second,2,1464,-14,-2,third,3,1647,-17,-9,zero,0,-1960,-17,-18
1601108922159865098,first,1,-2169,0,-10,fourth,4,857,0,-2,second,2,1436,0,-2,third,3,1628,0,-7,zero,0,-1975,-3,-21
1601108922271928020,first,1,-2180,-4,-10,fourth,4,855,0,-3,second,2,1434,0,-1,third,3,1620,-3,-13,zero,0,-1991,-8,-25
1601108922384307091,first,1,-2192,-4,-9,fourth,4,849,-2,-2,second,2,1429,-1,-1,third,3,1606,-6,-12,zero,0,-2012,-9,-23
1601108922495891582,first,1,-2203,-5,-7,fourth,4,841,-2,-1,second,2,1422,-1,-1,third,3,1590,-7,-13,zero,0,-2033,-10,-22
1601108922608065610,first,1,-2213,-4,-6,fourth,4,834,-2,-1,second,2,1415,-2,-1,third,3,1572,-8,-14,zero,0,-2054,-11,-23
1601108922719845878,first,1,-2220,-3,-5,fourth,4,824,-3,-1,second,2,1406,-3,-1,third,3,1551,-10,-13,zero,0,-2073,-10,-30
1601108922831797986,first,1,-2227,-3,-3,fourth,4,815,-3,-1,second,2,1396,-3,-1,third,3,1530,-10,-11,zero,0,-2092,-10,-29
1601108922943890399,first,1,-2232,-2,-3,fourth,4,804,-4,-1,second,2,1383,-5,-1,third,3,1507,-11,-12,zero,0,-2109,-9,-27
1601108923055834514,first,1,-2233,0,-4,fourth,4,791,-5,-2,second,2,1368,-6,-1,third,3,1482,-12,-16,zero,0,-2124,-8,-28
1601108923167894383,first,1,-2233,0,-3,fourth,4,777,-6,-1,second,2,1354,-6,-1,third,3,1455,-13,-14,zero,0,-2137,-6,-30
1601108923279886804,first,1,-2233,0,-2,fourth,4,762,-6,-1,second,2,1340,-7,-1,third,3,1428,-14,-14,zero,0,-2149,-6,-33
1601108923391846376,first,1,-2233,0,-2,fourth,4,748,-6,-1,second,2,1326,-7,-1,third,3,1403,-14,-16,zero,0,-2160,-5,-30
1601108923503821603,first,1,-2231,0,0,fourth,4,736,-6,-1,second,2,1313,-7,-1,third,3,1379,-13,-15,zero,0,-2171,-5,-36
1601108923615800126,first,1,-2228,0,0,fourth,4,726,-5,-1,second,2,1299,-6,-1,third,3,1357,-12,-15,zero,0,-2180,-4,-34
1601108923727800090,first,1,-2224,0,0,fourth,4,716,-5,-1,second,2,1288,-6,-1,third,3,1337,-10,-16,zero,0,-2190,-4,-32
1601108923839763823,first,1,-2219,1,0,fourth,4,705,-5,-1,second,2,1276,-6,-1,third,3,1318,-10,-16,zero,0,-2197,-4,-36
1601108923951907250,first,1,-2214,1,0,fourth,4,695,-5,-1,second,2,1266,-5,-1,third,3,1299,-10,-16,zero,0,-2204,-3,-35
1601108924063884568,first,1,-2209,1,0,fourth,4,685,-5,-1,second,2,1255,-5,-1,third,3,1281,-10,-17,zero,0,-2209,-2,-38
1601108924175788772,first,1,-2201,1,0,fourth,4,674,-5,-1,second,2,1244,-5,-1,third,3,1262,-10,-18,zero,0,-2214,-2,-31
1601108924287903291,first,1,-2193,2,0,fourth,4,664,-5,-1,second,2,1232,-5,-1,third,3,1244,-9,-22,zero,0,-2217,-1,-42
1601108924399838120,first,1,-2184,3,0,fourth,4,653,-5,-1,second,2,1222,-5,-1,third,3,1226,-9,-22,zero,0,-2218,0,-43
1601108924511754695,first,1,-2174,3,0,fourth,4,641,-5,-1,second,2,1210,-5,-1,third,3,1207,-9,-21,zero,0,-2218,0,-40
1601108924623730223,first,1,-2163,4,0,fourth,4,629,-5,-1,second,2,1199,-5,-1,third,3,1187,-9,-21,zero,0,-2219,0,-40
1601108924735778295,first,1,-2150,5,0,fourth,4,617,-5,-1,second,2,1187,-5,-1,third,3,1169,-9,-23,zero,0,-2219,0,-41
1601108924847762301,first,1,-2138,5,0,fourth,4,605,-5,-1,second,2,1176,-5,-1,third,3,1150,-9,-25,zero,0,-2218,0,-36
1601108924959653025,first,1,-2123,6,0,fourth,4,593,-5,-1,second,2,1164,-5,-1,third,3,1132,-9,-27,zero,0,-2218,0,-27
1601108925071761144,first,1,-2108,7,0,fourth,4,581,-5,-1,second,2,1154,-5,-1,third,3,1113,-10,-23,zero,0,-2219,0,-13
1601108925183740865,first,1,-2090,8,0,fourth,4,568,-5,-1,second,2,1142,-5,-1,third,3,1094,-10,-25,zero,0,-2215,0,-11
1601108925295846493,first,1,-2074,8,0,fourth,4,557,-5,-1,second,2,1131,-5,-1,third,3,1077,-8,-29,zero,0,-2209,1,1
1601108925407109200,first,1,-2057,8,0,fourth,4,544,-5,-1,second,2,1121,-5,-1,third,3,1060,-8,-31,zero,0,-2203,2,1
1601108925519733828,first,1,-2039,8,0,fourth,4,532,-5,-1,second,2,1112,-4,-1,third,3,1043,-8,-30,zero,0,-2193,3,1
1601108925631754439,first,1,-2019,10,0,fourth,4,520,-5,-1,second,2,1102,-4,-1,third,3,1025,-8,-30,zero,0,-2181,5,1
1601108925743754411,first,1,-1998,10,0,fourth,4,508,-5,-1,second,2,1093,-4,-1,third,3,1007,-8,-28,zero,0,-2169,5,1
1601108925855847316,first,1,-1977,10,0,fourth,4,497,-5,-1,second,2,1083,-4,-1,third,3,990,-8,-29,zero,0,-2155,6,1
1601108925967648080,first,1,-1955,11,0,fourth,4,484,-5,-2,second,2,1074,-4,-1,third,3,972,-8,-31,zero,0,-2139,7,1
1601108926079871787,first,1,-1930,12,0,fourth,4,470,-6,-2,second,2,1065,-4,-1,third,3,954,-8,-29,zero,0,-2122,8,1
1601108926191743967,first,1,-1905,12,0,fourth,4,455,-6,-2,second,2,1056,-4,-1,third,3,938,-8,-28,zero,0,-2103,9,1
1601108926303861029,first,1,-1879,13,0,fourth,4,441,-6,-1,second,2,1048,-4,-1,third,3,922,-8,-28,zero,0,-2084,9,1
1601108926415739764,first,1,-1853,13,0,fourth,4,428,-6,-1,second,2,1040,-4,-1,third,3,907,-8,-29,zero,0,-2064,10,1
1601108926528121937,first,1,-1827,13,0,fourth,4,416,-6,-1,second,2,1032,-4,-1,third,3,892,-7,-29,zero,0,-2043,10,1
1601108926639731021,first,1,-1800,13,0,fourth,4,405,-6,-1,second,2,1024,-3,-1,third,3,878,-7,-29,zero,0,-2022,10,1
1601108926751469584,first,1,-1772,14,0,fourth,4,392,-6,-1,second,2,1017,-3,-1,third,3,864,-7,-30,zero,0,-2001,10,1
1601108926863730091,first,1,-1743,14,0,fourth,4,379,-6,-1,second,2,1011,-2,-1,third,3,852,-7,-27,zero,0,-1978,11,1
1601108926975760739,first,1,-1713,15,0,fourth,4,367,-6,-1,second,2,1005,-2,-1,third,3,839,-6,-27,zero,0,-1953,12,1
1601108927087872835,first,1,-1682,16,0,fourth,4,356,-6,-1,second,2,999,-2,-1,third,3,828,-6,-27,zero,0,-1926,13,1
1601108927200132423,first,1,-1649,16,0,fourth,4,344,-6,-2,second,2,993,-2,-1,third,3,814,-6,-26,zero,0,-1900,13,1
1601108927312015021,first,1,-1615,17,0,fourth,4,332,-6,-2,second,2,989,-2,-2,third,3,802,-6,-26,zero,0,-1871,14,1
1601108927423702682,first,1,-1581,17,0,fourth,4,321,-6,-2,second,2,985,-1,-3,third,3,791,-5,-26,zero,0,-1840,15,1
1601108927535527838,first,1,-1546,18,0,fourth,4,309,-6,-2,second,2,981,-1,-3,third,3,781,-5,-25,zero,0,-1809,16,1
1601108927647733070,first,1,-1511,18,0,fourth,4,298,-6,-1,second,2,977,-1,-3,third,3,772,-4,-23,zero,0,-1777,16,1
1601108927759635466,first,1,-1477,18,0,fourth,4,286,-5,-1,second,2,974,-1,-5,third,3,761,-4,-21,zero,0,-1746,16,1
1601108927871523763,first,1,-1441,18,0,fourth,4,276,-5,-1,second,2,972,0,-5,third,3,752,-4,-19,zero,0,-1714,16,1
1601108927983570030,first,1,-1405,18,0,fourth,4,266,-5,-1,second,2,970,0,-6,third,3,744,-4,-18,zero,0,-1682,16,1
1601108928095579743,first,1,-1368,19,0,fourth,4,256,-5,-1,second,2,967,0,-6,third,3,738,-3,-18,zero,0,-1648,18,1
1601108928207542113,first,1,-1331,19,0,fourth,4,246,-5,-1,second,2,967,0,-7,third,3,732,-2,-19,zero,0,-1612,18,1
1601108928319595044,first,1,-1293,19,0,fourth,4,236,-5,-1,second,2,966,0,-7,third,3,727,-2,-21,zero,0,-1577,18,1
1601108928430941974,first,1,-1256,19,0,fourth,4,225,-5,-1,second,2,966,0,-7,third,3,722,-2,-19,zero,0,-1542,19,1
1601108928543720308,first,1,-1219,19,0,fourth,4,215,-5,-1,second,2,966,0,-7,third,3,717,-2,-17,zero,0,-1506,19,1
1601108928655542786,first,1,-1183,19,0,fourth,4,205,-5,-1,second,2,965,0,-7,third,3,714,-1,-20,zero,0,-1468,19,1
1601108928767520541,first,1,-1146,19,0,fourth,4,197,-4,-1,second,2,965,0,-3,third,3,712,-1,-18,zero,0,-1433,19,1
1601108928879663840,first,1,-1109,19,0,fourth,4,189,-4,-1,second,2,966,0,-3,third,3,711,0,-18,zero,0,-1398,19,1
1601108928991495467,first,1,-1072,19,0,fourth,4,181,-4,-1,second,2,965,0,0,third,3,710,0,-20,zero,0,-1362,19,1
1601108929103471298,first,1,-1034,20,0,fourth,4,173,-3,-2,second,2,966,0,0,third,3,710,0,-21,zero,0,-1326,19,1
1601108929215462604,first,1,-998,20,0,fourth,4,164,-3,-2,second,2,971,0,0,third,3,710,0,-21,zero,0,-1289,19,1
1601108929327739313,first,1,-962,20,0,fourth,4,157,-3,-2,second,2,975,1,0,third,3,710,0,-21,zero,0,-1253,19,1
1601108929439094694,first,1,-926,20,0,fourth,4,151,-2,-3,second,2,981,1,0,third,3,710,0,-20,zero,0,-1217,19,1
1601108929551911050,first,1,-889,20,0,fourth,4,144,-2,-3,second,2,986,1,0,third,3,710,0,-16,zero,0,-1181,19,1
1601108929663474713,first,1,-854,20,0,fourth,4,138,-2,-3,second,2,992,1,0,third,3,710,0,-10,zero,0,-1146,19,1
1601108929775856526,first,1,-817,20,0,fourth,4,133,-2,-4,second,2,1000,3,0,third,3,711,0,-5,zero,0,-1111,19,1
1601108929887462852,first,1,-782,20,0,fourth,4,128,-2,-4,second,2,1008,3,0,third,3,713,0,-2,zero,0,-1075,19,1
1601108929999618320,first,1,-745,20,0,fourth,4,123,-2,-3,second,2,1018,3,0,third,3,720,2,0,zero,0,-1039,19,1
1601108930111511222,first,1,-710,20,0,fourth,4,118,-2,-5,second,2,1028,4,0,third,3,728,3,-1,zero,0,-1004,19,1
1601108930223450925,first,1,-673,20,0,fourth,4,114,-1,-5,second,2,1037,4,0,third,3,736,3,-1,zero,0,-967,19,1
1601108930335544255,first,1,-637,20,0,fourth,4,110,-1,-6,second,2,1047,4,0,third,3,744,3,-1,zero,0,-931,19,1
1601108930447578059,first,1,-600,20,0,fourth,4,108,-1,-8,second,2,1059,4,0,third,3,753,3,0,zero,0,-896,19,1
1601108930559486997,first,1,-564,20,0,fourth,4,105,-1,-8,second,2,1070,4,0,third,3,764,4,0,zero,0,-861,19,1
1601108930671373149,first,1,-527,20,0,fourth,4,103,0,-11,second,2,1079,4,0,third,3,775,4,0,zero,0,-826,19,1
1601108930783387079,first,1,-490,20,0,fourth,4,102,0,-11,second,2,1092,5,0,third,3,787,5,0,zero,0,-790,19,1
1601108930895375462,first,1,-454,20,0,fourth,4,101,0,-12,second,2,1106,6,0,third,3,800,5,0,zero,0,-754,19,1
1601108931007401093,first,1,-417,20,0,fourth,4,100,0,-13,second,2,1121,6,0,third,3,814,6,0,zero,0,-719,19,1
1601108931119377424,first,1,-382,20,0,fourth,4,100,0,-14,second,2,1135,6,0,third,3,828,6,0,zero,0,-683,19,1
1601108931231389344,first,1,-346,20,0,fourth,4,100,0,-14,second,2,1152,7,0,third,3,844,7,0,zero,0,-647,19,1
1601108931343300905,first,1,-310,20,0,fourth,4,100,0,-14,second,2,1168,7,0,third,3,860,7,0,zero,0,-611,19,1
1601108931455752041,first,1,-274,19,0,fourth,4,99,0,-13,second,2,1183,7,0,third,3,873,7,0,zero,0,-577,19,1
1601108931567560309,first,1,-238,19,0,fourth,4,99,0,-10,second,2,1200,8,0,third,3,889,7,0,zero,0,-540,19,1
1601108931679407144,first,1,-200,19,0,fourth,4,100,0,-7,second,2,1218,8,0,third,3,904,7,0,zero,0,-504,19,1
1601108931791407138,first,1,-164,19,0,fourth,4,101,0,-4,second,2,1236,9,0,third,3,921,8,0,zero,0,-468,19,1
1601108931903338893,first,1,-126,19,0,fourth,4,102,0,-2,second,2,1255,9,0,third,3,939,8,0,zero,0,-432,19,1
1601108932015347221,first,1,-89,19,0,fourth,4,107,1,-2,second,2,1274,9,0,third,3,959,9,0,zero,0,-396,19,1
1601108932127496270,first,1,-52,19,0,fourth,4,112,1,-2,second,2,1294,9,0,third,3,978,9,0,zero,0,-360,19,1
1601108932239351519,first,1,-12,19,0,fourth,4,119,2,-2,second,2,1316,10,0,third,3,998,10,0,zero,0,-324,19,1
1601108932352141107,first,1,25,19,0,fourth,4,126,2,-2,second,2,1337,10,0,third,3,1020,11,0,zero,0,-287,19,1
1601108932462723860,first,1,63,19,0,fourth,4,133,2,-2,second,2,1358,11,0,third,3,1043,11,0,zero,0,-252,19,1
1601108932575388440,first,1,100,19,0,fourth,4,142,3,-3,second,2,1382,11,0,third,3,1064,11,0,zero,0,-216,19,1
1601108932687330832,first,1,137,19,0,fourth,4,149,3,-3,second,2,1403,11,0,third,3,1085,11,0,zero,0,-180,19,1
1601108932799379868,first,1,174,19,0,fourth,4,157,3,-2,second,2,1427,11,0,third,3,1109,11,0,zero,0,-144,19,1
1601108932911248919,first,1,211,19,0,fourth,4,166,3,-2,second,2,1449,12,0,third,3,1131,11,0,zero,0,-108,19,1
1601108933023177172,first,1,249,19,0,fourth,4,176,4,-2,second,2,1473,12,0,third,3,1156,12,0,zero,0,-73,19,1
1601108933135157368,first,1,287,19,0,fourth,4,186,4,-2,second,2,1498,12,0,third,3,1181,12,0,zero,0,-36,19,1
1601108933247405065,first,1,323,19,0,fourth,4,195,4,-2,second,2,1523,12,0,third,3,1207,13,0,zero,0,-1,19,1
1601108933359374652,first,1,358,19,0,fourth,4,205,4,-2,second,2,1549,13,0,third,3,1233,13,0,zero,0,34,19,1
1601108933471264553,first,1,392,19,0,fourth,4,217,5,-2,second,2,1576,14,0,third,3,1260,13,0,zero,0,70,19,1
1601108933583346048,first,1,425,18,0,fourth,4,230,6,-2,second,2,1603,14,0,third,3,1289,14,0,zero,0,106,19,1
1601108933695307934,first,1,456,17,0,fourth,4,242,5,-2,second,2,1631,14,0,third,3,1316,15,0,zero,0,142,19,1
1601108933807259826,first,1,484,16,0,fourth,4,254,5,-2,second,2,1659,15,0,third,3,1343,14,0,zero,0,177,19,1
1601108933919295522,first,1,514,15,0,fourth,4,267,5,-2,second,2,1687,15,0,third,3,1370,14,0,zero,0,214,19,1
1601108934031207440,first,1,542,15,0,fourth,4,280,5,-2,second,2,1715,15,0,third,3,1398,14,0,zero,0,249,19,1
1601108934143237285,first,1,568,14,0,fourth,4,295,6,-2,second,2,1742,15,0,third,3,1426,14,0,zero,0,285,19,1
1601108934255343925,first,1,593,13,0,fourth,4,310,6,-2,second,2,1771,15,0,third,3,1453,14,0,zero,0,321,19,1
1601108934367407364,first,1,617,13,0,fourth,4,325,6,-2,second,2,1800,15,0,third,3,1483,15,0,zero,0,357,19,1
1601108934479450331,first,1,639,12,0,fourth,4,339,6,-2,second,2,1828,15,0,third,3,1511,15,0,zero,0,393,19,1
1601108934591111221,first,1,660,11,0,fourth,4,355,7,-2,second,2,1858,15,0,third,3,1540,15,0,zero,0,429,19,1
1601108934703150709,first,1,679,10,0,fourth,4,371,7,-2,second,2,1889,15,0,third,3,1571,15,0,zero,0,464,19,1
1601108934815092674,first,1,696,9,0,fourth,4,386,7,-1,second,2,1918,15,0,third,3,1601,16,0,zero,0,500,19,1
1601108934927169437,first,1,711,8,0,fourth,4,403,7,-1,second,2,1948,15,0,third,3,1634,16,0,zero,0,536,19,1
1601108935039023166,first,1,726,7,0,fourth,4,421,8,-1,second,2,1979,16,0,third,3,1665,16,0,zero,0,573,19,1
1601108935151124512,first,1,740,7,0,fourth,4,436,8,-1,second,2,2009,16,0,third,3,1695,16,0,zero,0,609,19,1
1601108935263538470,first,1,752,6,0,fourth,4,452,8,-1,second,2,2039,16,0,third,3,1725,16,0,zero,0,644,19,1
1601108935375123483,first,1,761,5,0,fourth,4,470,8,-1,second,2,2069,16,0,third,3,1755,16,0,zero,0,680,19,1
1601108935487086295,first,1,769,4,0,fourth,4,488,8,-1,second,2,2101,16,0,third,3,1785,16,0,zero,0,716,19,1
1601108935599194730,first,1,776,3,0,fourth,4,506,9,-1,second,2,2131,16,0,third,3,1814,16,0,zero,0,752,19,1
1601108935711223787,first,1,781,2,0,fourth,4,523,9,-1,second,2,2162,16,0,third,3,1845,16,0,zero,0,788,19,1
1601108935823089875,first,1,785,1,0,fourth,4,540,8,-1,second,2,2194,16,0,third,3,1874,16,0,zero,0,824,19,1
1601108935935172920,first,1,785,0,0,fourth,4,558,8,-1,second,2,2227,17,0,third,3,1904,16,0,zero,0,856,17,1
1601108936047166813,first,1,786,0,-1,fourth,4,577,9,-1,second,2,2258,17,0,third,3,1934,16,0,zero,0,884,16,1
1601108936159239964,first,1,786,0,-1,fourth,4,597,9,-1,second,2,2289,17,0,third,3,1965,16,0,zero,0,910,13,1
1601108936271094278,first,1,784,0,0,fourth,4,615,9,-1,second,2,2320,16,0,third,3,1994,16,0,zero,0,931,12,1
1601108936383029950,first,1,779,-1,0,fourth,4,633,9,-1,second,2,2348,15,0,third,3,2023,15,0,zero,0,951,10,1
1601108936495065727,first,1,772,-2,0,fourth,4,651,9,-1,second,2,2376,15,0,third,3,2050,15,0,zero,0,969,9,1
1601108936607059318,first,1,762,-4,0,fourth,4,669,9,-1,second,2,2403,14,0,third,3,2078,15,0,zero,0,985,7,1
1601108936719017550,first,1,749,-5,-1,fourth,4,687,9,-1,second,2,2431,14,0,third,3,2106,15,0,zero,0,996,5,1
1601108936831000203,first,1,734,-7,-2,fourth,4,705,9,-1,second,2,2456,14,0,third,3,2133,15,0,zero,0,1002,3,1
1601108936943218194,first,1,715,-9,-3,fourth,4,722,9,-1,second,2,2480,13,0,third,3,2162,14,0,zero,0,1005,1,0
1601108937055102046,first,1,693,-10,-3,fourth,4,740,9,-1,second,2,2503,12,0,third,3,2190,14,0,zero,0,1006,0,0
1601108937167052864,first,1,672,-11,-3,fourth,4,757,9,-1,second,2,2527,12,0,third,3,2218,14,0,zero,0,1006,0,-6
1601108937279982799,first,1,650,-11,-3,fourth,4,775,9,-1,second,2,2547,11,0,third,3,2243,13,0,zero,0,1003,0,-30
1601108937390705161,first,1,627,-11,-3,fourth,4,792,8,-1,second,2,2566,10,0,third,3,2268,13,0,zero,0,998,-1,-5
1601108937503013357,first,1,606,-11,-2,fourth,4,808,8,-1,second,2,2584,9,0,third,3,2291,12,0,zero,0,992,-1,-2
1601108937614891904,first,1,585,-10,-2,fourth,4,824,8,-1,second,2,2601,9,0,third,3,2313,11,0,zero,0,986,-1,-6
1601108937727071244,first,1,567,-10,-2,fourth,4,838,7,-1,second,2,2617,9,0,third,3,2333,11,0,zero,0,980,-1,-9
1601108937839137924,first,1,547,-10,-2,fourth,4,852,7,-1,second,2,2633,8,0,third,3,2354,10,0,zero,0,975,-1,-5
1601108937951172392,first,1,530,-9,-2,fourth,4,863,6,-1,second,2,2648,8,0,third,3,2374,10,0,zero,0,968,-2,-2
1601108938062720864,first,1,513,-9,-2,fourth,4,875,6,-1,second,2,2662,7,0,third,3,2390,9,0,zero,0,964,-2,-2
1601108938175095868,first,1,498,-8,-2,fourth,4,885,5,-1,second,2,2674,6,0,third,3,2407,8,0,zero,0,959,-2,-3
1601108938286984835,first,1,482,-8,-2,fourth,4,895,5,-1,second,2,2686,6,0,third,3,2421,8,0,zero,0,955,-2,-3
1601108938398932064,first,1,468,-7,-2,fourth,4,905,5,-1,second,2,2699,6,0,third,3,2436,7,0,zero,0,951,-1,-2
1601108938511143787,first,1,455,-7,-2,fourth,4,915,5,-1,second,2,2710,5,0,third,3,2451,7,0,zero,0,946,-1,-3
1601108938622589850,first,1,442,-6,-2,fourth,4,923,4,-1,second,2,2720,5,0,third,3,2465,7,0,zero,0,941,-1,-7
1601108938735071299,first,1,430,-6,-2,fourth,4,931,4,-1,second,2,2730,5,0,third,3,2477,6,0,zero,0,937,-1,-9
1601108938847073047,first,1,420,-5,-2,fourth,4,939,4,-1,second,2,2740,4,0,third,3,2489,6,0,zero,0,934,-1,-6
1601108938958866977,first,1,411,-4,-2,fourth,4,946,3,-1,second,2,2748,4,0,third,3,2499,5,0,zero,0,931,-1,-5
1601108939071001235,first,1,401,-4,-2,fourth,4,953,3,-1,second,2,2756,3,0,third,3,2510,5,0,zero,0,928,-1,-4
1601108939183105176,first,1,391,-4,-3,fourth,4,960,3,-1,second,2,2764,3,0,third,3,2520,5,0,zero,0,926,-1,-1
1601108939294961546,first,1,382,-4,-3,fourth,4,967,3,-1,second,2,2771,3,0,third,3,2530,4,0,zero,0,923,-1,-2
1601108939407025942,first,1,374,-4,-3,fourth,4,973,3,-1,second,2,2778,3,0,third,3,2540,4,0,zero,0,920,0,-5
1601108939518864585,first,1,367,-4,-3,fourth,4,978,2,-1,second,2,2784,3,0,third,3,2548,4,0,zero,0,918,0,-1
1601108939630977880,first,1,361,-3,-4,fourth,4,983,2,-1,second,2,2790,2,0,third,3,2555,3,0,zero,0,914,0,-2
1601108939743060973,first,1,355,-3,-4,fourth,4,988,2,-1,second,2,2796,2,0,third,3,2562,3,0,zero,0,912,0,-6
1601108939854880258,first,1,350,-3,-4,fourth,4,993,2,-1,second,2,2802,2,0,third,3,2569,3,0,zero,0,909,0,-1
1601108939966799280,first,1,343,-2,-5,fourth,4,998,2,-1,second,2,2806,2,0,third,3,2576,3,0,zero,0,907,0,-2
1601108940078868367,first,1,336,-2,-5,fourth,4,1003,2,-1,second,2,2811,1,0,third,3,2583,3,0,zero,0,905,0,-2
1601108940190794821,first,1,331,-2,-6,fourth,4,1007,1,-1,second,2,2815,1,0,third,3,2588,2,0,zero,0,904,0,-3
1601108940302251785,first,1,326,-2,-5,fourth,4,1010,1,-1,second,2,2821,1,0,third,3,2593,2,0,zero,0,903,0,-3
1601108940414373603,first,1,321,-2,-5,fourth,4,1014,1,-1,second,2,2825,1,0,third,3,2598,2,0,zero,0,902,0,-3
1601108940526575754,first,1,316,-2,-6,fourth,4,1017,1,-1,second,2,2830,1,0,third,3,2603,2,0,zero,0,901,0,-3
1601108940638500089,first,1,312,-2,-6,fourth,4,1021,1,-1,second,2,2833,1,0,third,3,2607,2,0,zero,0,900,0,-3
1601108940750473549,first,1,307,-2,-6,fourth,4,1025,1,-1,second,2,2837,1,0,third,3,2612,2,0,zero,0,899,0,-3
1601108940862484083,first,1,302,-2,-6,fourth,4,1028,1,-1,second,2,2839,0,0,third,3,2616,1,0,zero,0,898,0,-3
1601108940974944371,first,1,300,-1,-7,fourth,4,1032,1,-1,second,2,2842,0,0,third,3,2619,1,0,zero,0,897,0,-3
1601108941086882234,first,1,297,-1,-7,fourth,4,1035,1,-1,second,2,2844,0,0,third,3,2624,1,0,zero,0,896,0,-3
1601108941198753271,first,1,294,-1,-7,fourth,4,1037,0,-1,second,2,2848,0,0,third,3,2627,1,0,zero,0,895,0,-2
1601108941310723978,first,1,292,-1,-7,fourth,4,1039,0,-1,second,2,2850,0,0,third,3,2631,1,0,zero,0,894,0,-1
1601108941422744065,first,1,289,-1,-7,fourth,4,1041,0,-1,second,2,2852,0,0,third,3,2634,1,0,zero,0,893,0,-3
1601108941534726413,first,1,287,-1,-7,fourth,4,1043,0,-1,second,2,2855,0,0,third,3,2638,1,0,zero,0,892,0,-2
1601108941646750578,first,1,284,0,-8,fourth,4,1045,0,-1,second,2,2858,0,0,third,3,2641,1,0,zero,0,891,0,-2
1601108941758858977,first,1,280,0,-8,fourth,4,1047,0,-1,second,2,2860,0,0,third,3,2643,0,0,zero,0,890,0,-3
1601108941870730979,first,1,276,0,-8,fourth,4,1049,0,-1,second,2,2863,0,0,third,3,2645,0,0,zero,0,889,0,-1
1601108941982654870,first,1,273,0,-8,fourth,4,1051,0,-1,second,2,2864,0,0,third,3,2647,0,0,zero,0,888,0,-2
1601108942094848460,first,1,271,0,-8,fourth,4,1052,0,-1,second,2,2865,0,0,third,3,2650,0,0,zero,0,887,0,-2
1601108942206726414,first,1,269,0,-8,fourth,4,1054,0,-1,second,2,2866,0,0,third,3,2652,0,0,zero,0,886,0,-3
1601108942318778848,first,1,267,0,-8,fourth,4,1057,0,-1,second,2,2868,0,0,third,3,2654,0,0,zero,0,885,0,-3
1601108942430378994,first,1,266,0,-8,fourth,4,1058,0,-1,second,2,2868,0,0,third,3,2656,0,0,zero,0,884,0,-3
1601108942542732027,first,1,264,0,-8,fourth,4,1060,0,-1,second,2,2870,0,0,third,3,2659,0,0,zero,0,884,0,-3
1601108942655043497,first,1,262,0,-9,fourth,4,1062,0,-1,second,2,2870,0,0,third,3,2661,0,0,zero,0,883,0,-1
1601108942766689776,first,1,261,0,-9,fourth,4,1064,0,-1,second,2,2871,0,0,third,3,2664,0,0,zero,0,882,0,-2
1601108942878634993,first,1,259,0,-9,fourth,4,1066,0,-1,second,2,2872,0,0,third,3,2666,0,0,zero,0,881,0,-3
1601108942990143697,first,1,258,0,-9,fourth,4,1068,0,-1,second,2,2873,0,0,third,3,2668,0,0,zero,0,880,0,-3
