1601198913710601816,first,1,1170,0,0,fourth,4,1670,0,0,second,2,3186,0,0,third,3,3166,0,0,zero,0,1986,0,0
1601198913822415541,first,1,1170,0,0,fourth,4,1670,0,0,second,2,3186,0,0,third,3,3166,0,0,zero,0,1986,0,0
1601198913934388049,first,1,1170,0,0,fourth,4,1670,0,0,second,2,3186,0,0,third,3,3166,0,0,zero,0,1986,0,0
1601198914046510090,first,1,1170,0,0,fourth,4,1670,0,0,second,2,3186,0,0,third,3,3166,0,0,zero,0,1986,0,0
1601198914158615686,first,1,1170,0,0,fourth,4,1670,0,0,second,2,3186,0,0,third,3,3166,0,0,zero,0,1986,0,0
1601198914270594562,first,1,1170,0,0,fourth,4,1670,0,0,second,2,3186,0,0,third,3,3166,0,0,zero,0,1986,0,0
1601198914382527752,first,1,1170,0,0,fourth,4,1670,0,0,second,2,3186,0,0,third,3,3166,0,0,zero,0,1986,0,0
1601198914494327456,first,1,1170,0,0,fourth,4,1670,0,0,second,2,3186,0,0,third,3,3166,0,0,zero,0,1986,0,0
1601198914606490381,first,1,1170,0,0,fourth,4,1670,0,0,second,2,3186,0,0,third,3,3166,0,0,zero,0,1986,0,0
1601198914718431989,first,1,1170,0,0,fourth,4,1670,0,0,second,2,3186,0,0,third,3,3166,0,0,zero,0,1986,0,0
1601198914830732310,first,1,1170,0,0,fourth,4,1670,0,0,second,2,3186,0,0,third,3,3166,0,0,zero,0,1986,0,0
1601198914942133782,first,1,1170,0,0,fourth,4,1670,0,0,second,2,3186,0,0,third,3,3166,0,0,zero,0,1986,0,0
1601198915054030525,first,1,1170,0,0,fourth,4,1670,0,0,second,2,3186,0,0,third,3,3166,0,0,zero,0,1986,0,0
1601198915166478961,first,1,1170,0,0,fourth,4,1670,0,0,second,2,3186,0,0,third,3,3166,0,0,zero,0,1986,0,0
1601198915278448520,first,1,1170,0,0,fourth,4,1670,0,0,second,2,3186,0,0,third,3,3166,0,0,zero,0,1986,0,0
1601198915390133802,first,1,1170,0,0,fourth,4,1670,0,0,second,2,3186,0,0,third,3,3166,0,0,zero,0,1986,0,0
1601198915502038559,first,1,1170,0,0,fourth,4,1670,0,0,second,2,3186,0,0,third,3,3166,0,0,zero,0,1986,0,0
1601198915614083357,first,1,1170,0,0,fourth,4,1670,0,0,second,2,3186,0,0,third,3,3166,0,0,zero,0,1986,0,0
1601198915725971110,first,1,1170,0,0,fourth,4,1670,0,0,second,2,3186,0,0,third,3,3166,0,0,zero,0,1986,0,0
1601198915838026714,first,1,1170,0,0,fourth,4,1670,0,0,second,2,3186,0,0,third,3,3166,0,0,zero,0,1986,0,0
1601198915950383806,first,1,1170,0,0,fourth,4,1670,0,0,second,2,3186,0,0,third,3,3166,0,0,zero,0,1986,0,0
1601198916062403604,first,1,1170,0,0,fourth,4,1670,0,0,second,2,3186,0,0,third,3,3166,0,0,zero,0,1986,0,0
1601198916174294307,first,1,1170,0,0,fourth,4,1671,0,0,second,2,3186,0,0,third,3,3166,0,0,zero,0,1986,0,0
1601198916286294601,first,1,1170,0,0,fourth,4,1670,0,0,second,2,3186,0,0,third,3,3166,0,0,zero,0,1986,0,0
1601198916398093866,first,1,1170,0,0,fourth,4,1670,0,0,second,2,3186,0,0,third,3,3166,0,0,zero,0,1986,0,0
1601198916510440246,first,1,1170,0,0,fourth,4,1670,0,0,second,2,3186,0,0,third,3,3166,0,0,zero,0,1986,0,0
1601198916622326140,first,1,1170,0,0,fourth,4,1670,0,0,second,2,3186,0,0,third,3,3166,0,0,zero,0,1986,0,0
1601198916734424491,first,1,1169,0,0,fourth,4,1670,0,0,second,2,3186,0,0,third,3,3166,0,0,zero,0,1986,0,0
1601198916846263982,first,1,1170,0,0,fourth,4,1670,0,0,second,2,3186,0,0,third,3,3166,0,0,zero,0,1986,0,0
1601198916958285995,first,1,1170,0,0,fourth,4,1670,0,0,second,2,3186,0,0,third,3,3166,0,0,zero,0,1986,0,0
1601198917070323442,first,1,1169,0,0,fourth,4,1670,0,0,second,2,3186,0,0,third,3,3166,0,0,zero,0,1986,0,0
1601198917182212298,first,1,1170,0,0,fourth,4,1670,0,0,second,2,3186,0,0,third,3,3166,0,0,zero,0,1986,0,0
1601198917294508776,first,1,1170,0,0,fourth,4,1670,0,0,second,2,3186,0,0,third,3,3166,0,0,zero,0,1986,0,0
1601198917406417137,first,1,1170,0,0,fourth,4,1670,0,0,second,2,3186,0,0,third,3,3166,0,0,zero,0,1986,0,0
1601198917518296915,first,1,1170,0,0,fourth,4,1670,0,0,second,2,3186,0,0,third,3,3166,0,0,zero,0,1986,0,0
1601198917630297051,first,1,1170,0,0,fourth,4,1670,0,0,second,2,3186,0,0,third,3,3166,0,0,zero,0,1986,0,0
1601198917742247267,first,1,1170,0,0,fourth,4,1671,0,0,second,2,3186,0,0,third,3,3166,0,0,zero,0,1986,0,0
1601198917854269079,first,1,1170,0,0,fourth,4,1670,0,0,second,2,3186,0,0,third,3,3166,0,0,zero,0,1986,0,0
1601198917966290837,first,1,1170,0,0,fourth,4,1670,0,0,second,2,3186,0,0,third,3,3166,0,0,zero,0,1986,0,0
1601198918078186547,first,1,1170,0,0,fourth,4,1671,0,0,second,2,3186,0,0,third,3,3166,0,0,zero,0,1986,0,0
1601198918190379213,first,1,1170,0,0,fourth,4,1670,0,0,second,2,3186,0,0,third,3,3166,0,0,zero,0,1986,0,0
1601198918302319879,first,1,1170,0,0,fourth,4,1670,0,0,second,2,3186,0,0,third,3,3166,0,0,zero,0,1986,0,0
1601198918414237699,first,1,1170,0,0,fourth,4,1670,0,0,second,2,3186,0,0,third,3,3166,0,0,zero,0,1986,0,0
1601198918526289410,first,1,1170,0,0,fourth,4,1670,0,0,second,2,3186,0,0,third,3,3166,0,0,zero,0,1986,0,0
1601198918638298237,first,1,1170,0,0,fourth,4,1671,0,0,second,2,3186,0,0,third,3,3166,0,0,zero,0,1986,0,0
1601198918750128353,first,1,1170,0,0,fourth,4,1670,0,0,second,2,3186,0,0,third,3,3166,0,0,zero,0,1986,0,0
1601198918862217869,first,1,1170,0,0,fourth,4,1670,0,0,second,2,3186,0,0,third,3,3166,0,0,zero,0,1986,0,0
1601198918974163236,first,1,1170,0,0,fourth,4,1670,0,0,second,2,3186,0,0,third,3,3166,0,0,zero,0,1986,0,0
1601198919085657907,first,1,1170,0,0,fourth,4,1670,0,0,second,2,3186,0,0,third,3,3166,0,0,zero,0,1986,0,0
1601198919197665725,first,1,1170,0,0,fourth,4,1670,0,0,second,2,3186,0,0,third,3,3166,0,0,zero,0,1986,0,0
1601198919309560525,first,1,1170,0,0,fourth,4,1670,0,0,second,2,3186,0,0,third,3,3166,0,0,zero,0,1986,0,0
1601198919421530210,first,1,1170,0,0,fourth,4,1670,0,0,second,2,3186,0,0,third,3,3166,0,0,zero,0,1986,0,0
1601198919533553960,first,1,1170,0,0,fourth,4,1670,0,0,second,2,3186,0,0,third,3,3166,0,0,zero,0,1986,0,0
1601198919645541578,first,1,1170,0,0,fourth,4,1670,0,0,second,2,3186,0,0,third,3,3166,0,0,zero,0,1986,0,0
1601198919757633802,first,1,1170,0,0,fourth,4,1670,0,0,second,2,3186,0,0,third,3,3166,0,0,zero,0,1986,0,0
1601198919869568270,first,1,1170,0,0,fourth,4,1670,0,0,second,2,3186,0,0,third,3,3166,0,0,zero,0,1986,0,0
1601198919981616642,first,1,1170,0,0,fourth,4,1670,0,0,second,2,3186,0,0,third,3,3166,0,0,zero,0,1986,0,0
1601198920093534778,first,1,1170,0,0,fourth,4,1670,0,0,second,2,3186,0,0,third,3,3166,0,0,zero,0,1986,0,0
1601198920205517153,first,1,1170,0,0,fourth,4,1670,0,0,second,2,3186,0,0,third,3,3166,0,0,zero,0,1986,0,0
1601198920317810671,first,1,1170,0,0,fourth,4,1670,0,0,second,2,3186,0,0,third,3,3166,0,0,zero,0,1986,0,0
1601198920429921806,first,1,1170,0,0,fourth,4,1670,0,0,second,2,3186,0,0,third,3,3166,0,0,zero,0,1986,0,0
1601198920541812012,first,1,1170,0,0,fourth,4,1670,0,0,second,2,3186,0,0,third,3,3166,0,0,zero,0,1986,0,0
1601198920653827812,first,1,1170,0,0,fourth,4,1670,0,0,second,2,3186,0,0,third,3,3166,0,0,zero,0,1986,0,0
1601198920765861746,first,1,1170,0,0,fourth,4,1670,0,0,second,2,3186,0,0,third,3,3166,0,0,zero,0,1986,0,0
1601198920877920295,first,1,1170,0,0,fourth,4,1670,0,0,second,2,3186,0,0,third,3,3166,0,0,zero,0,1986,0,0
1601198920989850482,first,1,1170,0,0,fourth,4,1670,0,0,second,2,3186,0,0,third,3,3166,0,0,zero,0,1986,0,0
1601198921101875813,first,1,1169,0,0,fourth,4,1670,0,0,second,2,3186,0,0,third,3,3166,0,0,zero,0,1986,0,0
1601198921213945279,first,1,1170,0,0,fourth,4,1670,0,0,second,2,3186,0,0,third,3,3166,0,0,zero,0,1986,0,0
1601198921389976603,first,1,1170,0,0,fourth,4,1670,0,0,second,2,3186,0,0,third,3,3166,0,0,zero,0,1986,0,0
1601198921501886245,first,1,1170,0,0,fourth,4,1670,0,0,second,2,3186,0,0,third,3,3166,0,0,zero,0,1986,0,0
1601198921613811504,first,1,1170,0,0,fourth,4,1671,0,0,second,2,3186,0,0,third,3,3166,0,0,zero,0,1986,0,0
1601198921725942518,first,1,1170,0,0,fourth,4,1670,0,0,second,2,3186,0,0,third,3,3166,0,0,zero,0,1986,0,0
1601198921837786151,first,1,1170,0,0,fourth,4,1670,0,0,second,2,3186,0,0,third,3,3166,0,0,zero,0,1986,0,0
1601198921949856115,first,1,1170,0,0,fourth,4,1670,0,0,second,2,3186,0,0,third,3,3166,0,-1,zero,0,1986,0,0
1601198922061930432,first,1,1169,0,-2,fourth,4,1670,0,-2,second,2,3186,0,0,third,3,3166,0,-4,zero,0,1986,0,-1
1601198922173817347,first,1,1170,0,-1,fourth,4,1670,0,-2,second,2,3186,0,0,third,3,3166,0,-4,zero,0,1986,0,-1
1601198922285890014,first,1,1167,0,-5,fourth,4,1670,0,-2,second,2,3186,0,-1,third,3,3166,0,-2,zero,0,1979,-4,-2
1601198922397859524,first,1,1151,-7,-7,fourth,4,1670,0,-2,second,2,3186,0,-2,third,3,3166,0,-4,zero,0,1954,-14,-11
1601198922509936094,first,1,1121,-15,-8,fourth,4,1671,0,-2,second,2,3186,0,-2,third,3,3166,0,-3,zero,0,1914,-21,-6
1601198922621911319,first,1,1084,-20,-8,fourth,4,1670,0,-3,second,2,3184,0,-4,third,3,3164,0,-4,zero,0,1870,-25,-11
1601198922733800943,first,1,1028,-31,-10,fourth,4,1671,0,-2,second,2,3164,-12,-5,third,3,3153,-5,-4,zero,0,1802,-40,-15
1601198922845906598,first,1,960,-37,-5,fourth,4,1670,0,-2,second,2,3129,-18,-4,third,3,3136,-8,-4,zero,0,1718,-47,-8
1601198922957868143,first,1,901,-33,-7,fourth,4,1669,0,-3,second,2,3089,-21,-5,third,3,3118,-8,-2,zero,0,1643,-42,-11
1601198923069865021,first,1,840,-33,-8,fourth,4,1657,-5,-1,second,2,3041,-26,-4,third,3,3103,-8,-2,zero,0,1569,-41,-12
1601198923182052744,first,1,778,-34,-2,fourth,4,1637,-9,-2,second,2,2994,-25,-1,third,3,3090,-7,-1,zero,0,1500,-37,-8
1601198923294074604,first,1,727,-28,-4,fourth,4,1619,-9,-2,second,2,2964,-15,-2,third,3,3077,-6,-1,zero,0,1446,-29,-8
1601198923406013935,first,1,675,-28,-5,fourth,4,1606,-6,-1,second,2,2947,-8,-1,third,3,3061,-7,-2,zero,0,1388,-32,-13
1601198923517992802,first,1,625,-28,-1,fourth,4,1601,-1,0,second,2,2935,-6,-1,third,3,3046,-7,-1,zero,0,1328,-33,-8
1601198923629971681,first,1,579,-25,-6,fourth,4,1601,0,0,second,2,2927,-4,-1,third,3,3039,-1,0,zero,0,1276,-27,-10
1601198923741987748,first,1,526,-28,-6,fourth,4,1601,0,0,second,2,2915,-4,-3,third,3,3039,0,-1,zero,0,1225,-27,-11
1601198923854126722,first,1,476,-28,-1,fourth,4,1602,0,0,second,2,2902,-5,-1,third,3,3039,0,-1,zero,0,1175,-27,-12
1601198923965923470,first,1,436,-22,-2,fourth,4,1602,0,0,second,2,2892,-5,-3,third,3,3039,0,-1,zero,0,1137,-20,-11
1601198924077897927,first,1,396,-21,-4,fourth,4,1601,0,0,second,2,2879,-6,-3,third,3,3039,0,-2,zero,0,1098,-22,-16
1601198924189883781,first,1,350,-25,-3,fourth,4,1601,0,0,second,2,2863,-7,-3,third,3,3037,0,-1,zero,0,1048,-27,-13
1601198924301869047,first,1,307,-23,-3,fourth,4,1602,0,0,second,2,2846,-9,-5,third,3,3023,-6,-1,zero,0,996,-27,-14
1601198924413341192,first,1,258,-27,-6,fourth,4,1602,0,0,second,2,2824,-10,-5,third,3,3006,-8,-2,zero,0,935,-33,-17
1601198924525910510,first,1,207,-27,-2,fourth,4,1602,0,0,second,2,2799,-12,-2,third,3,2990,-8,-1,zero,0,872,-35,-12
1601198924637895145,first,1,160,-25,-5,fourth,4,1602,0,0,second,2,2777,-12,-2,third,3,2975,-8,-1,zero,0,825,-25,-13
1601198924749868037,first,1,110,-27,-5,fourth,4,1601,0,0,second,2,2757,-10,-4,third,3,2959,-8,-1,zero,0,783,-23,-17
1601198924861834888,first,1,61,-26,-2,fourth,4,1602,0,0,second,2,2739,-9,-3,third,3,2944,-7,-1,zero,0,744,-20,-12
1601198924973824251,first,1,28,-17,-2,fourth,4,1602,0,0,second,2,2723,-8,-3,third,3,2933,-6,-1,zero,0,710,-17,-19
1601198925085861209,first,1,2,-14,-6,fourth,4,1602,0,0,second,2,2703,-9,-5,third,3,2922,-5,-1,zero,0,671,-21,-16
1601198925197786199,first,1,-29,-15,-3,fourth,4,1602,0,0,second,2,2685,-9,-2,third,3,2918,-1,0,zero,0,625,-25,-17
1601198925309836918,first,1,-63,-17,-6,fourth,4,1602,0,0,second,2,2671,-7,-3,third,3,2918,0,-1,zero,0,580,-25,-16
1601198925422127712,first,1,-115,-28,-8,fourth,4,1602,0,0,second,2,2652,-9,-5,third,3,2918,0,0,zero,0,528,-28,-21
1601198925533916913,first,1,-175,-33,-4,fourth,4,1602,0,0,second,2,2632,-10,-3,third,3,2917,0,0,zero,0,469,-32,-19
1601198925645841841,first,1,-226,-28,-6,fourth,4,1602,0,0,second,2,2613,-10,-3,third,3,2914,0,-3,zero,0,413,-31,-18
1601198925757794153,first,1,-278,-28,-7,fourth,4,1602,0,0,second,2,2593,-9,-4,third,3,2895,-9,-2,zero,0,354,-33,-21
1601198925869781414,first,1,-328,-28,-3,fourth,4,1602,0,0,second,2,2571,-11,-4,third,3,2870,-12,-2,zero,0,293,-32,-15
1601198925981823684,first,1,-370,-22,-3,fourth,4,1602,0,0,second,2,2551,-10,-5,third,3,2846,-12,-3,zero,0,252,-20,-18
1601198926093894768,first,1,-403,-18,-7,fourth,4,1602,0,0,second,2,2531,-10,-5,third,3,2824,-11,-1,zero,0,222,-16,-16
1601198926205861182,first,1,-429,-13,-4,fourth,4,1603,0,0,second,2,2513,-9,-2,third,3,2807,-8,-2,zero,0,190,-16,-18
1601198926318004424,first,1,-448,-9,-5,fourth,4,1602,0,0,second,2,2498,-7,-4,third,3,2796,-6,-2,zero,0,158,-16,-21
1601198926429859675,first,1,-475,-14,-6,fourth,4,1602,0,0,second,2,2480,-8,-4,third,3,2782,-6,-2,zero,0,126,-17,-18
1601198926541836149,first,1,-511,-19,-4,fourth,4,1602,0,0,second,2,2462,-9,-2,third,3,2770,-6,-1,zero,0,89,-19,-20
1601198926653934110,first,1,-547,-19,-9,fourth,4,1602,0,0,second,2,2446,-8,-3,third,3,2760,-5,-1,zero,0,51,-19,-19
1601198926765818790,first,1,-588,-21,-8,fourth,4,1602,0,0,second,2,2430,-8,-3,third,3,2748,-5,-2,zero,0,13,-20,-20
1601198926877971192,first,1,-630,-24,-4,fourth,4,1602,0,0,second,2,2413,-8,-3,third,3,2739,-5,-3,zero,0,-35,-25,-20
1601198926989797871,first,1,-663,-17,-7,fourth,4,1602,0,0,second,2,2398,-7,-3,third,3,2729,-4,-3,zero,0,-79,-24,-19
1601198927101780322,first,1,-696,-17,-8,fourth,4,1602,0,0,second,2,2378,-9,-6,third,3,2715,-6,-5,zero,0,-121,-22,-21
1601198927213751196,first,1,-731,-19,-6,fourth,4,1602,0,0,second,2,2359,-10,-5,third,3,2698,-8,-3,zero,0,-155,-18,-17
1601198927325789930,first,1,-757,-13,-6,fourth,4,1602,0,0,second,2,2344,-8,-5,third,3,2685,-6,-5,zero,0,-185,-17,-20
1601198927437813671,first,1,-783,-14,-9,fourth,4,1602,0,0,second,2,2327,-8,-6,third,3,2675,-6,-5,zero,0,-213,-14,-20
1601198927549710476,first,1,-812,-15,-8,fourth,4,1602,0,0,second,2,2309,-9,-5,third,3,2666,-3,-6,zero,0,-239,-14,-18
1601198927661700453,first,1,-834,-11,-8,fourth,4,1602,0,0,second,2,2292,-8,-4,third,3,2662,-1,-5,zero,0,-271,-16,-22
1601198927773714175,first,1,-860,-13,-10,fourth,4,1602,0,0,second,2,2277,-7,-6,third,3,2654,-3,-7,zero,0,-303,-16,-21
1601198927885711833,first,1,-891,-16,-7,fourth,4,1602,0,0,second,2,2260,-8,-4,third,3,2639,-6,-6,zero,0,-328,-14,-18
1601198927997706196,first,1,-917,-14,-7,fourth,4,1602,0,0,second,2,2245,-7,-5,third,3,2624,-6,-7,zero,0,-360,-16,-19
1601198928109862259,first,1,-944,-14,-10,fourth,4,1603,0,-1,second,2,2227,-8,-5,third,3,2607,-8,-7,zero,0,-395,-18,-21
1601198928221821967,first,1,-973,-15,-8,fourth,4,1602,0,0,second,2,2209,-9,-4,third,3,2593,-7,-5,zero,0,-429,-18,-21
1601198928333681377,first,1,-1000,-14,-9,fourth,4,1602,0,0,second,2,2191,-8,-6,third,3,2588,-1,-9,zero,0,-461,-17,-21
1601198928445772455,first,1,-1027,-14,-9,fourth,4,1603,0,-2,second,2,2174,-8,-7,third,3,2586,0,-11,zero,0,-488,-14,-17
1601198928557788598,first,1,-1054,-14,-7,fourth,4,1602,0,-2,second,2,2159,-7,-4,third,3,2574,-4,-9,zero,0,-514,-13,-21
1601198928669846423,first,1,-1075,-10,-7,fourth,4,1602,0,-3,second,2,2149,-4,-7,third,3,2560,-7,-12,zero,0,-546,-16,-18
1601198928781701508,first,1,-1102,-14,-12,fourth,4,1595,-2,-3,second,2,2126,-13,-10,third,3,2533,-14,-15,zero,0,-571,-13,-20
1601198928893667463,first,1,-1128,-14,-8,fourth,4,1577,-9,-3,second,2,2091,-18,-7,third,3,2496,-19,-14,zero,0,-599,-14,-19
1601198929005649643,first,1,-1147,-10,-10,fourth,4,1560,-8,-1,second,2,2052,-20,-10,third,3,2465,-17,-15,zero,0,-633,-18,-20
1601198929117658275,first,1,-1173,-13,-11,fourth,4,1543,-8,-3,second,2,2004,-27,-10,third,3,2423,-23,-16,zero,0,-668,-18,-19
1601198929229866733,first,1,-1197,-13,-10,fourth,4,1522,-11,-2,second,2,1953,-28,-8,third,3,2370,-29,-13,zero,0,-704,-19,-22
1601198929341725039,first,1,-1217,-10,-9,fourth,4,1501,-11,-2,second,2,1912,-21,-5,third,3,2331,-20,-16,zero,0,-742,-20,-20
1601198929453582788,first,1,-1238,-10,-10,fourth,4,1480,-11,-2,second,2,1886,-14,-9,third,3,2288,-23,-16,zero,0,-775,-18,-19
1601198929805765282,first,1,-1258,-10,-7,fourth,4,1460,-11,-1,second,2,1863,-12,-6,third,3,2252,-19,-13,zero,0,-810,-19,-19
1601198929917764836,first,1,-1266,0,-8,fourth,4,1443,0,-2,second,2,1840,0,-7,third,3,2224,0,-11,zero,0,-838,-2,-23
1601198930029568392,first,1,-1275,-4,-6,fourth,4,1440,0,0,second,2,1833,-2,-6,third,3,2210,-6,-16,zero,0,-856,-9,-22
1601198930141929348,first,1,-1284,-4,-5,fourth,4,1434,-1,0,second,2,1823,-4,-5,third,3,2191,-9,-15,zero,0,-877,-11,-22
1601198930253821948,first,1,-1294,-4,-4,fourth,4,1428,-1,0,second,2,1812,-4,-5,third,3,2170,-10,-15,zero,0,-901,-11,-20
1601198930365633722,first,1,-1303,-4,-2,fourth,4,1420,-2,0,second,2,1798,-5,-5,third,3,2146,-11,-16,zero,0,-923,-11,-22
1601198930477619316,first,1,-1310,-3,-2,fourth,4,1412,-3,0,second,2,1784,-6,-4,third,3,2121,-12,-16,zero,0,-944,-11,-21
1601198930589547058,first,1,-1315,-2,-1,fourth,4,1403,-3,0,second,2,1768,-7,-5,third,3,2095,-13,-17,zero,0,-965,-11,-21
1601198930701539786,first,1,-1317,-1,-1,fourth,4,1394,-4,0,second,2,1751,-8,-5,third,3,2067,-14,-18,zero,0,-982,-9,-25
1601198930813482518,first,1,-1318,0,-3,fourth,4,1381,-5,0,second,2,1733,-9,-5,third,3,2038,-15,-19,zero,0,-999,-8,-30
1601198930925505162,first,1,-1318,0,-2,fourth,4,1368,-5,0,second,2,1714,-9,-5,third,3,2009,-15,-19,zero,0,-1014,-8,-26
1601198931037470428,first,1,-1318,0,-1,fourth,4,1356,-5,0,second,2,1696,-9,-5,third,3,1980,-15,-18,zero,0,-1027,-7,-25
1601198931149573412,first,1,-1316,0,0,fourth,4,1343,-5,0,second,2,1678,-9,-4,third,3,1953,-14,-18,zero,0,-1040,-7,-28
1601198931261548443,first,1,-1314,0,0,fourth,4,1331,-5,0,second,2,1661,-9,-4,third,3,1927,-14,-18,zero,0,-1052,-6,-22
1601198931373585551,first,1,-1309,0,0,fourth,4,1320,-5,0,second,2,1646,-8,-3,third,3,1902,-13,-17,zero,0,-1062,-5,-27
1601198931485551373,first,1,-1304,0,0,fourth,4,1312,-5,0,second,2,1631,-8,-4,third,3,1879,-12,-19,zero,0,-1072,-5,-31
1601198931597558914,first,1,-1299,1,0,fourth,4,1301,-5,0,second,2,1617,-7,-3,third,3,1858,-11,-21,zero,0,-1080,-3,-33
1601198931709533040,first,1,-1293,1,0,fourth,4,1291,-5,0,second,2,1603,-7,-3,third,3,1836,-11,-21,zero,0,-1087,-3,-27
1601198931821523505,first,1,-1287,1,0,fourth,4,1282,-4,0,second,2,1589,-7,-3,third,3,1814,-11,-21,zero,0,-1093,-3,-29
1601198931933533867,first,1,-1280,2,0,fourth,4,1272,-4,0,second,2,1576,-7,-4,third,3,1793,-11,-21,zero,0,-1098,-2,-33
1601198932045598430,first,1,-1272,2,0,fourth,4,1261,-4,0,second,2,1563,-7,-4,third,3,1772,-11,-21,zero,0,-1103,-2,-35
1601198932157650602,first,1,-1263,3,0,fourth,4,1250,-4,0,second,2,1550,-6,-4,third,3,1753,-10,-23,zero,0,-1106,-1,-32
1601198932269625706,first,1,-1252,4,0,fourth,4,1240,-4,0,second,2,1537,-6,-4,third,3,1731,-10,-22,zero,0,-1107,0,-36
1601198932381616546,first,1,-1240,4,0,fourth,4,1229,-4,0,second,2,1525,-6,-5,third,3,1708,-11,-21,zero,0,-1106,0,-36
1601198932493557367,first,1,-1227,5,0,fourth,4,1217,-5,0,second,2,1512,-6,-5,third,3,1688,-11,-23,zero,0,-1107,0,-31
1601198932605518338,first,1,-1213,6,0,fourth,4,1204,-5,0,second,2,1499,-6,-4,third,3,1668,-10,-22,zero,0,-1107,0,-23
1601198932717580414,first,1,-1198,6,0,fourth,4,1191,-5,0,second,2,1486,-6,-4,third,3,1647,-10,-22,zero,0,-1107,0,-18
1601198932829500899,first,1,-1183,7,0,fourth,4,1178,-5,0,second,2,1472,-6,-4,third,3,1625,-10,-23,zero,0,-1106,0,-5
1601198932941536793,first,1,-1166,8,0,fourth,4,1165,-5,0,second,2,1459,-6,-4,third,3,1604,-10,-23,zero,0,-1103,0,0
1601198933053589177,first,1,-1149,8,0,fourth,4,1152,-5,0,second,2,1448,-6,-3,third,3,1586,-9,-26,zero,0,-1096,2,0
1601198933165544610,first,1,-1131,8,0,fourth,4,1140,-5,0,second,2,1438,-5,-4,third,3,1567,-9,-28,zero,0,-1087,3,0
1601198933277521183,first,1,-1113,8,0,fourth,4,1127,-5,0,second,2,1427,-5,-3,third,3,1548,-9,-24,zero,0,-1077,3,0
1601198933389498221,first,1,-1094,9,0,fourth,4,1115,-5,0,second,2,1415,-5,-3,third,3,1529,-9,-24,zero,0,-1066,4,0
1601198933501533172,first,1,-1074,10,0,fourth,4,1102,-5,0,second,2,1404,-5,-3,third,3,1512,-9,-30,zero,0,-1053,6,0
1601198933613551847,first,1,-1052,10,0,fourth,4,1089,-5,0,second,2,1393,-5,-4,third,3,1496,-8,-30,zero,0,-1039,6,0
1601198933725564560,first,1,-1028,11,0,fourth,4,1077,-5,0,second,2,1382,-5,-4,third,3,1479,-8,-28,zero,0,-1023,7,0
1601198933837557466,first,1,-1004,12,0,fourth,4,1064,-5,0,second,2,1372,-5,-4,third,3,1461,-8,-27,zero,0,-1007,8,0
1601198933949471740,first,1,-979,12,0,fourth,4,1051,-5,0,second,2,1362,-4,-5,third,3,1443,-8,-28,zero,0,-989,8,0
1601198934061535755,first,1,-953,13,0,fourth,4,1038,-5,0,second,2,1353,-4,-4,third,3,1428,-8,-30,zero,0,-969,9,0
1601198934173519021,first,1,-926,13,0,fourth,4,1026,-5,0,second,2,1345,-4,-3,third,3,1413,-8,-30,zero,0,-949,9,0
1601198934285847378,first,1,-899,14,0,fourth,4,1013,-5,0,second,2,1337,-4,-4,third,3,1398,-7,-31,zero,0,-929,9,0
1601198934397846377,first,1,-873,14,0,fourth,4,1000,-5,0,second,2,1329,-4,-3,third,3,1383,-7,-29,zero,0,-909,10,0
1601198934509729065,first,1,-846,14,0,fourth,4,988,-5,0,second,2,1321,-3,-5,third,3,1369,-7,-27,zero,0,-887,10,0
1601198934621410537,first,1,-817,15,0,fourth,4,975,-5,0,second,2,1313,-3,-5,third,3,1355,-7,-29,zero,0,-864,12,0
1601198934733371070,first,1,-788,15,0,fourth,4,963,-5,0,second,2,1307,-3,-5,third,3,1342,-6,-30,zero,0,-839,12,0
1601198934845661860,first,1,-757,16,0,fourth,4,951,-5,0,second,2,1301,-2,-6,third,3,1330,-6,-33,zero,0,-814,13,0
1601198934957776845,first,1,-725,16,0,fourth,4,938,-5,0,second,2,1295,-2,-6,third,3,1319,-6,-32,zero,0,-786,14,0
1601198935069703469,first,1,-692,17,0,fourth,4,925,-5,0,second,2,1289,-2,-7,third,3,1306,-6,-29,zero,0,-758,15,0
1601198935181454401,first,1,-658,17,0,fourth,4,913,-5,0,second,2,1285,-2,-7,third,3,1293,-6,-28,zero,0,-728,15,0
1601198935293506296,first,1,-623,18,0,fourth,4,902,-5,0,second,2,1281,-2,-8,third,3,1281,-6,-29,zero,0,-697,16,0
1601198935405498329,first,1,-587,18,0,fourth,4,892,-5,0,second,2,1277,-1,-8,third,3,1271,-5,-29,zero,0,-666,16,0
1601198935517443717,first,1,-553,18,0,fourth,4,882,-5,0,second,2,1273,-1,-8,third,3,1263,-4,-27,zero,0,-634,16,0
1601198935629449209,first,1,-518,18,0,fourth,4,872,-5,0,second,2,1270,-1,-9,third,3,1254,-4,-26,zero,0,-603,16,0
1601198935741414132,first,1,-483,18,0,fourth,4,862,-5,0,second,2,1268,-1,-11,third,3,1245,-4,-28,zero,0,-571,17,0
1601198935853376418,first,1,-447,19,0,fourth,4,853,-5,0,second,2,1266,0,-11,third,3,1238,-3,-28,zero,0,-536,17,0
1601198935965453762,first,1,-411,19,0,fourth,4,843,-5,0,second,2,1264,0,-9,third,3,1231,-3,-27,zero,0,-501,18,0
1601198936077430184,first,1,-374,19,0,fourth,4,833,-5,0,second,2,1264,0,-11,third,3,1225,-2,-29,zero,0,-465,18,0
1601198936189296250,first,1,-338,19,0,fourth,4,823,-5,0,second,2,1264,0,-11,third,3,1220,-2,-29,zero,0,-429,19,0
1601198936301343358,first,1,-302,19,0,fourth,4,814,-4,0,second,2,1264,0,-11,third,3,1215,-2,-29,zero,0,-394,19,0
1601198936413303168,first,1,-267,19,0,fourth,4,807,-4,0,second,2,1264,0,-11,third,3,1212,-1,-31,zero,0,-358,19,0
1601198936525254936,first,1,-231,19,0,fourth,4,799,-3,0,second,2,1264,0,-10,third,3,1208,-1,-28,zero,0,-322,19,0
1601198936637287338,first,1,-195,19,0,fourth,4,790,-3,0,second,2,1264,0,-7,third,3,1206,0,-27,zero,0,-286,19,0
1601198936749223674,first,1,-160,19,0,fourth,4,781,-3,0,second,2,1264,0,-4,third,3,1204,0,-26,zero,0,-250,19,0
1601198936861264166,first,1,-124,19,0,fourth,4,774,-3,0,second,2,1264,0,0,third,3,1203,0,-28,zero,0,-214,19,0
1601198936973310713,first,1,-87,19,0,fourth,4,768,-3,0,second,2,1266,0,0,third,3,1203,0,-28,zero,0,-178,19,0
1601198937085529302,first,1,-50,19,0,fourth,4,761,-3,0,second,2,1271,1,0,third,3,1203,0,-29,zero,0,-142,19,0
1601198937197261909,first,1,-11,19,0,fourth,4,754,-3,0,second,2,1276,1,0,third,3,1203,0,-28,zero,0,-107,19,0
1601198937309258409,first,1,26,19,0,fourth,4,748,-3,0,second,2,1283,1,0,third,3,1203,0,-24,zero,0,-72,19,0
1601198937421303635,first,1,64,19,0,fourth,4,741,-3,0,second,2,1289,1,0,third,3,1203,0,-17,zero,0,-35,19,0
1601198937533188483,first,1,100,19,0,fourth,4,736,-2,0,second,2,1297,2,0,third,3,1203,0,-9,zero,0,0,19,0
1601198937645207515,first,1,138,19,0,fourth,4,731,-2,0,second,2,1305,3,0,third,3,1206,0,-8,zero,0,36,19,0
1601198937757236614,first,1,174,19,0,fourth,4,726,-2,0,second,2,1314,3,0,third,3,1211,1,-6,zero,0,71,19,0
1601198937869208915,first,1,211,19,0,fourth,4,721,-2,0,second,2,1323,3,0,third,3,1220,3,-6,zero,0,108,19,0
1601198937981200676,first,1,249,19,0,fourth,4,718,-1,0,second,2,1333,4,0,third,3,1228,3,-5,zero,0,144,19,0
1601198938093239125,first,1,286,19,0,fourth,4,715,-1,0,second,2,1343,4,0,third,3,1237,3,-5,zero,0,179,19,0
1601198938205178641,first,1,323,19,0,fourth,4,712,-1,0,second,2,1353,4,0,third,3,1247,3,-5,zero,0,215,19,0
1601198938317130379,first,1,359,19,0,fourth,4,709,-1,-1,second,2,1364,4,0,third,3,1257,4,-5,zero,0,251,19,0
1601198938429382697,first,1,396,19,0,fourth,4,708,0,-1,second,2,1376,5,0,third,3,1268,4,-5,zero,0,286,19,0
1601198938541155806,first,1,433,20,0,fourth,4,707,0,-1,second,2,1389,6,0,third,3,1280,5,-5,zero,0,323,19,0
1601198938653165175,first,1,470,20,0,fourth,4,705,0,-1,second,2,1402,6,0,third,3,1293,6,-5,zero,0,359,19,0
1601198938765167125,first,1,507,20,0,fourth,4,705,0,-2,second,2,1417,6,0,third,3,1307,6,-5,zero,0,394,19,0
1601198938877138852,first,1,544,20,0,fourth,4,704,0,-2,second,2,1432,7,0,third,3,1321,6,-4,zero,0,430,19,0
1601198938989151398,first,1,582,20,0,fourth,4,703,0,-2,second,2,1448,8,0,third,3,1336,7,-4,zero,0,466,19,0
1601198939101197874,first,1,618,20,0,fourth,4,702,0,-2,second,2,1465,8,0,third,3,1352,7,-4,zero,0,502,19,0
1601198939213145783,first,1,654,20,0,fourth,4,702,0,-4,second,2,1481,8,0,third,3,1368,7,-4,zero,0,538,19,0
1601198939325079726,first,1,691,20,0,fourth,4,702,0,-2,second,2,1499,8,0,third,3,1384,7,-4,zero,0,575,19,0
1601198939437136413,first,1,728,20,0,fourth,4,702,0,-2,second,2,1516,8,0,third,3,1401,7,-4,zero,0,610,19,0
1601198939549107173,first,1,763,20,0,fourth,4,703,0,-1,second,2,1534,8,0,third,3,1418,8,-3,zero,0,645,19,0
1601198939661034982,first,1,799,20,0,fourth,4,707,0,-1,second,2,1551,8,0,third,3,1436,8,-3,zero,0,682,19,0
1601198939773073463,first,1,836,20,0,fourth,4,712,1,-1,second,2,1571,10,0,third,3,1456,9,-3,zero,0,717,19,0
1601198939885062392,first,1,871,20,0,fourth,4,719,2,-1,second,2,1591,10,0,third,3,1476,10,-3,zero,0,753,19,0
1601198939997107545,first,1,908,20,0,fourth,4,727,2,-1,second,2,1613,10,0,third,3,1497,10,-2,zero,0,789,19,0
1601198940109343615,first,1,943,19,0,fourth,4,734,2,-1,second,2,1634,11,0,third,3,1518,11,-2,zero,0,825,19,0
1601198940221162945,first,1,979,19,0,fourth,4,743,3,-1,second,2,1656,11,0,third,3,1540,11,-2,zero,0,860,19,0
1601198940333133331,first,1,1017,19,0,fourth,4,751,3,-1,second,2,1680,11,0,third,3,1562,11,-2,zero,0,895,19,0
1601198940445007266,first,1,1054,19,0,fourth,4,758,3,-1,second,2,1702,11,0,third,3,1583,11,-1,zero,0,930,19,0
1601198940557026472,first,1,1091,19,0,fourth,4,768,3,0,second,2,1723,11,0,third,3,1605,11,-1,zero,0,967,19,0
1601198940669051537,first,1,1127,19,0,fourth,4,776,3,0,second,2,1747,12,0,third,3,1629,11,-1,zero,0,1002,19,0
1601198940781122383,first,1,1164,19,0,fourth,4,786,3,0,second,2,1771,12,0,third,3,1654,12,-1,zero,0,1038,19,0
1601198940893114398,first,1,1200,19,0,fourth,4,796,4,0,second,2,1796,12,0,third,3,1679,12,0,zero,0,1075,19,0
1601198941005109196,first,1,1237,19,0,fourth,4,807,4,0,second,2,1820,12,0,third,3,1704,12,0,zero,0,1110,19,0
1601198941117100182,first,1,1273,19,0,fourth,4,819,4,0,second,2,1846,13,0,third,3,1730,13,0,zero,0,1145,19,0
1601198941229123702,first,1,1308,19,0,fourth,4,830,4,0,second,2,1873,13,0,third,3,1757,13,0,zero,0,1180,19,0
1601198941341112464,first,1,1342,18,0,fourth,4,843,5,0,second,2,1899,13,0,third,3,1786,14,0,zero,0,1216,19,0
1601198941453106417,first,1,1375,18,0,fourth,4,856,5,0,second,2,1926,14,0,third,3,1814,14,0,zero,0,1252,19,0
1601198941565079333,first,1,1406,17,0,fourth,4,869,5,0,second,2,1955,14,0,third,3,1841,14,0,zero,0,1287,19,0
1601198941677075865,first,1,1435,16,0,fourth,4,882,5,0,second,2,1982,14,0,third,3,1868,14,0,zero,0,1324,19,0
1601198941789029383,first,1,1463,15,0,fourth,4,895,5,0,second,2,2008,14,0,third,3,1896,14,0,zero,0,1359,19,0
1601198941901141838,first,1,1488,14,0,fourth,4,908,6,0,second,2,2036,14,0,third,3,1925,14,0,zero,0,1395,19,0
1601198942013102228,first,1,1514,14,0,fourth,4,921,6,0,second,2,2064,14,0,third,3,1954,14,0,zero,0,1431,19,0
1601198942125104892,first,1,1537,13,0,fourth,4,936,7,0,second,2,2093,14,0,third,3,1984,15,0,zero,0,1466,19,0
1601198942236994599,first,1,1560,12,0,fourth,4,950,7,0,second,2,2123,15,0,third,3,2013,15,0,zero,0,1503,19,0
1601198942349181970,first,1,1581,11,0,fourth,4,965,7,0,second,2,2153,15,0,third,3,2042,15,0,zero,0,1538,19,0
1601198942461161929,first,1,1600,10,0,fourth,4,981,7,0,second,2,2184,15,0,third,3,2070,15,0,zero,0,1575,19,0
1601198942573071429,first,1,1618,9,0,fourth,4,996,7,0,second,2,2216,16,0,third,3,2101,16,0,zero,0,1611,19,0
1601198942684994421,first,1,1635,9,0,fourth,4,1013,8,0,second,2,2246,16,0,third,3,2133,16,0,zero,0,1647,19,0
1601198942796951581,first,1,1650,7,0,fourth,4,1030,8,0,second,2,2276,16,0,third,3,2166,16,0,zero,0,1684,19,0
1601198942908947917,first,1,1664,7,0,fourth,4,1046,8,0,second,2,2306,16,0,third,3,2195,16,0,zero,0,1720,19,0
1601198943020958517,first,1,1677,6,0,fourth,4,1061,8,0,second,2,2336,16,0,third,3,2225,15,0,zero,0,1755,18,0
1601198943132912476,first,1,1686,5,0,fourth,4,1077,8,0,second,2,2367,16,0,third,3,2254,15,0,zero,0,1790,19,0
1601198943244759570,first,1,1695,4,0,fourth,4,1094,8,0,second,2,2398,16,0,third,3,2285,16,0,zero,0,1826,19,0
1601198943356896343,first,1,1701,2,0,fourth,4,1112,9,0,second,2,2430,16,0,third,3,2314,16,0,zero,0,1862,19,0
1601198943468829134,first,1,1706,2,0,fourth,4,1128,9,0,second,2,2459,16,0,third,3,2345,15,0,zero,0,1898,19,0
1601198943580871012,first,1,1708,1,0,fourth,4,1147,9,0,second,2,2491,16,0,third,3,2376,16,0,zero,0,1933,19,0
1601198943693041085,first,1,1710,0,0,fourth,4,1165,9,0,second,2,2523,16,0,third,3,2405,15,0,zero,0,1966,17,0
1601198943804979212,first,1,1711,0,-1,fourth,4,1186,10,0,second,2,2554,16,0,third,3,2435,15,0,zero,0,1995,16,0
1601198943916897866,first,1,1711,0,-1,fourth,4,1206,10,0,second,2,2586,16,0,third,3,2465,16,0,zero,0,2020,13,0
1601198944028928257,first,1,1709,0,0,fourth,4,1224,9,0,second,2,2616,16,0,third,3,2493,15,0,zero,0,2042,11,0
1601198944140847623,first,1,1703,-1,0,fourth,4,1241,9,0,second,2,2645,16,0,third,3,2519,14,0,zero,0,2062,11,0
1601198944253020771,first,1,1696,-2,0,fourth,4,1259,9,0,second,2,2672,15,0,third,3,2547,14,0,zero,0,2080,9,0
1601198944364939087,first,1,1686,-4,0,fourth,4,1277,9,0,second,2,2700,14,0,third,3,2575,14,0,zero,0,2094,7,0
1601198944476895784,first,1,1672,-5,-1,fourth,4,1294,9,0,second,2,2728,14,0,third,3,2601,14,0,zero,0,2105,5,0
1601198944588882678,first,1,1656,-7,-2,fourth,4,1311,9,0,second,2,2753,14,0,third,3,2630,14,0,zero,0,2112,3,0
1601198944700851394,first,1,1638,-8,-3,fourth,4,1326,8,0,second,2,2777,13,0,third,3,2658,14,0,zero,0,2114,0,0
1601198944812898612,first,1,1615,-10,-3,fourth,4,1344,8,0,second,2,2800,13,0,third,3,2684,14,0,zero,0,2116,0,0
1601198944924816135,first,1,1593,-11,-3,fourth,4,1362,8,0,second,2,2823,11,0,third,3,2711,14,0,zero,0,2115,0,-2
1601198945037280826,first,1,1571,-11,-3,fourth,4,1380,8,0,second,2,2843,10,0,third,3,2739,14,0,zero,0,2110,-1,-2
1601198945148843529,first,1,1549,-11,-3,fourth,4,1398,8,0,second,2,2862,10,0,third,3,2763,13,0,zero,0,2105,-1,-6
1601198945260941193,first,1,1527,-11,-3,fourth,4,1414,8,0,second,2,2879,9,0,third,3,2786,12,0,zero,0,2099,-1,-5
1601198945372795690,first,1,1506,-11,-2,fourth,4,1429,8,0,second,2,2897,9,0,third,3,2810,12,0,zero,0,2093,-1,-7
1601198945484788962,first,1,1486,-10,-2,fourth,4,1443,7,0,second,2,2913,9,0,third,3,2831,11,0,zero,0,2087,-1,-7
1601198945596820805,first,1,1469,-9,-2,fourth,4,1457,7,0,second,2,2929,8,0,third,3,2849,10,0,zero,0,2081,-1,-5
1601198945708747773,first,1,1451,-9,-2,fourth,4,1469,6,0,second,2,2944,7,0,third,3,2868,10,0,zero,0,2077,-1,-4
1601198945820755391,first,1,1436,-8,-2,fourth,4,1481,6,0,second,2,2957,7,0,third,3,2886,9,0,zero,0,2072,-1,-13
1601198945932694505,first,1,1420,-8,-1,fourth,4,1492,6,0,second,2,2969,7,0,third,3,2902,8,0,zero,0,2067,-1,-6
1601198946044940219,first,1,1406,-7,0,fourth,4,1503,5,0,second,2,2982,6,0,third,3,2919,8,0,zero,0,2063,-1,-6
1601198946156897416,first,1,1394,-7,-1,fourth,4,1513,5,0,second,2,2993,6,0,third,3,2932,7,0,zero,0,2058,-1,-12
1601198946268924912,first,1,1381,-6,0,fourth,4,1523,5,0,second,2,3004,5,0,third,3,2946,7,0,zero,0,2054,-1,-5
1601198946380943982,first,1,1369,-6,0,fourth,4,1532,4,0,second,2,3014,5,0,third,3,2960,7,0,zero,0,2051,-1,-9
1601198946492869467,first,1,1358,-6,0,fourth,4,1540,4,0,second,2,3025,5,0,third,3,2972,6,0,zero,0,2046,-1,-6
1601198946604844941,first,1,1348,-5,0,fourth,4,1548,4,0,second,2,3034,4,0,third,3,2985,6,0,zero,0,2043,-1,-5
1601198946716823451,first,1,1337,-5,0,fourth,4,1555,3,0,second,2,3042,4,0,third,3,2995,5,0,zero,0,2041,0,-1
1601198946828804017,first,1,1327,-5,0,fourth,4,1562,3,0,second,2,3049,3,0,third,3,3006,5,0,zero,0,2038,0,-4
1601198946940683952,first,1,1318,-4,0,fourth,4,1569,3,0,second,2,3058,3,0,third,3,3016,5,0,zero,0,2036,0,-5
1601198947052729955,first,1,1309,-4,0,fourth,4,1576,3,0,second,2,3065,3,0,third,3,3025,4,0,zero,0,2034,0,-10
1601198947164954393,first,1,1300,-4,0,fourth,4,1583,3,-1,second,2,3072,3,0,third,3,3033,4,0,zero,0,2031,0,-2
1601198947276952277,first,1,1292,-4,0,fourth,4,1588,2,-1,second,2,3078,3,0,third,3,3042,4,0,zero,0,2029,0,-4
1601198947388712035,first,1,1285,-3,0,fourth,4,1593,2,-1,second,2,3083,2,0,third,3,3049,3,0,zero,0,2025,0,-6
1601198947500666654,first,1,1279,-3,0,fourth,4,1597,2,-1,second,2,3090,2,0,third,3,3057,3,0,zero,0,2023,0,-7
1601198947612682016,first,1,1273,-3,0,fourth,4,1602,2,-1,second,2,3095,2,0,third,3,3065,3,0,zero,0,2020,0,-6
1601198947724651929,first,1,1266,-3,0,fourth,4,1607,2,-1,second,2,3100,2,0,third,3,3072,3,0,zero,0,2017,0,-3
1601198947836229878,first,1,1260,-3,0,fourth,4,1611,2,-1,second,2,3105,2,0,third,3,3079,3,0,zero,0,2016,0,-3
1601198947949739095,first,1,1255,-2,0,fourth,4,1614,1,-1,second,2,3109,2,0,third,3,3085,2,0,zero,0,2015,0,-1
1601198948060866891,first,1,1251,-2,-1,fourth,4,1618,1,-1,second,2,3114,2,0,third,3,3089,2,0,zero,0,2014,0,-3
1601198948172718260,first,1,1246,-2,-1,fourth,4,1621,1,-1,second,2,3118,1,0,third,3,3095,2,0,zero,0,2014,0,0
1601198948284765685,first,1,1242,-1,-2,fourth,4,1624,1,-1,second,2,3123,1,0,third,3,3100,2,0,zero,0,2013,0,-1
1601198948397003679,first,1,1237,-1,-2,fourth,4,1627,1,-1,second,2,3126,1,0,third,3,3104,2,0,zero,0,2012,0,-1
1601198948508708963,first,1,1232,-1,-2,fourth,4,1630,1,-1,second,2,3129,1,0,third,3,3108,1,0,zero,0,2012,0,-3
1601198948620633345,first,1,1227,-1,-3,fourth,4,1633,1,-1,second,2,3131,0,0,third,3,3112,1,0,zero,0,2011,0,-4
1601198948732614082,first,1,1224,-1,-4,fourth,4,1635,0,-1,second,2,3134,0,0,third,3,3116,1,0,zero,0,2011,0,-4
1601198948844534912,first,1,1222,-1,-4,fourth,4,1639,0,-1,second,2,3137,0,0,third,3,3119,1,0,zero,0,2010,0,-1
1601198948956835671,first,1,1219,-1,-4,fourth,4,1643,0,-1,second,2,3140,0,0,third,3,3123,1,0,zero,0,2010,0,-1
1601198949068738937,first,1,1216,-1,-5,fourth,4,1644,0,-2,second,2,3143,0,0,third,3,3127,1,0,zero,0,2010,0,-2
1601198949180677264,first,1,1213,-1,-5,fourth,4,1644,0,-2,second,2,3145,0,0,third,3,3130,1,0,zero,0,2010,0,-5
1601198949292695341,first,1,1211,-1,-5,fourth,4,1644,0,-2,second,2,3148,0,0,third,3,3134,1,0,zero,0,2010,0,-2
1601198949404734405,first,1,1208,-1,-5,fourth,4,1644,0,-2,second,2,3150,0,0,third,3,3137,1,0,zero,0,2010,0,-4
1601198949516615384,first,1,1206,-1,-5,fourth,4,1644,0,-2,second,2,3152,0,0,third,3,3138,0,0,zero,0,2009,0,-1
1601198949628651396,first,1,1203,-1,-5,fourth,4,1644,0,-2,second,2,3156,0,0,third,3,3140,0,0,zero,0,2009,0,-2
1601198949740692679,first,1,1201,0,-6,fourth,4,1644,0,-2,second,2,3158,0,0,third,3,3141,0,0,zero,0,2009,0,-3
1601198949852652067,first,1,1198,0,-6,fourth,4,1644,0,-2,second,2,3159,0,0,third,3,3143,0,0,zero,0,2008,0,-3
1601198949964536775,first,1,1196,0,-6,fourth,4,1644,0,-2,second,2,3160,0,0,third,3,3144,0,0,zero,0,2007,0,-3
1601198950076592225,first,1,1193,0,-6,fourth,4,1644,0,-2,second,2,3161,0,0,third,3,3145,0,0,zero,0,2006,0,-1
1601198950188585893,first,1,1191,0,-6,fourth,4,1644,0,-2,second,2,3162,0,0,third,3,3146,0,0,zero,0,2005,0,0
1601198950300889384,first,1,1189,0,-6,fourth,4,1644,0,-2,second,2,3163,0,0,third,3,3148,0,0,zero,0,2004,0,-1
1601198950412820278,first,1,1186,0,-6,fourth,4,1644,0,-2,second,2,3164,0,0,third,3,3148,0,0,zero,0,2003,0,-2
1601198950524642806,first,1,1184,0,-7,fourth,4,1644,0,-2,second,2,3164,0,0,third,3,3150,0,0,zero,0,2002,0,-1
1601198950636537754,first,1,1183,0,-6,fourth,4,1644,0,-2,second,2,3165,0,0,third,3,3151,0,0,zero,0,2001,0,0
1601198950748657900,first,1,1181,0,-6,fourth,4,1644,0,-2,second,2,3166,0,0,third,3,3152,0,0,zero,0,2001,0,-2
1601198950860538584,first,1,1179,0,-6,fourth,4,1644,0,-2,second,2,3167,0,0,third,3,3153,0,0,zero,0,2000,0,-1
