1599401769421268415,one,1,-2306,0,-14
1599401769452851530,one,1,-2312,-1,-13
1599401769516953084,one,1,-2336,-18,-11
1599401769548843715,one,1,-2353,-25,-11
1599401769613030314,one,1,-2391,-34,-10
1599401769644865533,one,1,-2410,-36,-10
1599401769709031452,one,1,-2451,-38,-9
1599401769772807742,one,1,-2492,-39,-9
1599401769804812211,one,1,-2513,-39,-10
1599401769868881162,one,1,-2554,-39,-9
1599401769901115505,one,1,-2575,-39,-9
1599401769964986314,one,1,-2615,-39,-9
1599401769996932186,one,1,-2636,-39,-9
1599401770060903434,one,1,-2676,-39,-9
1599401770092868703,one,1,-2696,-39,-9
1599401770156774821,one,1,-2737,-39,-9
1599401770221077564,one,1,-2778,-39,-9
1599401770253007071,one,1,-2798,-39,-9
1599401770317095621,one,1,-2839,-39,-9
1599401770349099941,one,1,-2859,-39,-9
1599401770413035917,one,1,-2900,-39,-9
1599401770444869044,one,1,-2919,-39,-9
1599401770508804003,one,1,-2960,-39,-9
1599401770572907267,one,1,-3000,-39,-9
1599401770605004762,one,1,-3021,-39,-9
1599401770668937552,one,1,-3062,-39,-9
1599401770701471861,one,1,-3082,-39,-9
1599401770765074880,one,1,-3123,-39,-9
1599401770796957621,one,1,-3144,-39,-9
1599401770860541091,one,1,-3184,-39,-9
1599401770892440017,one,1,-3205,-39,-9
1599401770956600834,one,1,-3246,-39,-9
1599401771020735785,one,1,-3288,-39,-9
1599401771052890516,one,1,-3309,-39,-9
1599401771116785238,one,1,-3349,-39,-9
1599401771148811318,one,1,-3370,-39,-9
1599401771212861157,one,1,-3411,-39,-9
1599401771244440703,one,1,-3432,-39,-9
1599401771308425455,one,1,-3472,-39,-9
1599401771372920578,one,1,-3513,-39,-9
1599401771404885146,one,1,-3534,-39,-9
1599401771468994646,one,1,-3574,-39,-9
1599401771500903168,one,1,-3595,-39,-9
1599401771564907680,one,1,-3635,-39,-9
1599401771597145081,one,1,-3655,-39,-9
1599401771660503868,one,1,-3696,-39,-9
1599401771693152844,one,1,-3716,-39,-10
1599401771756869214,one,1,-3756,-39,-9
1599401771820785552,one,1,-3796,-39,-9
1599401771852983017,one,1,-3816,-39,-9
1599401771916375460,one,1,-3857,-39,-9
1599401771948229327,one,1,-3878,-39,-9
1599401772012887828,one,1,-3919,-39,-9
1599401772044798692,one,1,-3939,-39,-9
1599401772108714838,one,1,-3980,-39,-9
1599401772172895439,one,1,-4022,-39,-9
1599401772204811542,one,1,-4043,-40,-9
1599401772268727679,one,1,-4084,-40,-9
1599401772300762777,one,1,-4104,-40,-9
1599401772364623791,one,1,-4147,-40,-9
1599401772396587058,one,1,-4168,-40,-9
1599401772460763513,one,1,-4209,-40,-9
1599401772492827138,one,1,-4229,-40,-9
1599401772556786537,one,1,-4270,-40,-9
1599401772620829300,one,1,-4311,-40,-9
1599401772652738950,one,1,-4332,-40,-9
1599401772716815704,one,1,-4373,-40,-9
1599401772748692837,one,1,-4392,-40,-9
1599401772812634586,one,1,-4433,-39,-9
1599401772844733274,one,1,-4453,-39,-9
1599401772908692885,one,1,-4494,-39,-9
1599401772972681555,one,1,-4535,-39,-9
1599401773004606622,one,1,-4556,-39,-9
1599401773068788334,one,1,-4596,-39,-9
1599401773100834064,one,1,-4617,-39,-10
1599401773164846954,one,1,-4658,-39,-9
1599401773196747121,one,1,-4678,-39,-9
1599401773260699487,one,1,-4719,-39,-9
1599401773292707168,one,1,-4739,-39,-9
1599401773356655385,one,1,-4780,-39,-9
1599401773420696371,one,1,-4821,-39,-9
1599401773452666781,one,1,-4841,-39,-9
1599401773516712001,one,1,-4882,-39,-9
1599401773548531618,one,1,-4901,-39,-9
1599401773612750401,one,1,-4942,-39,-9
1599401773644747617,one,1,-4961,-39,-9
1599401773708713564,one,1,-5001,-39,-9
1599401773772729876,one,1,-5042,-39,-9
1599401773804647547,one,1,-5063,-39,-9
1599401773868681440,one,1,-5104,-39,-9
1599401773900589273,one,1,-5124,-39,-9
1599401773964527530,one,1,-5166,-39,-9
1599401773996514070,one,1,-5187,-39,-9
1599401774060656790,one,1,-5227,-39,-9
1599401774092608741,one,1,-5248,-39,-9
1599401774156561685,one,1,-5288,-39,-10
1599401774220727536,one,1,-5329,-39,-9
1599401774252586871,one,1,-5349,-39,-9
1599401774316624381,one,1,-5390,-39,-10
1599401774348428572,one,1,-5412,-39,-9
1599401774412463217,one,1,-5452,-39,-9
1599401774444564184,one,1,-5472,-39,-10
1599401774508491105,one,1,-5513,-39,-10
1599401774572827510,one,1,-5555,-39,-9
1599401774604742106,one,1,-5576,-39,-9
1599401774668705543,one,1,-5617,-39,-10
1599401774700742288,one,1,-5637,-39,-9
1599401774764268428,one,1,-5678,-39,-9
1599401774796070797,one,1,-5699,-39,-9
1599401774860659810,one,1,-5740,-39,-10
1599401774892563689,one,1,-5761,-39,-10
1599401774956542624,one,1,-5801,-39,-10
1599401775020586398,one,1,-5842,-39,-10
1599401775052475604,one,1,-5862,-39,-9
1599401775116580813,one,1,-5903,-39,-10
1599401775148430690,one,1,-5924,-39,-9
1599401775212659435,one,1,-5965,-39,-9
1599401775244639233,one,1,-5986,-39,-9
1599401775308557584,one,1,-6026,-39,-10
1599401775372436378,one,1,-6067,-39,-10
1599401775404477122,one,1,-6088,-39,-9
1599401775468189354,one,1,-6130,-39,-10
1599401775500512473,one,1,-6151,-39,-10
1599401775564390830,one,1,-6193,-39,-9
1599401775596599012,one,1,-6214,-40,-9
1599401775660711611,one,1,-6254,-40,-9
1599401775692538648,one,1,-6274,-40,-9
1599401775756421351,one,1,-6316,-40,-9
1599401775820471630,one,1,-6357,-40,-10
1599401775852377953,one,1,-6377,-40,-9
1599401775916511084,one,1,-6419,-40,-9
1599401775948398837,one,1,-6439,-40,-9
1599401776012414088,one,1,-6480,-40,-9
1599401776044594656,one,1,-6501,-40,-9
1599401776108559453,one,1,-6541,-40,-9
1599401776172504107,one,1,-6583,-40,-9
1599401776204425254,one,1,-6604,-40,-9
1599401776268489671,one,1,-6645,-40,-9
1599401776300504026,one,1,-6666,-40,-9
1599401776364458021,one,1,-6706,-40,-9
1599401776396488993,one,1,-6727,-40,-9
1599401776460463486,one,1,-6768,-40,-9
1599401776492443694,one,1,-6789,-40,-9
1599401776556325341,one,1,-6829,-40,-9
1599401776620609938,one,1,-6870,-40,-9
1599401776652401768,one,1,-6891,-40,-9
1599401776716458412,one,1,-6931,-40,-9
1599401776748327406,one,1,-6952,-40,-10
1599401776812302530,one,1,-6992,-40,-9
1599401776844366968,one,1,-7012,-40,-9
1599401776908362234,one,1,-7053,-40,-9
1599401776972304271,one,1,-7093,-40,-9
1599401777004227122,one,1,-7113,-40,-9
1599401777068383847,one,1,-7155,-40,-9
1599401777100271485,one,1,-7175,-40,-9
1599401777164333383,one,1,-7217,-40,-9
1599401777196267956,one,1,-7238,-40,-9
1599401777260510750,one,1,-7278,-40,-9
1599401777292360773,one,1,-7299,-40,-9
1599401777356412120,one,1,-7340,-40,-9
1599401777420694910,one,1,-7382,-40,-9
1599401777452392609,one,1,-7403,-40,-9
1599401777516241275,one,1,-7443,-40,-9
1599401777548310850,one,1,-7463,-40,-9
1599401777612444631,one,1,-7504,-40,-9
1599401777644424656,one,1,-7524,-40,-9
1599401777708369554,one,1,-7565,-40,-9
1599401777772295046,one,1,-7606,-40,-9
1599401777804278436,one,1,-7626,-39,-9
1599401777868602934,one,1,-7667,-39,-9
1599401777900112171,one,1,-7688,-39,-9
1599401777964038904,one,1,-7728,-39,-9
1599401777995998050,one,1,-7749,-39,-9
1599401778059787827,one,1,-7790,-39,-9
1599401778091871252,one,1,-7810,-39,-9
1599401778156026038,one,1,-7850,-39,-9
1599401778219765989,one,1,-7891,-39,-9
1599401778251841087,one,1,-7911,-39,-9
1599401778316418507,one,1,-7952,-39,-9
1599401778348487932,one,1,-7974,-39,-9
1599401778412354653,one,1,-8014,-39,-9
1599401778444175144,one,1,-8033,-39,-9
1599401778508369724,one,1,-8074,-39,-9
1599401778572464374,one,1,-8115,-39,-9
1599401778604250287,one,1,-8136,-39,-10
1599401778668298157,one,1,-8175,-39,-9
1599401778700267751,one,1,-8196,-39,-9
1599401778764190176,one,1,-8239,-39,-9
1599401778796304066,one,1,-8260,-39,-9
1599401778859949529,one,1,-8301,-39,-9
1599401778891827433,one,1,-8321,-39,-9
1599401778955811611,one,1,-8363,-39,-9
1599401779019936436,one,1,-8404,-39,-9
1599401779052523163,one,1,-8425,-39,-9
1599401779115905073,one,1,-8466,-39,-9
1599401779147836732,one,1,-8485,-39,-10
1599401779211843620,one,1,-8527,-39,-9
1599401779243826257,one,1,-8547,-39,-10
1599401779307833527,one,1,-8588,-39,-9
1599401779372443799,one,1,-8630,-39,-9
1599401779404343714,one,1,-8650,-39,-9
1599401779468276170,one,1,-8691,-39,-9
1599401779500890884,one,1,-8712,-39,-9
1599401779564294536,one,1,-8753,-39,-9
1599401779596404048,one,1,-8773,-39,-9
1599401779660335465,one,1,-8814,-39,-9
1599401779692275910,one,1,-8835,-39,-10
1599401779756241150,one,1,-8876,-39,-9
1599401779820278222,one,1,-8917,-39,-9
1599401779852350378,one,1,-8937,-39,-9
1599401779916328319,one,1,-8978,-39,-9
1599401779948402603,one,1,-8997,-39,-10
1599401780012290069,one,1,-9037,-39,-9
1599401780044408072,one,1,-9057,-39,-9
1599401780108309595,one,1,-9097,-39,-9
1599401780172432728,one,1,-9138,-39,-10
1599401780204570828,one,1,-9159,-39,-10
1599401780268549306,one,1,-9200,-39,-10
1599401780300726301,one,1,-9220,-39,-10
1599401780364491482,one,1,-9262,-39,-10
1599401780396564360,one,1,-9283,-39,-9
1599401780460291379,one,1,-9324,-39,-9
1599401780492011199,one,1,-9345,-39,-9
1599401780555980877,one,1,-9384,-40,-10
1599401780620424583,one,1,-9426,-40,-9
1599401780652431032,one,1,-9446,-40,-10
1599401780716540804,one,1,-9487,-40,-10
1599401780748383211,one,1,-9508,-40,-10
1599401780812100863,one,1,-9549,-40,-10
1599401780843897100,one,1,-9569,-40,-10
1599401780908412228,one,1,-9610,-40,-10
1599401780972387902,one,1,-9651,-40,-10
1599401781004552087,one,1,-9672,-40,-9
1599401781068499713,one,1,-9712,-40,-9
1599401781100474765,one,1,-9733,-40,-10
1599401781163893450,one,1,-9773,-39,-9
1599401781195860106,one,1,-9794,-39,-10
1599401781260906653,one,1,-9835,-39,-10
1599401781292499192,one,1,-9856,-39,-9
1599401781356312457,one,1,-9896,-39,-10
1599401781420611177,one,1,-9937,-39,-10
1599401781451967320,one,1,-9957,-39,-9
1599401781516390617,one,1,-9998,-39,-9
1599401781548503617,one,1,-10019,-39,-10
1599401781612455268,one,1,-10059,-39,-10
1599401781644529652,one,1,-10080,-39,-10
1599401781708496403,one,1,-10121,-39,-10
1599401781772470237,one,1,-10161,-39,-10
1599401781804358730,one,1,-10182,-39,-10
1599401781868417004,one,1,-10223,-39,-9
1599401781900376683,one,1,-10244,-39,-10
1599401781964306829,one,1,-10285,-39,-10
1599401781996542225,one,1,-10306,-39,-10
1599401782060443874,one,1,-10346,-39,-10
1599401782092352786,one,1,-10366,-39,-9
1599401782156454449,one,1,-10410,-40,-7
1599401782220508122,one,1,-10451,-40,-9
1599401782252509185,one,1,-10471,-40,-9
1599401782316383081,one,1,-10512,-40,-9
1599401782348595556,one,1,-10532,-40,-9
1599401782412386145,one,1,-10573,-40,-9
1599401782444370336,one,1,-10593,-40,-9
1599401782508378809,one,1,-10634,-40,-8
1599401782572268236,one,1,-10677,-40,-8
1599401782604276121,one,1,-10698,-40,-9
1599401782668391862,one,1,-10739,-40,-8
1599401782700289204,one,1,-10759,-40,-9
1599401782764316946,one,1,-10801,-40,-9
1599401782796382290,one,1,-10820,-40,-9
1599401782860531919,one,1,-10862,-40,-9
1599401782892323845,one,1,-10882,-40,-9
1599401782956606964,one,1,-10923,-40,-9
1599401783020352434,one,1,-10964,-40,-9
1599401783052435409,one,1,-10984,-40,-9
1599401783116414533,one,1,-11025,-40,-9
1599401783148384778,one,1,-11046,-40,-9
1599401783212438641,one,1,-11086,-40,-9
1599401783244457110,one,1,-11106,-40,-9
1599401783308390381,one,1,-11147,-40,-9
1599401783372328600,one,1,-11187,-40,-9
1599401783404321450,one,1,-11207,-40,-9
1599401783468485595,one,1,-11248,-40,-9
1599401783500404729,one,1,-11268,-40,-9
1599401783564608184,one,1,-11310,-40,-9
1599401783596477538,one,1,-11330,-40,-9
1599401783660577560,one,1,-11370,-40,-9
1599401783692431385,one,1,-11390,-40,-9
1599401783756398081,one,1,-11432,-40,-9
1599401783820505457,one,1,-11473,-40,-9
1599401783852479064,one,1,-11493,-40,-9
1599401783916409327,one,1,-11535,-40,-9
1599401783948364247,one,1,-11555,-40,-9
1599401784012410065,one,1,-11595,-40,-8
1599401784044617262,one,1,-11616,-40,-8
1599401784108353762,one,1,-11656,-40,-9
1599401784172511588,one,1,-11697,-40,-9
1599401784204392282,one,1,-11717,-40,-8
1599401784268421257,one,1,-11758,-40,-9
1599401784300418773,one,1,-11778,-40,-9
1599401784364573154,one,1,-11819,-40,-8
1599401784396525289,one,1,-11839,-40,-9
1599401784460463206,one,1,-11880,-40,-9
1599401784492434693,one,1,-11900,-39,-9
1599401784556682260,one,1,-11940,-39,-9
1599401784620547037,one,1,-11981,-39,-9
1599401784652617700,one,1,-12002,-39,-9
1599401784716430920,one,1,-12042,-39,-9
1599401784748633517,one,1,-12063,-39,-9
1599401784812124445,one,1,-12104,-39,-9
1599401784844682345,one,1,-12125,-39,-9
1599401784908681742,one,1,-12164,-39,-9
1599401784972657319,one,1,-12205,-39,-9
1599401785004439016,one,1,-12226,-39,-9
1599401785068484657,one,1,-12266,-39,-9
1599401785100529300,one,1,-12286,-39,-9
1599401785164628416,one,1,-12328,-39,-9
1599401785196544213,one,1,-12350,-39,-9
1599401785260480390,one,1,-12391,-39,-9
1599401785292615240,one,1,-12411,-39,-9
1599401785356721833,one,1,-12451,-39,-9
1599401785420556741,one,1,-12492,-39,-9
1599401785452676685,one,1,-12513,-39,-9
1599401785516538520,one,1,-12554,-39,-9
1599401785548342788,one,1,-12575,-39,-9
1599401785612525522,one,1,-12615,-39,-9
1599401785646505414,one,1,-12635,-39,-9
1599401785707966336,one,1,-12675,-39,-9
1599401785772601395,one,1,-12717,-39,-9
1599401785804711295,one,1,-12737,-39,-9
1599401785868510846,one,1,-12779,-39,-9
1599401785900420701,one,1,-12799,-39,-9
1599401785964469010,one,1,-12840,-39,-9
1599401785996398906,one,1,-12861,-39,-9
1599401786060524221,one,1,-12902,-39,-9
1599401786092413865,one,1,-12922,-39,-9
1599401786156591068,one,1,-12963,-39,-9
1599401786220478490,one,1,-13004,-39,-9
1599401786252692551,one,1,-13025,-39,-9
1599401786316565752,one,1,-13066,-39,-9
1599401786348490312,one,1,-13086,-39,-9
1599401786412493149,one,1,-13126,-39,-9
1599401786444563132,one,1,-13147,-39,-9
1599401786508523456,one,1,-13186,-39,-9
1599401786572626636,one,1,-13226,-39,-9
1599401786604751023,one,1,-13246,-39,-9
1599401786668632642,one,1,-13287,-39,-10
1599401786700595711,one,1,-13307,-39,-10
1599401786764640489,one,1,-13348,-39,-9
1599401786796596930,one,1,-13369,-39,-9
1599401786860061488,one,1,-13408,-39,-9
1599401786892038377,one,1,-13429,-39,-9
1599401786956679700,one,1,-13470,-39,-9
1599401787020655557,one,1,-13509,-39,-9
1599401787052688692,one,1,-13529,-39,-9
1599401787116555001,one,1,-13571,-39,-10
1599401787148418798,one,1,-13591,-39,-9
1599401787212557880,one,1,-13633,-39,-10
1599401787244519503,one,1,-13653,-39,-10
1599401787308497850,one,1,-13694,-39,-9
1599401787372666058,one,1,-13736,-39,-9
1599401787404461024,one,1,-13756,-39,-9
1599401787468729194,one,1,-13797,-39,-10
1599401787500533086,one,1,-13818,-39,-9
1599401787564892095,one,1,-13858,-39,-10
