1599400986611730499,one,1,-2411,0,-3
1599400986643597108,one,1,-2412,0,-2
1599400986707679382,one,1,-2418,-2,-3
1599400986739508378,one,1,-2422,-5,-4
1599400986803562439,one,1,-2432,-8,-5
1599400986835788811,one,1,-2438,-8,-5
1599400986899585373,one,1,-2449,-9,-5
1599400986963546060,one,1,-2460,-9,-5
1599400986995675887,one,1,-2467,-9,-5
1599400987059698271,one,1,-2477,-9,-5
1599400987091496197,one,1,-2483,-9,-5
1599400987155618746,one,1,-2494,-9,-5
1599400987187593744,one,1,-2500,-9,-5
1599400987251554797,one,1,-2510,-9,-6
1599400987283488423,one,1,-2515,-9,-6
1599400987347521004,one,1,-2526,-9,-6
1599400987411500162,one,1,-2538,-9,-6
1599400987443515173,one,1,-2543,-9,-6
1599400987507465882,one,1,-2554,-9,-6
1599400987539405168,one,1,-2560,-9,-5
1599400987603467055,one,1,-2570,-9,-6
1599400987635684659,one,1,-2575,-9,-6
1599400987699704043,one,1,-2586,-9,-6
1599400987763603722,one,1,-2597,-9,-6
1599400987795468956,one,1,-2603,-9,-6
1599400987859484512,one,1,-2613,-9,-6
1599400987891694621,one,1,-2619,-9,-6
1599400987955614143,one,1,-2630,-9,-6
1599400987989935620,one,1,-2636,-9,-6
1599400988051514285,one,1,-2646,-9,-6
1599400988083438900,one,1,-2652,-9,-6
1599400988147478078,one,1,-2663,-9,-5
1599400988211388788,one,1,-2674,-9,-6
1599400988243552446,one,1,-2679,-9,-6
1599400988307473240,one,1,-2690,-9,-6
1599400988339539813,one,1,-2695,-9,-6
1599400988403443869,one,1,-2706,-9,-6
1599400988435506133,one,1,-2711,-9,-6
1599400988499694572,one,1,-2723,-9,-6
1599400988563545054,one,1,-2734,-9,-6
1599400988595403655,one,1,-2739,-9,-6
1599400988659456021,one,1,-2751,-9,-6
1599400988691333909,one,1,-2755,-9,-6
1599400988755350933,one,1,-2766,-9,-6
1599400988787664797,one,1,-2772,-9,-6
1599400988850979067,one,1,-2783,-9,-6
1599400988883458445,one,1,-2788,-9,-6
1599400988947626726,one,1,-2800,-9,-5
1599400989011527189,one,1,-2810,-9,-6
1599400989043662017,one,1,-2816,-9,-6
1599400989106984791,one,1,-2827,-9,-6
1599400989139178303,one,1,-2832,-9,-6
1599400989203355724,one,1,-2843,-9,-6
1599400989235426803,one,1,-2849,-9,-6
1599400989299422044,one,1,-2859,-9,-6
1599400989363518210,one,1,-2871,-9,-6
1599400989395445318,one,1,-2876,-9,-6
1599400989459497291,one,1,-2887,-9,-6
1599400989491445467,one,1,-2893,-9,-6
1599400989555361071,one,1,-2904,-9,-5
1599400989587290630,one,1,-2909,-9,-5
1599400989651413739,one,1,-2919,-9,-5
1599400989683306924,one,1,-2925,-9,-5
1599400989747532250,one,1,-2936,-9,-5
1599400989811432520,one,1,-2946,-9,-5
1599400989843548166,one,1,-2952,-9,-5
1599400989907328495,one,1,-2964,-9,-5
1599400989939318401,one,1,-2969,-9,-5
1599400990003372231,one,1,-2979,-9,-5
1599400990035640162,one,1,-2984,-9,-5
1599400990099435210,one,1,-2995,-9,-5
1599400990163233942,one,1,-3007,-9,-5
1599400990195380755,one,1,-3012,-9,-5
1599400990259295310,one,1,-3023,-9,-5
1599400990291424653,one,1,-3029,-9,-5
1599400990355349295,one,1,-3040,-9,-5
1599400990387291508,one,1,-3046,-9,-5
1599400990451366868,one,1,-3056,-9,-5
1599400990483363275,one,1,-3062,-9,-5
1599400990547260017,one,1,-3073,-9,-5
1599400990611583289,one,1,-3084,-9,-5
1599400990643481868,one,1,-3089,-9,-5
1599400990707377422,one,1,-3101,-9,-5
1599400990739248570,one,1,-3106,-9,-5
1599400990803401074,one,1,-3118,-9,-5
1599400990835503237,one,1,-3123,-9,-5
1599400990899482619,one,1,-3135,-9,-5
1599400990963333670,one,1,-3146,-9,-5
1599400990995351743,one,1,-3151,-9,-5
1599400991059317959,one,1,-3162,-9,-5
1599400991091316713,one,1,-3168,-9,-6
1599400991155400573,one,1,-3178,-9,-5
1599400991187453168,one,1,-3184,-9,-5
1599400991251355709,one,1,-3195,-9,-5
1599400991283276954,one,1,-3201,-9,-5
1599400991347195192,one,1,-3212,-9,-5
1599400991411402932,one,1,-3223,-9,-5
1599400991443278978,one,1,-3228,-9,-6
1599400991507441923,one,1,-3239,-9,-6
1599400991539304886,one,1,-3244,-9,-6
1599400991603322182,one,1,-3256,-9,-6
1599400991635361974,one,1,-3262,-9,-6
1599400991699144090,one,1,-3272,-9,-5
1599400991763515758,one,1,-3284,-9,-5
1599400991795446614,one,1,-3290,-9,-5
1599400991859350662,one,1,-3301,-9,-5
1599400991891181872,one,1,-3306,-9,-5
1599400991955312710,one,1,-3318,-9,-5
1599400991987279061,one,1,-3323,-9,-5
1599400992051296829,one,1,-3334,-9,-5
1599400992083224551,one,1,-3339,-9,-5
1599400992147300014,one,1,-3350,-9,-5
1599400992211260505,one,1,-3361,-9,-5
1599400992243268578,one,1,-3367,-9,-5
1599400992307096102,one,1,-3378,-9,-5
1599400992338892738,one,1,-3383,-9,-5
1599400992402829703,one,1,-3394,-9,-5
1599400992435160329,one,1,-3400,-9,-5
1599400992499078243,one,1,-3411,-9,-5
1599400992563016124,one,1,-3422,-9,-5
1599400992594964887,one,1,-3428,-9,-5
1599400992659016403,one,1,-3439,-9,-5
1599400992691224568,one,1,-3444,-9,-5
1599400992755108217,one,1,-3455,-9,-5
1599400992787076992,one,1,-3461,-9,-5
1599400992851034387,one,1,-3472,-9,-5
1599400992883038913,one,1,-3477,-9,-6
1599400992946957799,one,1,-3488,-9,-6
1599400993010977896,one,1,-3499,-9,-6
1599400993043113474,one,1,-3505,-9,-6
1599400993107137688,one,1,-3515,-9,-6
1599400993139062821,one,1,-3521,-9,-6
1599400993203032211,one,1,-3532,-9,-6
1599400993235166128,one,1,-3538,-9,-6
1599400993299279349,one,1,-3548,-9,-6
1599400993363044292,one,1,-3560,-9,-6
1599400993395102819,one,1,-3565,-9,-6
1599400993458941626,one,1,-3576,-9,-6
1599400993490788136,one,1,-3581,-9,-6
1599400993555132595,one,1,-3592,-9,-6
1599400993587197776,one,1,-3598,-9,-6
1599400993651145592,one,1,-3608,-9,-6
1599400993683238151,one,1,-3614,-9,-6
1599400993747137291,one,1,-3625,-9,-5
1599400993811118103,one,1,-3636,-9,-6
1599400993843212267,one,1,-3641,-9,-6
1599400993907591738,one,1,-3652,-9,-6
1599400993939404375,one,1,-3657,-9,-6
1599400994002954742,one,1,-3668,-9,-6
1599400994034899414,one,1,-3674,-9,-6
1599400994098921995,one,1,-3684,-9,-6
1599400994162907780,one,1,-3695,-9,-6
1599400994195101229,one,1,-3701,-9,-6
1599400994259323117,one,1,-3712,-9,-6
1599400994291176776,one,1,-3717,-9,-6
1599400994355390544,one,1,-3728,-9,-6
1599400994386679402,one,1,-3733,-9,-6
1599400994451127859,one,1,-3744,-9,-6
1599400994483343668,one,1,-3749,-9,-6
1599400994547022306,one,1,-3760,-9,-6
1599400994611060565,one,1,-3770,-9,-6
1599400994643121087,one,1,-3775,-9,-6
1599400994707214432,one,1,-3787,-9,-6
1599400994738703498,one,1,-3792,-9,-6
1599400994802534269,one,1,-3803,-9,-6
1599400994835226574,one,1,-3808,-9,-6
1599400994898526503,one,1,-3818,-9,-5
1599400994962639442,one,1,-3830,-9,-6
1599400994994998350,one,1,-3836,-9,-6
1599400995059082087,one,1,-3846,-9,-6
1599400995091905379,one,1,-3852,-9,-6
1599400995155073341,one,1,-3862,-9,-6
1599400995187084052,one,1,-3868,-9,-6
1599400995251100698,one,1,-3880,-9,-6
1599400995283058274,one,1,-3885,-9,-6
1599400995347067451,one,1,-3895,-9,-6
1599400995410488245,one,1,-3907,-9,-6
1599400995442970677,one,1,-3912,-9,-6
1599400995506968673,one,1,-3923,-9,-6
1599400995539086953,one,1,-3928,-9,-6
1599400995602971651,one,1,-3938,-9,-6
1599400995635029365,one,1,-3944,-9,-6
1599400995699052706,one,1,-3955,-9,-6
1599400995762458265,one,1,-3966,-9,-6
1599400995795096530,one,1,-3971,-9,-6
1599400995858947395,one,1,-3982,-9,-6
1599400995891062872,one,1,-3987,-9,-6
1599400995955008170,one,1,-3999,-9,-6
1599400995987099351,one,1,-4005,-9,-6
1599400996050985365,one,1,-4015,-9,-6
1599400996083081733,one,1,-4021,-9,-6
1599400996147055626,one,1,-4032,-9,-6
1599400996210878580,one,1,-4043,-9,-6
1599400996242966081,one,1,-4048,-9,-6
1599400996306991217,one,1,-4059,-9,-6
1599400996339102091,one,1,-4064,-9,-6
1599400996402397962,one,1,-4076,-9,-6
1599400996434474754,one,1,-4081,-9,-6
1599400996499009712,one,1,-4092,-9,-6
1599400996562821183,one,1,-4103,-9,-6
1599400996594740198,one,1,-4108,-9,-6
1599400996659055038,one,1,-4121,-9,-6
1599400996690850811,one,1,-4126,-9,-6
1599400996754837721,one,1,-4137,-9,-6
1599400996786871991,one,1,-4142,-9,-6
1599400996850812791,one,1,-4155,-9,-6
1599400996882979391,one,1,-4160,-9,-6
1599400996947458288,one,1,-4171,-9,-5
1599400997010767509,one,1,-4182,-9,-6
1599400997043044624,one,1,-4187,-9,-6
1599400997106749782,one,1,-4199,-9,-6
1599400997138829235,one,1,-4204,-9,-6
1599400997202766510,one,1,-4215,-9,-6
1599400997235377905,one,1,-4221,-9,-6
1599400997298840122,one,1,-4232,-9,-6
1599400997362834401,one,1,-4243,-9,-6
1599400997394870864,one,1,-4249,-9,-6
1599400997458821520,one,1,-4260,-9,-6
1599400997490753721,one,1,-4265,-9,-6
1599400997554862975,one,1,-4276,-9,-6
1599400997586785387,one,1,-4282,-9,-6
1599400997650903466,one,1,-4293,-9,-6
1599400997682849372,one,1,-4298,-9,-6
1599400997746679515,one,1,-4309,-9,-6
1599400997810721733,one,1,-4321,-9,-6
1599400997842880586,one,1,-4326,-9,-6
1599400997906679911,one,1,-4337,-9,-6
1599400997938666590,one,1,-4342,-9,-6
1599400998003133840,one,1,-4354,-9,-6
1599400998035406245,one,1,-4359,-9,-6
1599400998098851722,one,1,-4370,-9,-6
1599400998162807813,one,1,-4381,-9,-6
1599400998194803198,one,1,-4386,-9,-6
1599400998258288929,one,1,-4397,-9,-6
1599400998290189614,one,1,-4402,-9,-6
1599400998354805312,one,1,-4412,-9,-5
1599400998386790039,one,1,-4418,-9,-5
1599400998450780957,one,1,-4429,-9,-5
1599400998482968912,one,1,-4435,-9,-6
1599400998546843673,one,1,-4446,-9,-6
1599400998610882224,one,1,-4457,-9,-6
1599400998643128597,one,1,-4462,-9,-6
1599400998706801295,one,1,-4473,-9,-6
1599400998738694596,one,1,-4478,-9,-6
1599400998802711540,one,1,-4489,-9,-6
1599400998834837158,one,1,-4495,-9,-6
1599400998898840862,one,1,-4506,-9,-5
1599400998962665162,one,1,-4517,-9,-5
1599400998994669816,one,1,-4522,-9,-5
1599400999058681246,one,1,-4533,-9,-5
1599400999090695006,one,1,-4539,-9,-5
1599400999154679946,one,1,-4550,-9,-6
1599400999186519398,one,1,-4555,-9,-6
1599400999250851507,one,1,-4566,-9,-6
1599400999282750465,one,1,-4572,-9,-6
1599400999346553585,one,1,-4582,-9,-6
1599400999410727506,one,1,-4594,-9,-6
1599400999442711798,one,1,-4599,-9,-6
1599400999506835669,one,1,-4610,-9,-6
1599400999538788678,one,1,-4616,-9,-6
1599400999602716570,one,1,-4626,-9,-6
1599400999634708917,one,1,-4631,-9,-6
1599400999698743782,one,1,-4642,-9,-6
1599400999762523813,one,1,-4653,-9,-6
1599400999794603115,one,1,-4659,-9,-6
1599400999858532216,one,1,-4670,-9,-6
1599400999890490340,one,1,-4675,-9,-6
1599400999954477405,one,1,-4686,-9,-6
1599400999986495851,one,1,-4691,-9,-6
1599401000050695790,one,1,-4702,-9,-6
1599401000082665195,one,1,-4707,-9,-6
1599401000146389566,one,1,-4718,-9,-6
1599401000210440758,one,1,-4729,-9,-6
1599401000242892340,one,1,-4734,-9,-6
1599401000306667264,one,1,-4745,-9,-6
1599401000338519249,one,1,-4751,-9,-6
1599401000402666510,one,1,-4761,-9,-6
1599401000434506068,one,1,-4767,-9,-6
1599401000498513611,one,1,-4778,-9,-6
1599401000562463775,one,1,-4788,-9,-7
1599401000594398096,one,1,-4794,-9,-7
1599401000658832647,one,1,-4805,-9,-7
1599401000690510213,one,1,-4809,-9,-7
1599401000754427569,one,1,-4821,-9,-7
1599401000786397550,one,1,-4826,-9,-7
1599401000850116397,one,1,-4836,-9,-7
1599401000882662459,one,1,-4842,-9,-6
1599401000946384793,one,1,-4853,-9,-6
1599401001010366497,one,1,-4864,-9,-6
1599401001042734093,one,1,-4869,-9,-6
1599401001106672760,one,1,-4879,-9,-6
1599401001138561594,one,1,-4885,-9,-6
1599401001202554060,one,1,-4896,-9,-6
1599401001234574273,one,1,-4900,-9,-6
1599401001298695663,one,1,-4911,-9,-6
1599401001362129063,one,1,-4921,-9,-6
1599401001394151187,one,1,-4927,-9,-6
1599401001458749481,one,1,-4938,-9,-6
1599401001490458358,one,1,-4943,-9,-6
1599401001554574130,one,1,-4954,-9,-6
1599401001586679754,one,1,-4960,-9,-6
1599401001650582586,one,1,-4969,-9,-6
1599401001682711969,one,1,-4975,-9,-6
1599401001746420065,one,1,-4985,-9,-6
1599401001810533541,one,1,-4997,-9,-6
1599401001842545752,one,1,-5002,-9,-6
1599401001906552759,one,1,-5012,-9,-6
1599401001938476073,one,1,-5018,-9,-6
1599401002002515704,one,1,-5028,-9,-6
1599401002034317507,one,1,-5034,-9,-6
1599401002098377659,one,1,-5045,-9,-6
1599401002162334462,one,1,-5056,-9,-6
1599401002194397525,one,1,-5061,-9,-6
1599401002258391506,one,1,-5072,-9,-6
1599401002290323772,one,1,-5077,-9,-6
1599401002354374453,one,1,-5089,-9,-6
1599401002386275397,one,1,-5094,-9,-6
1599401002450522577,one,1,-5104,-9,-6
1599401002514265729,one,1,-5115,-9,-6
1599401002546270217,one,1,-5121,-9,-6
1599401002610472043,one,1,-5131,-9,-6
1599401002642396729,one,1,-5137,-9,-6
1599401002706453953,one,1,-5148,-9,-6
1599401002738560062,one,1,-5153,-9,-6
1599401002802451253,one,1,-5164,-9,-6
1599401002834354572,one,1,-5170,-9,-6
1599401002898392028,one,1,-5181,-9,-6
1599401002962350316,one,1,-5191,-9,-6
1599401002994363760,one,1,-5196,-9,-6
1599401003058484612,one,1,-5207,-9,-6
1599401003090333733,one,1,-5213,-9,-6
1599401003154246831,one,1,-5224,-9,-6
1599401003186323495,one,1,-5229,-9,-6
1599401003250382916,one,1,-5241,-9,-6
1599401003314178140,one,1,-5251,-9,-6
1599401003346447584,one,1,-5256,-9,-6
1599401003410300382,one,1,-5268,-9,-6
1599401003442558811,one,1,-5273,-9,-6
1599401003506296240,one,1,-5282,-9,-6
1599401003538237641,one,1,-5287,-9,-6
1599401003602424105,one,1,-5299,-9,-6
1599401003634291800,one,1,-5304,-9,-6
1599401003698323723,one,1,-5315,-9,-6
1599401003762311635,one,1,-5326,-9,-6
1599401003794396243,one,1,-5331,-9,-6
1599401003858509736,one,1,-5342,-9,-6
1599401003890346552,one,1,-5347,-9,-6
1599401003954253032,one,1,-5358,-9,-6
1599401003986246856,one,1,-5363,-9,-6
1599401004050367876,one,1,-5374,-9,-7
1599401004114275131,one,1,-5384,-9,-7
1599401004146247523,one,1,-5390,-9,-7
1599401004210351111,one,1,-5401,-9,-7
1599401004242438022,one,1,-5407,-10,-7
1599401004306212330,one,1,-5419,-10,-7
1599401004338377263,one,1,-5424,-10,-7
1599401004402274663,one,1,-5435,-10,-7
1599401004434373236,one,1,-5441,-10,-7
1599401004498284660,one,1,-5452,-10,-7
1599401004562233524,one,1,-5462,-10,-7
1599401004594194480,one,1,-5468,-10,-7
1599401004658336865,one,1,-5478,-9,-7
1599401004690159630,one,1,-5484,-9,-7
1599401004753888904,one,1,-5495,-9,-7
1599401004785787225,one,1,-5500,-9,-7
1599401004850467400,one,1,-5512,-9,-7
1599401004914257300,one,1,-5523,-9,-7
1599401004946251138,one,1,-5529,-9,-7
1599401005010334480,one,1,-5541,-9,-7
1599401005042272970,one,1,-5547,-9,-7
1599401005106266925,one,1,-5558,-9,-7
1599401005138129393,one,1,-5564,-9,-7
1599401005202264626,one,1,-5575,-9,-6
1599401005234253181,one,1,-5581,-9,-6
1599401005298165873,one,1,-5592,-9,-6
1599401005362101532,one,1,-5603,-9,-6
1599401005394140979,one,1,-5609,-9,-6
1599401005458339681,one,1,-5620,-9,-6
1599401005490191272,one,1,-5626,-9,-6
1599401005554173932,one,1,-5637,-9,-6
1599401005586187967,one,1,-5642,-9,-7
1599401005650234177,one,1,-5654,-9,-7
1599401005714255624,one,1,-5665,-9,-7
1599401005746195622,one,1,-5671,-9,-7
1599401005810191769,one,1,-5682,-9,-7
1599401005842112502,one,1,-5688,-9,-7
1599401005906143773,one,1,-5699,-9,-7
1599401005938097677,one,1,-5705,-9,-7
1599401006002051969,one,1,-5716,-9,-7
1599401006034290906,one,1,-5722,-9,-7
1599401006098165861,one,1,-5733,-9,-7
1599401006162067427,one,1,-5744,-9,-7
1599401006193992716,one,1,-5750,-9,-7
1599401006258258726,one,1,-5761,-9,-6
1599401006290048968,one,1,-5767,-9,-6
1599401006354012736,one,1,-5778,-9,-7
1599401006385969893,one,1,-5783,-9,-7
1599401006450116600,one,1,-5795,-9,-7
1599401006514141775,one,1,-5806,-9,-7
1599401006546131639,one,1,-5812,-9,-7
1599401006610081956,one,1,-5822,-9,-7
1599401006642118806,one,1,-5828,-9,-7
1599401006706031575,one,1,-5839,-9,-7
1599401006737995763,one,1,-5845,-9,-6
1599401006802240509,one,1,-5856,-9,-6
1599401006833632342,one,1,-5861,-9,-6
1599401006898127341,one,1,-5873,-9,-6
1599401006962076488,one,1,-5884,-9,-6
1599401006994071693,one,1,-5890,-9,-6
1599401007058329965,one,1,-5901,-9,-7
1599401007090106720,one,1,-5907,-9,-7
1599401007154031212,one,1,-5917,-9,-7
1599401007185996347,one,1,-5925,-9,-7
1599401007250156196,one,1,-5935,-9,-7
1599401007313672458,one,1,-5947,-9,-6
1599401007346145801,one,1,-5953,-9,-6
1599401007410123927,one,1,-5964,-9,-6
1599401007441923665,one,1,-5969,-9,-6
1599401007506103195,one,1,-5981,-9,-6
1599401007538144631,one,1,-5986,-9,-6
1599401007601988950,one,1,-5997,-9,-6
1599401007634062694,one,1,-6003,-9,-6
1599401007697987229,one,1,-6014,-9,-6
1599401007761880419,one,1,-6025,-9,-6
1599401007793851425,one,1,-6031,-9,-6
1599401007858362087,one,1,-6042,-10,-6
1599401007890010185,one,1,-6047,-10,-6
1599401007953826467,one,1,-6059,-10,-6
1599401007985868781,one,1,-6064,-10,-6
1599401008049997657,one,1,-6075,-10,-6
1599401008113938281,one,1,-6086,-10,-6
1599401008146015215,one,1,-6092,-10,-6
1599401008210028765,one,1,-6103,-10,-6
1599401008241924232,one,1,-6109,-10,-6
1599401008306063675,one,1,-6121,-10,-6
1599401008338087603,one,1,-6126,-10,-6
1599401008402001502,one,1,-6138,-10,-6
1599401008433926687,one,1,-6143,-10,-6
1599401008497945065,one,1,-6154,-10,-6
1599401008561866869,one,1,-6166,-10,-7
1599401008593827164,one,1,-6171,-10,-7
1599401008658106983,one,1,-6182,-10,-7
1599401008689803317,one,1,-6188,-10,-6
1599401008753878129,one,1,-6199,-10,-6
1599401008785777781,one,1,-6205,-10,-6
1599401008849997861,one,1,-6216,-10,-6
1599401008913925708,one,1,-6227,-10,-6
1599401008945823108,one,1,-6233,-10,-6
1599401009010079536,one,1,-6244,-10,-6
1599401009042088370,one,1,-6249,-10,-6
1599401009106102817,one,1,-6260,-10,-6
1599401009137953964,one,1,-6266,-10,-6
1599401009201968760,one,1,-6277,-10,-6
1599401009233941172,one,1,-6282,-10,-6
1599401009297961356,one,1,-6294,-10,-6
1599401009361864429,one,1,-6307,-10,-6
1599401009393909120,one,1,-6312,-10,-6
1599401009458060104,one,1,-6323,-10,-6
1599401009489842961,one,1,-6329,-10,-6
1599401009553850460,one,1,-6340,-10,-6
1599401009585980526,one,1,-6346,-10,-6
1599401009649967690,one,1,-6357,-10,-6
1599401009713925998,one,1,-6369,-10,-6
1599401009745982089,one,1,-6374,-10,-6
1599401009809940162,one,1,-6386,-10,-6
1599401009841964019,one,1,-6391,-10,-6
1599401009905841449,one,1,-6402,-10,-6
1599401009937752047,one,1,-6408,-10,-6
1599401010001723590,one,1,-6420,-10,-6
1599401010033811410,one,1,-6425,-10,-6
1599401010097827696,one,1,-6436,-10,-6
1599401010161701220,one,1,-6447,-10,-6
1599401010193675930,one,1,-6453,-10,-6
1599401010257826072,one,1,-6465,-10,-6
1599401010289823560,one,1,-6470,-10,-6
1599401010353450294,one,1,-6482,-10,-6
1599401010385788007,one,1,-6487,-10,-6
1599401010450026922,one,1,-6499,-10,-6
1599401010513851628,one,1,-6510,-10,-6
1599401010545900474,one,1,-6516,-10,-6
1599401010609846093,one,1,-6527,-10,-6
1599401010641928491,one,1,-6532,-10,-6
1599401010705811153,one,1,-6544,-10,-6
1599401010737979701,one,1,-6549,-10,-6
1599401010801806822,one,1,-6562,-10,-6
1599401010833678172,one,1,-6568,-10,-6
1599401010897750708,one,1,-6579,-10,-6
1599401010961673280,one,1,-6590,-10,-6
1599401010993673496,one,1,-6595,-10,-6
1599401011057871312,one,1,-6606,-10,-6
1599401011089709861,one,1,-6612,-10,-6
1599401011153657371,one,1,-6622,-10,-6
1599401011185650623,one,1,-6628,-10,-6
1599401011249884620,one,1,-6639,-10,-6
1599401011313707117,one,1,-6650,-10,-6
1599401011345885312,one,1,-6655,-10,-6
1599401011409739621,one,1,-6666,-10,-6
1599401011441903774,one,1,-6671,-10,-6
1599401011505730743,one,1,-6682,-10,-6
1599401011537759102,one,1,-6688,-10,-6
1599401011601693932,one,1,-6699,-10,-6
1599401011633717717,one,1,-6704,-10,-6
1599401011697683537,one,1,-6715,-10,-6
1599401011761597263,one,1,-6726,-10,-6
1599401011793759907,one,1,-6731,-10,-6
1599401011857827293,one,1,-6742,-10,-6
1599401011889720005,one,1,-6748,-10,-6
1599401011953733844,one,1,-6759,-10,-6
1599401011985646328,one,1,-6764,-10,-6
1599401012049715838,one,1,-6775,-10,-6
1599401012113666158,one,1,-6786,-10,-6
1599401012145664574,one,1,-6791,-10,-6
1599401012209659050,one,1,-6802,-10,-6
1599401012241845669,one,1,-6808,-10,-6
1599401012305758111,one,1,-6819,-10,-6
1599401012337689211,one,1,-6824,-10,-6
1599401012401619387,one,1,-6835,-10,-6
1599401012433579890,one,1,-6840,-10,-6
1599401012497644063,one,1,-6851,-10,-6
1599401012561569269,one,1,-6862,-10,-6
1599401012593503947,one,1,-6868,-10,-6
1599401012657733573,one,1,-6878,-10,-6
1599401012689669623,one,1,-6884,-10,-6
1599401012753744770,one,1,-6895,-10,-6
1599401012785654384,one,1,-6900,-10,-6
1599401012849708690,one,1,-6911,-10,-6
1599401012913619283,one,1,-6922,-10,-6
1599401012945768340,one,1,-6927,-10,-6
1599401013009600396,one,1,-6938,-10,-6
1599401013041674138,one,1,-6943,-10,-6
1599401013105613417,one,1,-6954,-10,-6
1599401013137472995,one,1,-6959,-10,-6
1599401013201484708,one,1,-6970,-10,-6
1599401013233514202,one,1,-6975,-10,-6
1599401013297561392,one,1,-6986,-10,-6
1599401013361581418,one,1,-6997,-10,-6
1599401013393472689,one,1,-7003,-10,-6
1599401013457662135,one,1,-7013,-10,-6
1599401013489776420,one,1,-7018,-10,-6
1599401013553566398,one,1,-7029,-10,-6
1599401013585556157,one,1,-7034,-10,-6
1599401013649586453,one,1,-7046,-10,-6
1599401013713510928,one,1,-7056,-10,-6
1599401013745437940,one,1,-7061,-10,-6
1599401013809402426,one,1,-7072,-10,-6
1599401013841495545,one,1,-7077,-10,-6
1599401013905490463,one,1,-7087,-10,-6
1599401013937450197,one,1,-7093,-10,-6
1599401014001413755,one,1,-7104,-10,-6
1599401014033405800,one,1,-7109,-10,-6
1599401014097469307,one,1,-7120,-10,-6
1599401014161411350,one,1,-7131,-10,-6
1599401014193500948,one,1,-7136,-10,-6
1599401014257574705,one,1,-7148,-10,-6
1599401014289617953,one,1,-7153,-10,-6
1599401014353501403,one,1,-7164,-10,-6
1599401014385373423,one,1,-7170,-10,-6
1599401014449560862,one,1,-7181,-10,-6
1599401014513506979,one,1,-7192,-10,-6
1599401014545519159,one,1,-7198,-10,-6
1599401014609472614,one,1,-7208,-10,-6
1599401014641571640,one,1,-7214,-10,-6
1599401014705499385,one,1,-7225,-10,-6
1599401014737584516,one,1,-7230,-10,-6
1599401014801027866,one,1,-7242,-10,-6
1599401014833562949,one,1,-7247,-10,-6
1599401014897580067,one,1,-7258,-10,-6
1599401014961623550,one,1,-7268,-10,-6
1599401014993429453,one,1,-7274,-10,-6
1599401015057556355,one,1,-7285,-10,-6
1599401015089523071,one,1,-7290,-10,-6
1599401015153492067,one,1,-7301,-10,-6
1599401015185431037,one,1,-7307,-10,-6
1599401015249434793,one,1,-7318,-10,-5
1599401015313543375,one,1,-7329,-10,-5
1599401015345519340,one,1,-7334,-10,-5
1599401015409429551,one,1,-7346,-10,-5
1599401015441473565,one,1,-7351,-10,-5
1599401015505393810,one,1,-7362,-10,-5
1599401015537318269,one,1,-7368,-10,-5
1599401015601517209,one,1,-7379,-10,-5
1599401015633300766,one,1,-7385,-10,-5
1599401015697375873,one,1,-7396,-10,-5
1599401015761319060,one,1,-7407,-10,-5
1599401015793259449,one,1,-7412,-10,-5
1599401015857403764,one,1,-7423,-10,-6
1599401015889518834,one,1,-7429,-10,-6
1599401015953442906,one,1,-7440,-10,-6
1599401015985455365,one,1,-7446,-10,-6
1599401016049479020,one,1,-7457,-10,-6
1599401016113482800,one,1,-7467,-10,-6
1599401016145347877,one,1,-7473,-10,-6
1599401016209335875,one,1,-7484,-10,-6
1599401016241336162,one,1,-7490,-10,-6
1599401016305508764,one,1,-7501,-10,-6
1599401016337459373,one,1,-7506,-10,-6
1599401016401382471,one,1,-7517,-10,-6
1599401016433354603,one,1,-7523,-10,-6
1599401016497354131,one,1,-7534,-10,-6
1599401016561366223,one,1,-7545,-10,-6
1599401016593324543,one,1,-7551,-10,-6
1599401016657517188,one,1,-7561,-10,-6
1599401016689445321,one,1,-7567,-10,-6
1599401016753333311,one,1,-7578,-10,-6
1599401016785191285,one,1,-7584,-10,-6
1599401016849289603,one,1,-7595,-10,-6
1599401016913290397,one,1,-7606,-10,-6
1599401016945474176,one,1,-7611,-10,-6
1599401017009280155,one,1,-7622,-10,-5
1599401017041496063,one,1,-7628,-10,-5
1599401017105402053,one,1,-7638,-10,-6
1599401017137347512,one,1,-7644,-10,-6
1599401017201335743,one,1,-7655,-10,-6
1599401017233318397,one,1,-7660,-10,-6
1599401017297414704,one,1,-7672,-10,-6
1599401017361344820,one,1,-7682,-10,-6
1599401017393288713,one,1,-7688,-10,-6
1599401017457250695,one,1,-7699,-10,-6
1599401017489030822,one,1,-7704,-10,-6
1599401017553338817,one,1,-7715,-10,-6
1599401017585257032,one,1,-7721,-10,-6
1599401017649370248,one,1,-7732,-10,-6
1599401017713326277,one,1,-7743,-10,-6
1599401017745478027,one,1,-7748,-10,-6
1599401017809264406,one,1,-7758,-10,-6
1599401017841189411,one,1,-7764,-10,-6
1599401017905280285,one,1,-7775,-10,-6
1599401017937120629,one,1,-7780,-10,-6
1599401018001318690,one,1,-7791,-10,-6
1599401018033268965,one,1,-7797,-10,-6
1599401018097285018,one,1,-7808,-10,-6
1599401018161277962,one,1,-7819,-10,-6
1599401018193186651,one,1,-7824,-10,-6
1599401018257168242,one,1,-7835,-10,-5
1599401018289346183,one,1,-7840,-10,-5
1599401018353303951,one,1,-7850,-10,-5
1599401018385240830,one,1,-7856,-10,-6
1599401018449114891,one,1,-7867,-10,-6
1599401018513261940,one,1,-7877,-10,-6
1599401018545222536,one,1,-7883,-10,-6
1599401018609190151,one,1,-7894,-10,-6
1599401018641185654,one,1,-7899,-10,-6
1599401018705221767,one,1,-7910,-10,-5
1599401018737180371,one,1,-7915,-10,-6
1599401018801342648,one,1,-7926,-10,-6
1599401018833168229,one,1,-7932,-10,-6
1599401018897246285,one,1,-7942,-10,-6
1599401018961360961,one,1,-7953,-10,-6
1599401018993351702,one,1,-7958,-10,-6
1599401019057181355,one,1,-7970,-10,-6
1599401019089253454,one,1,-7976,-10,-6
1599401019153218465,one,1,-7987,-10,-6
1599401019185136403,one,1,-7992,-10,-6
1599401019249132095,one,1,-8003,-10,-6
1599401019313142197,one,1,-8013,-10,-6
1599401019344859793,one,1,-8019,-10,-6
1599401019409208110,one,1,-8029,-10,-6
1599401019441312425,one,1,-8034,-10,-6
1599401019505354442,one,1,-8045,-10,-6
1599401019537190860,one,1,-8051,-10,-6
1599401019601144445,one,1,-8061,-10,-6
1599401019633096955,one,1,-8067,-10,-6
1599401019697205520,one,1,-8078,-10,-6
1599401019761214411,one,1,-8089,-10,-6
1599401019793049535,one,1,-8094,-10,-6
1599401019857150981,one,1,-8105,-10,-6
1599401019889141624,one,1,-8110,-10,-6
1599401019953143160,one,1,-8121,-10,-6
1599401019985112365,one,1,-8126,-10,-6
1599401020049026238,one,1,-8137,-10,-6
1599401020113013539,one,1,-8148,-10,-6
1599401020144974291,one,1,-8153,-10,-6
1599401020209055412,one,1,-8164,-10,-6
1599401020241060887,one,1,-8170,-10,-6
1599401020305160117,one,1,-8181,-10,-6
1599401020337270101,one,1,-8186,-10,-6
1599401020401105250,one,1,-8197,-10,-6
1599401020433016449,one,1,-8202,-10,-6
1599401020497131826,one,1,-8214,-10,-6
1599401020561132823,one,1,-8225,-10,-6
1599401020593138772,one,1,-8230,-10,-6
1599401020656966774,one,1,-8242,-10,-6
1599401020689061353,one,1,-8248,-10,-6
1599401020752899341,one,1,-8260,-10,-6
1599401020785009746,one,1,-8265,-10,-6
1599401020848918170,one,1,-8275,-10,-6
1599401020913197035,one,1,-8287,-10,-6
1599401020945123805,one,1,-8292,-10,-6
1599401021009047118,one,1,-8303,-10,-6
1599401021040988387,one,1,-8309,-10,-6
1599401021105059512,one,1,-8319,-10,-6
1599401021137000534,one,1,-8325,-10,-6
1599401021200998501,one,1,-8336,-10,-6
1599401021232880742,one,1,-8341,-10,-6
1599401021297170281,one,1,-8353,-10,-6
1599401021361051524,one,1,-8364,-10,-6
1599401021393026266,one,1,-8369,-10,-6
1599401021457117193,one,1,-8380,-10,-6
1599401021488974759,one,1,-8386,-10,-6
1599401021552894997,one,1,-8397,-10,-6
1599401021584894960,one,1,-8402,-10,-6
1599401021648856802,one,1,-8413,-10,-6
1599401021713121451,one,1,-8424,-10,-6
1599401021745117628,one,1,-8430,-10,-6
1599401021808899680,one,1,-8441,-10,-6
1599401021840938888,one,1,-8446,-10,-6
1599401021905003180,one,1,-8457,-10,-6
1599401021936959341,one,1,-8463,-10,-6
1599401022000923056,one,1,-8474,-10,-6
1599401022032947750,one,1,-8480,-10,-6
1599401022097097054,one,1,-8489,-10,-6
1599401022161044781,one,1,-8500,-10,-6
1599401022192895126,one,1,-8506,-10,-6
1599401022256932206,one,1,-8516,-10,-6
1599401022289114163,one,1,-8522,-10,-6
1599401022352682201,one,1,-8533,-10,-6
1599401022384998621,one,1,-8539,-10,-6
1599401022448990258,one,1,-8550,-10,-6
1599401022512957909,one,1,-8561,-10,-6
1599401022544864042,one,1,-8566,-10,-6
1599401022608922730,one,1,-8577,-10,-6
1599401022640898939,one,1,-8582,-10,-6
1599401022705020621,one,1,-8593,-10,-6
1599401022736889055,one,1,-8599,-10,-6
1599401022800786512,one,1,-8610,-10,-6
1599401022832876426,one,1,-8615,-10,-6
1599401022896947301,one,1,-8627,-10,-6
1599401022960757290,one,1,-8638,-10,-6
1599401022992710311,one,1,-8643,-10,-6
1599401023056747420,one,1,-8654,-10,-6
1599401023089122241,one,1,-8659,-10,-6
1599401023152902647,one,1,-8670,-10,-6
1599401023184812069,one,1,-8676,-10,-6
1599401023248925126,one,1,-8686,-9,-6
1599401023312924377,one,1,-8698,-9,-6
1599401023344906881,one,1,-8704,-10,-6
1599401023408863614,one,1,-8715,-10,-6
1599401023440879619,one,1,-8720,-10,-6
1599401023504843076,one,1,-8731,-10,-6
1599401023537007979,one,1,-8737,-10,-6
1599401023600910091,one,1,-8748,-10,-6
1599401023632850184,one,1,-8753,-10,-6
1599401023696955869,one,1,-8764,-10,-6
1599401023760759575,one,1,-8775,-10,-5
1599401023792778434,one,1,-8781,-10,-5
1599401023856846117,one,1,-8791,-10,-5
1599401023888769308,one,1,-8797,-10,-5
1599401023952734701,one,1,-8808,-10,-5
1599401023984850696,one,1,-8813,-10,-5
1599401024048816699,one,1,-8824,-10,-6
1599401024112870557,one,1,-8835,-10,-6
1599401024144729745,one,1,-8840,-10,-6
1599401024208761533,one,1,-8851,-10,-6
1599401024240694098,one,1,-8857,-10,-6
1599401024304835090,one,1,-8867,-10,-6
1599401024336753296,one,1,-8873,-10,-6
1599401024400694321,one,1,-8884,-10,-6
1599401024432731303,one,1,-8890,-10,-6
1599401024496932737,one,1,-8900,-10,-6
1599401024560818872,one,1,-8911,-10,-6
1599401024592730548,one,1,-8917,-10,-6
1599401024656627213,one,1,-8927,-10,-6
1599401024688659435,one,1,-8933,-10,-6
1599401024752598242,one,1,-8943,-10,-6
1599401024784233753,one,1,-8949,-10,-6
1599401024848749984,one,1,-8960,-10,-6
1599401024912702018,one,1,-8971,-10,-6
1599401024944657970,one,1,-8976,-10,-6
1599401025008752784,one,1,-8986,-9,-6
1599401025040736271,one,1,-8992,-9,-6
1599401025104739129,one,1,-9002,-9,-6
1599401025136767222,one,1,-9007,-9,-6
1599401025200659868,one,1,-9018,-9,-6
1599401025232887990,one,1,-9024,-9,-6
1599401025296903425,one,1,-9035,-9,-6
1599401025360927050,one,1,-9046,-9,-6
1599401025392800780,one,1,-9051,-9,-6
1599401025456828184,one,1,-9061,-9,-6
1599401025488819951,one,1,-9067,-9,-6
1599401025552704626,one,1,-9077,-9,-6
1599401025584674421,one,1,-9083,-9,-6
1599401025648598272,one,1,-9093,-9,-6
1599401025712686383,one,1,-9104,-9,-6
1599401025744620006,one,1,-9110,-9,-6
1599401025808705659,one,1,-9121,-9,-6
1599401025840571045,one,1,-9126,-9,-6
1599401025904908598,one,1,-9137,-9,-6
1599401025936786140,one,1,-9142,-9,-6
1599401026000718320,one,1,-9154,-9,-6
1599401026032663853,one,1,-9159,-9,-6
1599401026096584396,one,1,-9170,-9,-6
1599401026160728835,one,1,-9181,-9,-6
1599401026192697976,one,1,-9186,-9,-6
1599401026256716413,one,1,-9197,-9,-6
1599401026288614362,one,1,-9203,-9,-6
1599401026352586359,one,1,-9213,-9,-6
1599401026384576488,one,1,-9219,-9,-6
1599401026448842697,one,1,-9230,-9,-6
1599401026512568083,one,1,-9241,-9,-6
1599401026544550852,one,1,-9246,-9,-6
1599401026608468817,one,1,-9257,-9,-6
1599401026640442315,one,1,-9263,-9,-6
1599401026704482578,one,1,-9273,-9,-6
1599401026736506998,one,1,-9279,-9,-6
1599401026800616747,one,1,-9290,-9,-6
1599401026832647238,one,1,-9296,-9,-6
1599401026896583992,one,1,-9306,-9,-6
1599401026960133735,one,1,-9317,-9,-6
1599401026992104455,one,1,-9323,-9,-6
1599401027056623797,one,1,-9334,-9,-6
1599401027088605199,one,1,-9339,-9,-6
1599401027152601158,one,1,-9350,-9,-6
1599401027184597513,one,1,-9356,-9,-6
1599401027248668949,one,1,-9367,-9,-6
1599401027312596266,one,1,-9377,-9,-6
1599401027344523318,one,1,-9382,-9,-6
1599401027408505525,one,1,-9393,-9,-6
1599401027440467850,one,1,-9399,-9,-6
1599401027504742821,one,1,-9410,-9,-6
1599401027536513817,one,1,-9416,-9,-6
1599401027600487830,one,1,-9426,-9,-6
1599401027632629314,one,1,-9432,-9,-6
1599401027696656582,one,1,-9443,-9,-6
1599401027760559425,one,1,-9454,-9,-6
1599401027792453947,one,1,-9459,-9,-6
1599401027856477896,one,1,-9470,-9,-6
1599401027888618832,one,1,-9475,-9,-7
1599401027952472950,one,1,-9486,-9,-6
1599401027984415397,one,1,-9492,-9,-6
1599401028048390483,one,1,-9503,-9,-6
1599401028112621328,one,1,-9514,-9,-6
1599401028144444212,one,1,-9520,-9,-6
1599401028208668962,one,1,-9531,-9,-6
1599401028240487819,one,1,-9536,-9,-6
1599401028304562303,one,1,-9547,-9,-6
1599401028336621005,one,1,-9553,-9,-6
1599401028400504520,one,1,-9563,-9,-6
1599401028464292672,one,1,-9574,-9,-6
1599401028496489800,one,1,-9579,-9,-6
1599401028560406772,one,1,-9590,-9,-6
1599401028592364070,one,1,-9595,-9,-6
1599401028656363997,one,1,-9606,-9,-6
1599401028688433056,one,1,-9612,-9,-7
1599401028752506935,one,1,-9622,-9,-7
1599401028784484694,one,1,-9628,-9,-7
1599401028848399616,one,1,-9640,-9,-7
1599401028912458036,one,1,-9650,-9,-7
1599401028944375603,one,1,-9656,-9,-7
1599401029008413274,one,1,-9667,-9,-7
1599401029040314694,one,1,-9673,-9,-7
1599401029104396090,one,1,-9683,-9,-7
1599401029136274424,one,1,-9689,-9,-7
1599401029200323453,one,1,-9701,-9,-7
1599401029232605713,one,1,-9707,-9,-7
1599401029296503966,one,1,-9718,-10,-6
1599401029360310888,one,1,-9729,-10,-6
1599401029392505549,one,1,-9734,-10,-6
1599401029456453872,one,1,-9745,-10,-7
1599401029488477921,one,1,-9751,-10,-7
1599401029552434263,one,1,-9761,-10,-7
1599401029584432480,one,1,-9767,-10,-7
1599401029648297854,one,1,-9779,-10,-7
1599401029712367002,one,1,-9790,-10,-7
1599401029744325350,one,1,-9795,-10,-7
1599401029808392038,one,1,-9806,-10,-7
1599401029840292413,one,1,-9812,-10,-7
1599401029904439284,one,1,-9823,-10,-7
1599401029936313753,one,1,-9830,-10,-7
1599401030000263502,one,1,-9840,-10,-7
1599401030064272046,one,1,-9851,-10,-7
1599401030096461577,one,1,-9857,-10,-7
1599401030160352837,one,1,-9868,-10,-7
1599401030192442835,one,1,-9873,-10,-7
1599401030256430280,one,1,-9885,-10,-7
1599401030288585962,one,1,-9890,-10,-7
1599401030352309651,one,1,-9901,-10,-7
1599401030384278208,one,1,-9907,-10,-7
1599401030448146269,one,1,-9918,-10,-7
1599401030512299736,one,1,-9929,-10,-7
1599401030544148470,one,1,-9934,-10,-7
1599401030608241475,one,1,-9945,-10,-7
1599401030640223876,one,1,-9951,-10,-6
1599401030704407099,one,1,-9962,-10,-6
1599401030736337655,one,1,-9968,-10,-6
1599401030800319903,one,1,-9979,-10,-6
1599401030864237604,one,1,-9990,-10,-6
1599401030896316564,one,1,-9995,-10,-7
1599401030960348822,one,1,-10006,-10,-7
1599401030992122918,one,1,-10012,-10,-7
1599401031056254554,one,1,-10023,-10,-7
1599401031088341126,one,1,-10029,-10,-7
1599401031152187501,one,1,-10040,-10,-7
1599401031184158361,one,1,-10045,-10,-7
1599401031248183868,one,1,-10056,-10,-7
1599401031312246555,one,1,-10067,-10,-7
1599401031344271422,one,1,-10072,-10,-7
1599401031408241781,one,1,-10084,-10,-7
1599401031440175891,one,1,-10089,-10,-7
1599401031504306690,one,1,-10100,-10,-7
1599401031536280347,one,1,-10105,-10,-7
1599401031600344689,one,1,-10116,-10,-7
1599401031664323080,one,1,-10127,-10,-7
1599401031696225654,one,1,-10133,-10,-7
1599401031760296496,one,1,-10144,-10,-7
1599401031792241073,one,1,-10149,-10,-7
1599401031856281129,one,1,-10160,-10,-7
1599401031888419468,one,1,-10165,-10,-7
1599401031952394332,one,1,-10176,-10,-7
1599401031984171326,one,1,-10182,-10,-7
1599401032048222606,one,1,-10193,-10,-7
1599401032112306008,one,1,-10204,-10,-6
1599401032144247076,one,1,-10210,-10,-6
1599401032208240309,one,1,-10221,-10,-6
1599401032240247484,one,1,-10227,-10,-6
1599401032304165866,one,1,-10238,-10,-6
1599401032336241484,one,1,-10243,-10,-6
1599401032400230094,one,1,-10254,-10,-7
1599401032464069309,one,1,-10265,-10,-7
1599401032496143548,one,1,-10271,-10,-7
1599401032560144182,one,1,-10282,-10,-7
1599401032592405793,one,1,-10287,-10,-7
1599401032656118835,one,1,-10299,-10,-7
1599401032688291591,one,1,-10304,-10,-7
1599401032752273257,one,1,-10315,-10,-7
1599401032784166454,one,1,-10320,-10,-7
1599401032848199657,one,1,-10331,-10,-7
1599401032912258101,one,1,-10341,-10,-7
1599401032944093941,one,1,-10347,-10,-7
1599401033008161370,one,1,-10358,-10,-7
1599401033040056914,one,1,-10363,-10,-7
1599401033104415298,one,1,-10374,-10,-7
1599401033136133921,one,1,-10380,-10,-7
1599401033200053247,one,1,-10391,-10,-7
1599401033264006046,one,1,-10403,-10,-7
1599401033296092997,one,1,-10409,-10,-7
1599401033360169718,one,1,-10420,-10,-7
1599401033391961313,one,1,-10426,-10,-7
1599401033456142669,one,1,-10437,-10,-7
1599401033488231192,one,1,-10442,-10,-7
1599401033552071384,one,1,-10454,-10,-7
1599401033584086685,one,1,-10459,-10,-7
1599401033648081976,one,1,-10470,-10,-6
1599401033712149131,one,1,-10482,-10,-6
1599401033743967139,one,1,-10487,-10,-6
1599401033807925147,one,1,-10498,-10,-6
1599401033839915983,one,1,-10504,-10,-6
1599401033904099770,one,1,-10516,-10,-6
1599401033936119526,one,1,-10521,-10,-5
1599401034000050334,one,1,-10533,-10,-4
1599401034064023538,one,1,-10545,-10,-4
1599401034096053289,one,1,-10550,-10,-4
1599401034159973999,one,1,-10561,-10,-4
1599401034192049901,one,1,-10567,-10,-5
1599401034255983577,one,1,-10577,-10,-5
1599401034288158436,one,1,-10583,-10,-6
1599401034351661151,one,1,-10593,-10,-6
1599401034383531179,one,1,-10598,-10,-6
1599401034448029536,one,1,-10609,-10,-6
1599401034512118241,one,1,-10619,-10,-6
1599401034544018674,one,1,-10624,-10,-6
1599401034607923813,one,1,-10635,-9,-6
1599401034639955275,one,1,-10640,-9,-6
1599401034704091146,one,1,-10652,-9,-6
1599401034736117431,one,1,-10659,-9,-6
1599401034799571858,one,1,-10670,-9,-6
1599401034864170610,one,1,-10681,-9,-6
1599401034895981018,one,1,-10687,-9,-6
1599401034960003986,one,1,-10698,-9,-6
1599401034992029099,one,1,-10703,-9,-6
1599401035056014285,one,1,-10714,-9,-6
1599401035088259303,one,1,-10719,-9,-6
1599401035152086319,one,1,-10731,-9,-6
1599401035183954171,one,1,-10736,-9,-6
1599401035248087121,one,1,-10748,-9,-6
1599401035312139596,one,1,-10759,-9,-6
1599401035344033666,one,1,-10765,-9,-6
1599401035408030214,one,1,-10776,-9,-6
1599401035440003822,one,1,-10782,-9,-6
1599401035503915254,one,1,-10793,-9,-6
1599401035535984286,one,1,-10799,-9,-6
1599401035600134787,one,1,-10809,-9,-6
1599401035663916290,one,1,-10820,-9,-6
1599401035696025383,one,1,-10827,-9,-6
1599401035759958134,one,1,-10838,-9,-6
1599401035791942300,one,1,-10844,-9,-6
1599401035855891200,one,1,-10855,-9,-6
1599401035888148934,one,1,-10860,-9,-6
1599401035951804593,one,1,-10872,-9,-6
1599401035983824229,one,1,-10877,-9,-6
1599401036047772735,one,1,-10888,-9,-6
1599401036111834831,one,1,-10900,-9,-6
1599401036143754741,one,1,-10906,-9,-6
1599401036207838337,one,1,-10917,-9,-6
1599401036239904981,one,1,-10923,-9,-6
1599401036303987969,one,1,-10934,-9,-6
1599401036335927381,one,1,-10940,-9,-6
1599401036399827122,one,1,-10951,-9,-6
1599401036463877490,one,1,-10962,-9,-6
1599401036495967169,one,1,-10968,-9,-6
1599401036559780396,one,1,-10979,-9,-6
1599401036591848524,one,1,-10984,-9,-6
1599401036655730242,one,1,-10996,-9,-6
1599401036687832698,one,1,-11001,-9,-5
1599401036751826684,one,1,-11013,-9,-5
1599401036783695681,one,1,-11018,-9,-5
1599401036847722730,one,1,-11029,-9,-5
1599401036911931934,one,1,-11041,-9,-5
1599401036943780437,one,1,-11047,-9,-5
1599401037007688726,one,1,-11058,-9,-5
1599401037039691687,one,1,-11064,-9,-5
1599401037103836892,one,1,-11075,-9,-5
1599401037135650620,one,1,-11080,-9,-5
1599401037199705363,one,1,-11091,-9,-5
1599401037263670274,one,1,-11103,-9,-5
1599401037295821854,one,1,-11108,-9,-5
1599401037359910585,one,1,-11119,-9,-5
1599401037391842273,one,1,-11124,-9,-5
1599401037455840299,one,1,-11136,-9,-5
1599401037487920766,one,1,-11141,-9,-5
1599401037551707614,one,1,-11153,-9,-6
1599401037583686877,one,1,-11158,-9,-6
1599401037647775908,one,1,-11168,-9,-6
1599401037711677433,one,1,-11180,-9,-6
1599401037743789979,one,1,-11185,-9,-6
1599401037807733813,one,1,-11197,-9,-6
1599401037839685841,one,1,-11202,-9,-6
1599401037903815093,one,1,-11213,-9,-6
1599401037935667479,one,1,-11219,-9,-6
1599401037999700400,one,1,-11231,-9,-5
1599401038063693064,one,1,-11241,-9,-6
1599401038095893472,one,1,-11247,-9,-5
1599401038159692812,one,1,-11258,-9,-5
1599401038191711570,one,1,-11264,-9,-5
1599401038255687277,one,1,-11275,-9,-5
1599401038287901455,one,1,-11281,-9,-5
1599401038351709895,one,1,-11293,-9,-5
1599401038383720937,one,1,-11298,-9,-5
1599401038447694031,one,1,-11310,-9,-5
1599401038511688528,one,1,-11321,-9,-5
1599401038543543348,one,1,-11327,-9,-5
1599401038607612419,one,1,-11338,-9,-5
1599401038639552760,one,1,-11344,-9,-5
1599401038703924456,one,1,-11355,-9,-5
1599401038735692572,one,1,-11360,-9,-6
1599401038799665118,one,1,-11371,-10,-6
1599401038875121849,one,1,-11382,-10,-6
1599401038911183800,one,1,-11390,-10,-6
1599401038943248709,one,1,-11396,-10,-6
1599401039007626749,one,1,-11407,-10,-6
1599401039039608431,one,1,-11412,-10,-6
1599401039103803427,one,1,-11423,-10,-6
1599401039135546120,one,1,-11429,-10,-6
1599401039199527580,one,1,-11440,-10,-6
1599401039263607258,one,1,-11450,-10,-6
1599401039295792184,one,1,-11456,-10,-6
1599401039359639282,one,1,-11467,-10,-6
1599401039391594208,one,1,-11473,-10,-6
1599401039455732330,one,1,-11484,-10,-6
1599401039487813347,one,1,-11489,-10,-5
1599401039551740896,one,1,-11500,-10,-5
1599401039583622350,one,1,-11506,-10,-6
1599401039647589023,one,1,-11516,-10,-6
1599401039711713013,one,1,-11527,-10,-6
1599401039743664308,one,1,-11533,-10,-6
1599401039807642224,one,1,-11544,-10,-6
1599401039839604713,one,1,-11549,-10,-6
1599401039903596708,one,1,-11560,-10,-6
1599401039935576198,one,1,-11566,-10,-6
1599401039999586163,one,1,-11576,-10,-6
1599401040063521707,one,1,-11587,-10,-5
1599401040095667598,one,1,-11593,-10,-5
1599401040159580734,one,1,-11604,-10,-5
1599401040191514418,one,1,-11609,-10,-5
1599401040255462045,one,1,-11620,-10,-5
1599401040287614375,one,1,-11626,-10,-5
1599401040351657113,one,1,-11637,-10,-5
1599401040383549879,one,1,-11642,-10,-5
1599401040447762475,one,1,-11653,-10,-5
1599401040511471630,one,1,-11664,-10,-5
1599401040543489279,one,1,-11670,-10,-5
1599401040607569868,one,1,-11681,-10,-5
1599401040639536278,one,1,-11686,-10,-5
1599401040703586221,one,1,-11697,-10,-5
1599401040735444010,one,1,-11703,-10,-5
1599401040799460344,one,1,-11713,-10,-5
1599401040863419398,one,1,-11725,-10,-5
1599401040895654009,one,1,-11730,-10,-5
1599401040959399827,one,1,-11741,-10,-5
1599401040991380831,one,1,-11746,-10,-5
1599401041055505881,one,1,-11757,-10,-5
1599401041087532568,one,1,-11763,-10,-5
1599401041151682241,one,1,-11774,-10,-5
1599401041183585710,one,1,-11779,-10,-5
1599401041247510685,one,1,-11790,-10,-5
1599401041311573083,one,1,-11801,-10,-5
1599401041343470861,one,1,-11807,-10,-5
1599401041407578287,one,1,-11818,-10,-5
1599401041439535456,one,1,-11823,-10,-5
1599401041503595295,one,1,-11834,-10,-5
1599401041535406177,one,1,-11839,-10,-5
1599401041599364434,one,1,-11851,-10,-5
1599401041663399123,one,1,-11861,-10,-5
1599401041695581485,one,1,-11867,-10,-5
1599401041759583790,one,1,-11877,-10,-5
1599401041791453188,one,1,-11883,-10,-5
1599401041855501299,one,1,-11894,-10,-5
1599401041887810114,one,1,-11900,-10,-5
1599401041951578346,one,1,-11911,-10,-5
1599401041983382454,one,1,-11916,-10,-5
1599401042047406841,one,1,-11927,-10,-5
1599401042111531276,one,1,-11937,-10,-5
1599401042143444392,one,1,-11942,-10,-5
1599401042207226833,one,1,-11954,-10,-5
1599401042239252357,one,1,-11959,-10,-5
1599401042303505814,one,1,-11970,-10,-5
1599401042335480983,one,1,-11975,-10,-5
1599401042399384687,one,1,-11987,-10,-5
1599401042463571251,one,1,-11997,-10,-5
1599401042495526823,one,1,-12003,-10,-5
1599401042559440268,one,1,-12014,-10,-5
1599401042591350456,one,1,-12019,-10,-5
1599401042655457945,one,1,-12030,-10,-5
1599401042687532187,one,1,-12036,-10,-5
1599401042751385121,one,1,-12046,-10,-5
1599401042783301831,one,1,-12052,-10,-5
1599401042847014374,one,1,-12062,-10,-5
1599401042911495053,one,1,-12074,-10,-5
1599401042943418645,one,1,-12080,-10,-5
1599401043007381293,one,1,-12091,-10,-5
1599401043039344656,one,1,-12096,-10,-5
1599401043103478292,one,1,-12107,-10,-5
1599401043135320749,one,1,-12112,-10,-5
1599401043199258191,one,1,-12123,-10,-5
1599401043263230886,one,1,-12133,-10,-5
1599401043295566452,one,1,-12138,-10,-5
1599401043359358505,one,1,-12149,-10,-5
1599401043391305891,one,1,-12155,-10,-5
1599401043455275053,one,1,-12165,-10,-5
1599401043487516934,one,1,-12171,-10,-5
1599401043551293781,one,1,-12182,-10,-5
1599401043583184225,one,1,-12187,-10,-5
1599401043647353654,one,1,-12198,-10,-5
1599401043711465368,one,1,-12209,-10,-5
1599401043743355602,one,1,-12214,-10,-5
1599401043807376588,one,1,-12225,-10,-5
1599401043839304690,one,1,-12231,-10,-5
1599401043903312532,one,1,-12241,-10,-5
1599401043935220975,one,1,-12247,-10,-5
1599401043999356144,one,1,-12257,-10,-5
1599401044063303487,one,1,-12269,-10,-5
1599401044095591276,one,1,-12274,-10,-5
1599401044159251880,one,1,-12284,-10,-5
1599401044191134865,one,1,-12290,-10,-5
1599401044255165543,one,1,-12300,-10,-5
1599401044287313232,one,1,-12306,-10,-5
1599401044351443248,one,1,-12317,-10,-5
1599401044383397297,one,1,-12323,-10,-5
1599401044447292070,one,1,-12334,-10,-5
1599401044511440499,one,1,-12346,-10,-5
1599401044543276116,one,1,-12351,-10,-5
1599401044607494065,one,1,-12362,-10,-5
1599401044639311073,one,1,-12367,-10,-5
1599401044703268256,one,1,-12378,-10,-5
1599401044735308757,one,1,-12384,-10,-5
1599401044798779759,one,1,-12394,-10,-5
1599401044863197554,one,1,-12405,-10,-5
1599401044895218151,one,1,-12410,-10,-5
1599401044959402845,one,1,-12421,-10,-5
1599401044991173652,one,1,-12427,-10,-5
1599401045055324619,one,1,-12438,-10,-5
1599401045087504376,one,1,-12443,-10,-5
1599401045151249687,one,1,-12453,-10,-5
1599401045183219465,one,1,-12459,-10,-5
1599401045247105488,one,1,-12470,-10,-5
1599401045311252260,one,1,-12481,-10,-6
1599401045343095846,one,1,-12486,-10,-6
1599401045407169041,one,1,-12497,-10,-6
1599401045439077121,one,1,-12503,-10,-6
1599401045503201245,one,1,-12513,-10,-6
1599401045535220028,one,1,-12519,-10,-6
1599401045599240091,one,1,-12530,-10,-6
1599401045663281978,one,1,-12541,-10,-6
1599401045695298086,one,1,-12546,-10,-6
1599401045759268305,one,1,-12557,-10,-6
1599401045791258038,one,1,-12562,-10,-6
1599401045855305439,one,1,-12573,-10,-6
1599401045887383219,one,1,-12578,-10,-6
1599401045951189950,one,1,-12588,-10,-6
1599401045983279776,one,1,-12594,-10,-6
1599401046047103897,one,1,-12604,-10,-6
1599401046111098584,one,1,-12616,-10,-5
1599401046143278394,one,1,-12621,-10,-5
1599401046207253381,one,1,-12632,-10,-5
1599401046239296935,one,1,-12638,-10,-5
1599401046303651248,one,1,-12648,-10,-5
1599401046334802450,one,1,-12654,-10,-5
1599401046399091026,one,1,-12665,-10,-5
1599401046463017377,one,1,-12675,-10,-5
1599401046495213695,one,1,-12681,-10,-5
1599401046559013212,one,1,-12692,-10,-5
1599401046591025296,one,1,-12697,-10,-5
1599401046655012948,one,1,-12708,-10,-5
1599401046687014290,one,1,-12714,-10,-5
1599401046751231893,one,1,-12725,-10,-5
1599401046783177792,one,1,-12730,-10,-5
1599401046847273531,one,1,-12741,-10,-5
1599401046911349031,one,1,-12752,-10,-5
1599401046943237235,one,1,-12758,-10,-5
1599401047007156555,one,1,-12769,-10,-5
1599401047039094900,one,1,-12774,-10,-5
1599401047103044542,one,1,-12785,-10,-5
1599401047135063539,one,1,-12790,-10,-5
1599401047199160873,one,1,-12801,-10,-5
1599401047263356478,one,1,-12813,-10,-5
1599401047294642986,one,1,-12818,-10,-6
1599401047358802826,one,1,-12829,-10,-6
1599401047391277336,one,1,-12834,-10,-6
1599401047455092764,one,1,-12845,-10,-6
1599401047487110444,one,1,-12851,-10,-6
1599401047551100140,one,1,-12861,-10,-6
1599401047583055250,one,1,-12866,-10,-6
1599401047647099506,one,1,-12878,-10,-6
1599401047710989293,one,1,-12889,-10,-6
1599401047743318335,one,1,-12894,-10,-6
1599401047807127715,one,1,-12905,-10,-6
1599401047839037551,one,1,-12910,-10,-6
1599401047903050942,one,1,-12921,-10,-6
