1599401564628672998,one,1,-2043,0,-6
1599401564660497154,one,1,-2046,0,-5
1599401564724546792,one,1,-2058,-8,-8
1599401564756230775,one,1,-2066,-11,-8
1599401564820139584,one,1,-2086,-16,-8
1599401564852517626,one,1,-2096,-18,-7
1599401564916509428,one,1,-2117,-19,-7
1599401564980461522,one,1,-2137,-19,-7
1599401565012453625,one,1,-2147,-19,-7
1599401565076586114,one,1,-2168,-19,-7
1599401565108428870,one,1,-2178,-19,-7
1599401565172553057,one,1,-2200,-19,-7
1599401565204418893,one,1,-2211,-19,-7
1599401565268356459,one,1,-2232,-19,-7
1599401565300429691,one,1,-2243,-19,-7
1599401565364415477,one,1,-2264,-19,-7
1599401565428474011,one,1,-2285,-19,-7
1599401565460485016,one,1,-2295,-19,-7
1599401565524538439,one,1,-2316,-19,-7
1599401565556455758,one,1,-2326,-19,-7
1599401565620373729,one,1,-2347,-19,-7
1599401565652340256,one,1,-2358,-19,-7
1599401565716501451,one,1,-2379,-19,-7
1599401565780432619,one,1,-2400,-19,-7
1599401565812446978,one,1,-2410,-19,-7
1599401565876465151,one,1,-2432,-19,-7
1599401565908470984,one,1,-2442,-19,-6
1599401565972444025,one,1,-2463,-19,-6
1599401566004418012,one,1,-2474,-19,-6
1599401566068401189,one,1,-2496,-19,-7
1599401566100480601,one,1,-2506,-19,-7
1599401566164451461,one,1,-2527,-19,-7
1599401566228319042,one,1,-2548,-19,-7
1599401566260400236,one,1,-2559,-19,-7
1599401566324370721,one,1,-2580,-19,-7
1599401566356398143,one,1,-2590,-19,-7
1599401566420340750,one,1,-2611,-19,-7
1599401566452268274,one,1,-2622,-19,-7
1599401566516287514,one,1,-2643,-19,-7
1599401566580362086,one,1,-2664,-19,-7
1599401566612278245,one,1,-2674,-19,-7
1599401566676493826,one,1,-2695,-19,-7
1599401566708415985,one,1,-2706,-19,-7
1599401566772373486,one,1,-2727,-19,-6
1599401566804235070,one,1,-2738,-19,-7
1599401566868335147,one,1,-2759,-19,-7
1599401566900413325,one,1,-2770,-19,-7
1599401566964321600,one,1,-2791,-19,-7
1599401567028365978,one,1,-2812,-19,-7
1599401567060272001,one,1,-2822,-19,-7
1599401567124341325,one,1,-2843,-19,-7
1599401567156296699,one,1,-2854,-19,-7
1599401567220202920,one,1,-2875,-19,-7
1599401567252285137,one,1,-2886,-19,-7
1599401567316285868,one,1,-2907,-19,-7
1599401567380200904,one,1,-2928,-19,-7
1599401567412173510,one,1,-2938,-19,-7
1599401567476338574,one,1,-2959,-19,-7
1599401567508253986,one,1,-2970,-19,-7
1599401567572431991,one,1,-2990,-19,-6
1599401567604286743,one,1,-3001,-19,-6
1599401567668193632,one,1,-3022,-19,-6
1599401567700321182,one,1,-3033,-19,-7
1599401567764212563,one,1,-3054,-19,-6
1599401567828217521,one,1,-3075,-19,-6
1599401567860248003,one,1,-3086,-19,-6
1599401567924290719,one,1,-3107,-19,-6
1599401567956146638,one,1,-3118,-19,-6
1599401568020210713,one,1,-3140,-20,-6
1599401568052188365,one,1,-3150,-20,-6
1599401568116235793,one,1,-3170,-20,-6
1599401568180278649,one,1,-3191,-20,-6
1599401568212185995,one,1,-3202,-20,-6
1599401568276435950,one,1,-3223,-20,-6
1599401568308242958,one,1,-3233,-20,-6
1599401568372256982,one,1,-3254,-20,-6
1599401568404085778,one,1,-3264,-20,-6
1599401568468110434,one,1,-3285,-20,-6
1599401568500405672,one,1,-3295,-20,-6
1599401568564268222,one,1,-3316,-20,-6
1599401568628172699,one,1,-3336,-19,-6
1599401568660090675,one,1,-3347,-19,-6
1599401568724126948,one,1,-3368,-19,-6
1599401568756206744,one,1,-3379,-19,-6
1599401568820209849,one,1,-3400,-19,-6
1599401568852139869,one,1,-3411,-19,-6
1599401568916169935,one,1,-3432,-19,-6
1599401568980215602,one,1,-3453,-19,-6
1599401569012018719,one,1,-3464,-19,-6
1599401569076150575,one,1,-3485,-19,-6
1599401569108354474,one,1,-3496,-19,-6
1599401569172057500,one,1,-3517,-19,-6
1599401569204030070,one,1,-3527,-19,-6
1599401569268117980,one,1,-3549,-19,-6
1599401569300278178,one,1,-3559,-19,-6
1599401569364205026,one,1,-3580,-19,-6
1599401569428056595,one,1,-3601,-19,-6
1599401569460087249,one,1,-3612,-19,-7
1599401569524248110,one,1,-3633,-19,-7
1599401569556070574,one,1,-3643,-19,-7
1599401569620176405,one,1,-3664,-19,-6
1599401569652224331,one,1,-3675,-19,-7
1599401569716162759,one,1,-3696,-19,-7
1599401569780173520,one,1,-3717,-19,-7
1599401569812101033,one,1,-3727,-19,-7
1599401569876301479,one,1,-3747,-19,-7
1599401569908119187,one,1,-3758,-19,-7
1599401569972175970,one,1,-3779,-19,-7
1599401570004027806,one,1,-3789,-19,-7
1599401570068182200,one,1,-3810,-19,-7
1599401570100243829,one,1,-3821,-19,-7
1599401570163835460,one,1,-3842,-19,-7
1599401570228290082,one,1,-3862,-19,-7
1599401570260233360,one,1,-3874,-19,-7
1599401570323926924,one,1,-3895,-19,-6
1599401570355793310,one,1,-3905,-19,-6
1599401570420198133,one,1,-3926,-19,-6
1599401570452195528,one,1,-3936,-19,-6
1599401570516131136,one,1,-3958,-19,-7
1599401570580255687,one,1,-3979,-19,-7
1599401570612010523,one,1,-3989,-19,-7
1599401570676121978,one,1,-4010,-19,-7
1599401570708013686,one,1,-4021,-19,-7
1599401570771667682,one,1,-4042,-19,-7
1599401570803516603,one,1,-4053,-19,-7
1599401570868129984,one,1,-4074,-19,-7
1599401570900087863,one,1,-4085,-19,-7
1599401570964025529,one,1,-4106,-19,-7
1599401571028079221,one,1,-4128,-19,-7
1599401571059988604,one,1,-4139,-19,-7
1599401571123911855,one,1,-4161,-19,-6
1599401571155949008,one,1,-4172,-19,-6
1599401571220058749,one,1,-4193,-19,-6
1599401571251945278,one,1,-4204,-19,-6
1599401571316111215,one,1,-4225,-19,-7
1599401571380137879,one,1,-4247,-19,-7
1599401571411967622,one,1,-4257,-19,-7
1599401571475903885,one,1,-4279,-19,-7
1599401571508007080,one,1,-4290,-19,-7
1599401571571867479,one,1,-4310,-19,-7
1599401571603861679,one,1,-4321,-19,-7
1599401571667966742,one,1,-4343,-19,-7
1599401571700024830,one,1,-4354,-19,-7
1599401571763874975,one,1,-4375,-19,-7
1599401571827950399,one,1,-4395,-19,-7
1599401571859848046,one,1,-4405,-19,-7
1599401571923908100,one,1,-4426,-19,-7
1599401571956086510,one,1,-4437,-19,-7
1599401572019927505,one,1,-4458,-19,-7
1599401572051937686,one,1,-4469,-19,-7
1599401572115912701,one,1,-4490,-19,-7
1599401572179907381,one,1,-4511,-19,-7
1599401572211879299,one,1,-4522,-19,-7
1599401572275762336,one,1,-4543,-19,-6
1599401572308054598,one,1,-4554,-19,-6
1599401572371857768,one,1,-4575,-19,-7
1599401572403922046,one,1,-4585,-19,-7
1599401572467813925,one,1,-4606,-19,-7
1599401572499964795,one,1,-4617,-19,-7
1599401572563994000,one,1,-4638,-19,-7
1599401572627777293,one,1,-4659,-19,-7
1599401572659765883,one,1,-4670,-19,-7
1599401572723921638,one,1,-4691,-19,-7
1599401572755930408,one,1,-4701,-19,-7
1599401572819825040,one,1,-4722,-19,-7
1599401572851855935,one,1,-4733,-19,-7
1599401572915950053,one,1,-4753,-19,-7
1599401572979824657,one,1,-4775,-19,-7
1599401573011770858,one,1,-4785,-19,-7
1599401573075783137,one,1,-4806,-19,-7
1599401573107891976,one,1,-4816,-19,-7
1599401573171761334,one,1,-4837,-19,-7
1599401573203789351,one,1,-4847,-19,-7
1599401573267726283,one,1,-4869,-19,-7
1599401573299917721,one,1,-4879,-19,-7
1599401573363818732,one,1,-4899,-19,-7
1599401573427690007,one,1,-4920,-19,-7
1599401573459759104,one,1,-4931,-19,-7
1599401573523798829,one,1,-4951,-19,-7
1599401573555719624,one,1,-4961,-19,-7
1599401573619927427,one,1,-4982,-19,-7
1599401573651821138,one,1,-4992,-19,-7
1599401573715767657,one,1,-5013,-19,-7
1599401573780073026,one,1,-5034,-19,-7
1599401573811960687,one,1,-5045,-19,-7
1599401573875800851,one,1,-5066,-19,-7
1599401573907865596,one,1,-5077,-19,-7
1599401573971738670,one,1,-5098,-19,-7
1599401574003805715,one,1,-5108,-19,-7
1599401574067698568,one,1,-5130,-19,-7
1599401574131673736,one,1,-5151,-19,-7
1599401574163708867,one,1,-5161,-19,-7
1599401574227655500,one,1,-5182,-19,-7
1599401574259710090,one,1,-5193,-19,-7
1599401574323745117,one,1,-5214,-19,-7
1599401574355787442,one,1,-5225,-19,-7
1599401574419671352,one,1,-5246,-19,-7
1599401574451793750,one,1,-5257,-19,-7
1599401574515940590,one,1,-5278,-19,-7
1599401574579594254,one,1,-5298,-19,-7
1599401574611586718,one,1,-5308,-19,-7
1599401574675810017,one,1,-5330,-19,-7
1599401574707710695,one,1,-5340,-19,-7
1599401574771228497,one,1,-5361,-19,-7
1599401574803245568,one,1,-5371,-19,-7
1599401574867602508,one,1,-5393,-19,-7
1599401574931628948,one,1,-5415,-19,-7
1599401574963570902,one,1,-5425,-19,-7
1599401575027543006,one,1,-5446,-19,-7
1599401575059628054,one,1,-5457,-19,-7
1599401575123738690,one,1,-5477,-19,-7
1599401575155627040,one,1,-5488,-19,-7
1599401575219597833,one,1,-5508,-19,-7
1599401575251690900,one,1,-5519,-19,-7
1599401575315799138,one,1,-5541,-19,-7
1599401575379691964,one,1,-5562,-19,-7
1599401575411700404,one,1,-5572,-19,-7
1599401575475612660,one,1,-5593,-19,-7
1599401575507850752,one,1,-5603,-19,-7
1599401575571654291,one,1,-5624,-19,-7
1599401575603660143,one,1,-5635,-19,-7
1599401575667573316,one,1,-5656,-19,-6
1599401575731610187,one,1,-5676,-19,-7
1599401575763682759,one,1,-5687,-19,-7
1599401575827621246,one,1,-5708,-19,-7
1599401575859614062,one,1,-5718,-19,-7
1599401575923682109,one,1,-5740,-19,-7
1599401575955529035,one,1,-5750,-19,-7
1599401576019482208,one,1,-5770,-19,-7
1599401576051534160,one,1,-5781,-19,-7
1599401576115567098,one,1,-5802,-19,-7
1599401576179633806,one,1,-5822,-19,-7
1599401576211601676,one,1,-5833,-19,-7
1599401576275489010,one,1,-5853,-19,-7
1599401576307697897,one,1,-5863,-19,-7
1599401576371555330,one,1,-5884,-19,-7
1599401576403519880,one,1,-5895,-19,-7
1599401576467630131,one,1,-5915,-19,-7
1599401576531555629,one,1,-5937,-19,-7
1599401576563430502,one,1,-5947,-19,-7
1599401576627439501,one,1,-5968,-19,-7
1599401576659570516,one,1,-5978,-19,-7
1599401576723471198,one,1,-5999,-19,-7
1599401576755436605,one,1,-6009,-19,-7
1599401576819065848,one,1,-6030,-19,-7
1599401576851137596,one,1,-6040,-19,-7
1599401576916018216,one,1,-6061,-19,-7
1599401576979633408,one,1,-6082,-19,-7
1599401577011530323,one,1,-6092,-19,-7
1599401577075372896,one,1,-6114,-19,-7
1599401577107653626,one,1,-6125,-19,-7
1599401577171410302,one,1,-6145,-19,-7
1599401577203470476,one,1,-6156,-19,-7
1599401577267460256,one,1,-6177,-19,-7
1599401577331481591,one,1,-6197,-19,-7
1599401577363429805,one,1,-6208,-19,-7
1599401577427530331,one,1,-6229,-19,-7
1599401577459479191,one,1,-6239,-19,-7
1599401577523620720,one,1,-6260,-19,-7
1599401577555372381,one,1,-6270,-19,-7
1599401577619348205,one,1,-6291,-19,-7
1599401577651523514,one,1,-6301,-19,-7
1599401577715544465,one,1,-6324,-19,-7
1599401577779397551,one,1,-6345,-19,-7
1599401577811529939,one,1,-6355,-19,-7
1599401577875503555,one,1,-6376,-19,-7
1599401577907568484,one,1,-6387,-19,-7
1599401577971474345,one,1,-6408,-19,-7
1599401578003385341,one,1,-6418,-19,-7
1599401578067362486,one,1,-6439,-19,-7
1599401578131496811,one,1,-6460,-19,-7
1599401578163377520,one,1,-6471,-19,-7
1599401578227355814,one,1,-6492,-19,-7
1599401578259343073,one,1,-6503,-19,-7
1599401578323375329,one,1,-6525,-19,-7
1599401578355366813,one,1,-6534,-19,-7
1599401578419319930,one,1,-6555,-19,-7
1599401578451369903,one,1,-6567,-19,-7
1599401578515402238,one,1,-6588,-19,-7
1599401578579365658,one,1,-6609,-19,-7
1599401578611413931,one,1,-6620,-19,-7
1599401578675338522,one,1,-6641,-19,-7
1599401578707690469,one,1,-6651,-19,-7
1599401578771363758,one,1,-6672,-19,-7
1599401578803462792,one,1,-6683,-19,-7
1599401578867543145,one,1,-6704,-19,-7
1599401578931278382,one,1,-6725,-19,-7
1599401578963389804,one,1,-6735,-19,-7
1599401579027324221,one,1,-6756,-19,-7
1599401579058916204,one,1,-6767,-19,-7
1599401579122910880,one,1,-6789,-19,-7
1599401579155302320,one,1,-6799,-19,-7
1599401579219209692,one,1,-6820,-19,-7
1599401579251374781,one,1,-6830,-19,-7
1599401579315510905,one,1,-6851,-19,-6
1599401579379453000,one,1,-6872,-19,-7
1599401579411312260,one,1,-6883,-19,-7
1599401579475287268,one,1,-6903,-19,-7
1599401579507380461,one,1,-6914,-19,-7
1599401579571238222,one,1,-6935,-19,-7
1599401579603180989,one,1,-6946,-19,-7
1599401579667246688,one,1,-6966,-19,-7
1599401579731310143,one,1,-6987,-19,-7
1599401579763233849,one,1,-6997,-19,-7
1599401579827243544,one,1,-7018,-19,-6
1599401579859345795,one,1,-7028,-19,-6
1599401579923524852,one,1,-7049,-19,-6
1599401579955293629,one,1,-7060,-19,-7
1599401580019850207,one,1,-7079,-19,-7
1599401580051295664,one,1,-7090,-19,-7
1599401580115337226,one,1,-7111,-19,-7
1599401580179311112,one,1,-7132,-19,-7
1599401580211306469,one,1,-7143,-19,-7
1599401580275305550,one,1,-7164,-19,-7
1599401580307337574,one,1,-7175,-19,-7
1599401580371287745,one,1,-7196,-19,-7
1599401580403020669,one,1,-7207,-19,-6
1599401580466953471,one,1,-7228,-19,-7
1599401580531153384,one,1,-7249,-19,-7
1599401580563061946,one,1,-7260,-19,-7
1599401580627236400,one,1,-7281,-19,-6
1599401580659349518,one,1,-7291,-19,-6
1599401580723511576,one,1,-7313,-19,-6
1599401580755318875,one,1,-7323,-19,-6
1599401580819353614,one,1,-7345,-19,-6
1599401580851388974,one,1,-7355,-19,-6
1599401580915276311,one,1,-7377,-19,-6
1599401580979132457,one,1,-7398,-19,-6
1599401581011184218,one,1,-7409,-19,-6
1599401581075264028,one,1,-7430,-19,-6
1599401581107458206,one,1,-7441,-19,-6
1599401581171364936,one,1,-7462,-19,-6
1599401581203224496,one,1,-7473,-19,-6
1599401581267186165,one,1,-7495,-19,-6
1599401581331281526,one,1,-7516,-19,-6
1599401581363334745,one,1,-7526,-19,-6
1599401581427180698,one,1,-7547,-19,-6
1599401581459168841,one,1,-7558,-19,-7
1599401581523280839,one,1,-7580,-19,-6
1599401581555174477,one,1,-7590,-19,-6
1599401581619201401,one,1,-7611,-19,-6
1599401581651481056,one,1,-7622,-19,-6
1599401581715287605,one,1,-7643,-19,-6
1599401581779316193,one,1,-7664,-19,-6
1599401581811186921,one,1,-7675,-19,-6
1599401581875277751,one,1,-7695,-19,-7
1599401581907373071,one,1,-7707,-19,-7
1599401581971119748,one,1,-7727,-19,-7
1599401582003073986,one,1,-7737,-19,-6
1599401582067098413,one,1,-7759,-19,-6
1599401582131169926,one,1,-7779,-19,-7
1599401582163038557,one,1,-7790,-19,-7
1599401582227213532,one,1,-7812,-19,-7
1599401582259199306,one,1,-7822,-19,-6
1599401582323276969,one,1,-7842,-19,-6
1599401582355119208,one,1,-7853,-19,-6
1599401582419179834,one,1,-7874,-19,-7
1599401582451123368,one,1,-7884,-19,-7
1599401582515180652,one,1,-7905,-19,-7
1599401582579121860,one,1,-7926,-19,-7
1599401582611051861,one,1,-7937,-19,-7
1599401582675040294,one,1,-7958,-19,-7
1599401582707240852,one,1,-7969,-19,-7
1599401582771021723,one,1,-7990,-19,-7
1599401582803262074,one,1,-8000,-19,-7
1599401582866628264,one,1,-8021,-19,-7
1599401582931240940,one,1,-8041,-19,-7
1599401582963203755,one,1,-8052,-19,-7
1599401583027130883,one,1,-8073,-19,-7
1599401583059031812,one,1,-8083,-19,-7
1599401583123156841,one,1,-8104,-19,-7
1599401583155058045,one,1,-8115,-19,-7
1599401583219028073,one,1,-8136,-19,-7
1599401583250915614,one,1,-8147,-19,-7
1599401583315061734,one,1,-8167,-19,-7
1599401583379065918,one,1,-8188,-19,-7
1599401583411031675,one,1,-8199,-19,-7
1599401583474939501,one,1,-8221,-19,-7
1599401583507187321,one,1,-8232,-19,-7
1599401583571003659,one,1,-8254,-19,-7
1599401583602967036,one,1,-8265,-19,-7
1599401583667136406,one,1,-8286,-19,-7
1599401583731174417,one,1,-8307,-19,-7
1599401583763037382,one,1,-8318,-19,-7
1599401583826985380,one,1,-8339,-19,-7
1599401583858934958,one,1,-8349,-19,-7
1599401583922939886,one,1,-8370,-19,-7
1599401583954944361,one,1,-8381,-19,-7
1599401584018886120,one,1,-8402,-19,-7
1599401584050826259,one,1,-8413,-19,-7
1599401584115306517,one,1,-8434,-19,-7
1599401584178981386,one,1,-8455,-19,-7
1599401584211086028,one,1,-8466,-19,-7
1599401584274980179,one,1,-8486,-19,-7
1599401584307031572,one,1,-8496,-19,-7
1599401584371035474,one,1,-8518,-19,-7
1599401584402921473,one,1,-8529,-19,-7
1599401584467022933,one,1,-8550,-19,-7
1599401584530956017,one,1,-8571,-19,-7
1599401584563034498,one,1,-8581,-19,-7
1599401584626922238,one,1,-8603,-19,-7
1599401584658903324,one,1,-8613,-19,-7
1599401584722994386,one,1,-8635,-19,-7
1599401584754387836,one,1,-8645,-19,-7
1599401584818987262,one,1,-8666,-19,-7
1599401584850951486,one,1,-8677,-19,-7
1599401584915080889,one,1,-8698,-19,-7
1599401584978868818,one,1,-8719,-19,-7
1599401585011545627,one,1,-8729,-19,-7
1599401585074483048,one,1,-8751,-19,-7
1599401585107176423,one,1,-8761,-19,-7
1599401585170814740,one,1,-8783,-19,-6
1599401585202779426,one,1,-8793,-19,-7
1599401585266797211,one,1,-8814,-19,-6
1599401585330872190,one,1,-8835,-19,-7
1599401585362767248,one,1,-8846,-19,-7
1599401585426777571,one,1,-8867,-19,-7
1599401585458733800,one,1,-8877,-19,-7
1599401585523126967,one,1,-8898,-19,-7
1599401585555013585,one,1,-8909,-19,-7
1599401585619012218,one,1,-8930,-19,-7
1599401585650815782,one,1,-8940,-19,-7
1599401585714919385,one,1,-8961,-19,-7
1599401585778894434,one,1,-8982,-19,-7
1599401585810840799,one,1,-8992,-19,-7
1599401585874954022,one,1,-9013,-19,-7
1599401585906993762,one,1,-9023,-19,-7
1599401585970767938,one,1,-9044,-19,-7
1599401586002849505,one,1,-9055,-19,-7
1599401586066745569,one,1,-9074,-19,-7
1599401586131026629,one,1,-9095,-19,-7
1599401586162805475,one,1,-9105,-19,-7
1599401586226905429,one,1,-9126,-19,-7
1599401586258749728,one,1,-9136,-19,-7
1599401586322802577,one,1,-9157,-19,-7
1599401586354822765,one,1,-9168,-19,-7
1599401586418511196,one,1,-9189,-19,-7
1599401586450406801,one,1,-9199,-19,-7
1599401586514925627,one,1,-9220,-19,-7
1599401586578606228,one,1,-9241,-19,-7
1599401586610679885,one,1,-9251,-19,-7
1599401586674641106,one,1,-9272,-19,-7
1599401586706836220,one,1,-9283,-19,-7
1599401586770692556,one,1,-9304,-19,-7
1599401586802683517,one,1,-9314,-19,-7
1599401586866817169,one,1,-9335,-19,-7
1599401586930780705,one,1,-9357,-19,-7
1599401586962641256,one,1,-9367,-19,-7
1599401587026642562,one,1,-9387,-19,-7
1599401587058705595,one,1,-9397,-19,-7
1599401587122710873,one,1,-9418,-19,-7
1599401587154605176,one,1,-9429,-19,-7
1599401587218668953,one,1,-9450,-19,-7
1599401587250650041,one,1,-9461,-19,-7
1599401587314700314,one,1,-9481,-19,-7
1599401587378650327,one,1,-9502,-19,-7
1599401587410658265,one,1,-9513,-19,-7
1599401587474590485,one,1,-9535,-19,-7
1599401587506788148,one,1,-9545,-19,-7
1599401587570586799,one,1,-9566,-19,-7
1599401587602600987,one,1,-9576,-19,-7
1599401587666661767,one,1,-9597,-19,-7
1599401587730887715,one,1,-9618,-19,-7
1599401587762786844,one,1,-9628,-19,-7
1599401587826795242,one,1,-9651,-19,-7
1599401587858785588,one,1,-9660,-19,-7
1599401587922829701,one,1,-9681,-19,-7
1599401587954582284,one,1,-9692,-19,-7
1599401588018600984,one,1,-9713,-19,-7
1599401588050518807,one,1,-9723,-19,-7
1599401588114764087,one,1,-9744,-19,-7
1599401588178854401,one,1,-9765,-19,-7
1599401588210683098,one,1,-9775,-19,-7
1599401588274543140,one,1,-9796,-19,-7
1599401588306664119,one,1,-9807,-19,-7
1599401588370732671,one,1,-9828,-19,-7
1599401588402580786,one,1,-9838,-19,-7
1599401588466470583,one,1,-9859,-19,-7
1599401588530915592,one,1,-9880,-19,-7
1599401588562594849,one,1,-9891,-19,-7
1599401588626594536,one,1,-9911,-19,-7
1599401588658531551,one,1,-9921,-19,-7
1599401588722762718,one,1,-9943,-19,-7
1599401588754538690,one,1,-9952,-19,-6
1599401588818484892,one,1,-9974,-19,-7
1599401588850452293,one,1,-9985,-19,-7
1599401588914532911,one,1,-10006,-19,-7
1599401588978549033,one,1,-10028,-19,-7
1599401589010455704,one,1,-10039,-19,-7
1599401589074496805,one,1,-10060,-19,-7
1599401589106585082,one,1,-10070,-19,-7
1599401589170407027,one,1,-10091,-19,-7
1599401589202516836,one,1,-10101,-19,-7
1599401589266442685,one,1,-10123,-19,-7
1599401589330667164,one,1,-10144,-19,-7
1599401589362547923,one,1,-10154,-19,-7
1599401589426559937,one,1,-10175,-19,-7
1599401589458424529,one,1,-10185,-19,-7
1599401589522702849,one,1,-10207,-19,-7
1599401589554489348,one,1,-10219,-19,-7
1599401589618675287,one,1,-10239,-19,-7
1599401589650379716,one,1,-10250,-19,-7
1599401589714737911,one,1,-10271,-19,-7
1599401589778414050,one,1,-10292,-19,-7
1599401589810551493,one,1,-10303,-19,-7
1599401589874565431,one,1,-10324,-19,-7
1599401589906708906,one,1,-10335,-19,-7
1599401589970678943,one,1,-10355,-19,-7
1599401590002581561,one,1,-10366,-19,-7
1599401590066577202,one,1,-10387,-19,-7
1599401590130435813,one,1,-10409,-19,-7
1599401590162444002,one,1,-10420,-19,-7
1599401590226440891,one,1,-10442,-20,-5
1599401590258355418,one,1,-10453,-20,-5
1599401590322480754,one,1,-10474,-20,-5
1599401590354461096,one,1,-10484,-20,-6
1599401590418389391,one,1,-10505,-20,-6
1599401590450331325,one,1,-10515,-20,-6
1599401590514558179,one,1,-10535,-20,-6
1599401590578425074,one,1,-10556,-19,-6
1599401590610478661,one,1,-10567,-19,-6
1599401590674457586,one,1,-10588,-19,-6
1599401590706712853,one,1,-10598,-19,-6
1599401590770652548,one,1,-10619,-19,-6
1599401590802532705,one,1,-10629,-19,-6
1599401590866389585,one,1,-10651,-19,-6
1599401590930388930,one,1,-10673,-19,-6
1599401590962560516,one,1,-10684,-19,-6
1599401591026553578,one,1,-10705,-19,-7
1599401591058393038,one,1,-10715,-19,-7
1599401591122536265,one,1,-10736,-19,-7
1599401591154509441,one,1,-10747,-19,-7
1599401591218379954,one,1,-10768,-19,-7
1599401591250475225,one,1,-10779,-19,-7
1599401591314336588,one,1,-10800,-19,-7
1599401591378304629,one,1,-10821,-19,-7
1599401591410364711,one,1,-10832,-19,-7
1599401591474250477,one,1,-10853,-19,-7
1599401591506470147,one,1,-10863,-19,-7
1599401591570466124,one,1,-10885,-19,-7
1599401591602313184,one,1,-10895,-19,-7
1599401591666285763,one,1,-10916,-19,-7
1599401591730231702,one,1,-10938,-19,-6
1599401591761874006,one,1,-10949,-19,-6
1599401591825803447,one,1,-10970,-19,-6
1599401591858037732,one,1,-10980,-19,-7
1599401591922480681,one,1,-11001,-19,-7
1599401591954389349,one,1,-11012,-19,-6
1599401592018279401,one,1,-11033,-19,-6
1599401592050306677,one,1,-11044,-19,-6
1599401592114507820,one,1,-11064,-19,-6
1599401592178266841,one,1,-11085,-19,-6
1599401592210219235,one,1,-11096,-19,-6
1599401592274311694,one,1,-11116,-19,-6
1599401592306141325,one,1,-11127,-19,-6
1599401592370248279,one,1,-11148,-19,-6
1599401592402252395,one,1,-11158,-19,-6
1599401592466148337,one,1,-11178,-19,-6
1599401592530332469,one,1,-11199,-19,-6
1599401592562398520,one,1,-11210,-19,-6
1599401592626227335,one,1,-11231,-19,-6
1599401592658302887,one,1,-11241,-19,-6
1599401592722423809,one,1,-11263,-19,-6
1599401592754221506,one,1,-11274,-19,-6
1599401592818102125,one,1,-11295,-19,-6
1599401592850286630,one,1,-11305,-19,-6
1599401592914385473,one,1,-11326,-19,-6
1599401592978215413,one,1,-11348,-19,-6
1599401593010151324,one,1,-11359,-19,-6
1599401593074135847,one,1,-11379,-19,-6
1599401593106356245,one,1,-11389,-19,-6
1599401593170316481,one,1,-11410,-19,-6
1599401593202186682,one,1,-11421,-19,-6
1599401593266169003,one,1,-11443,-19,-6
1599401593330262692,one,1,-11464,-19,-6
1599401593362131126,one,1,-11475,-19,-6
1599401593426123910,one,1,-11497,-19,-6
1599401593458213895,one,1,-11507,-19,-6
1599401593522284312,one,1,-11528,-19,-6
1599401593554125463,one,1,-11539,-19,-6
1599401593618383307,one,1,-11560,-19,-6
1599401593650305947,one,1,-11571,-19,-6
1599401593714438563,one,1,-11592,-19,-6
1599401593778146131,one,1,-11613,-19,-6
1599401593810161232,one,1,-11624,-19,-6
1599401593874185909,one,1,-11646,-19,-6
1599401593906086929,one,1,-11656,-19,-6
1599401593970160504,one,1,-11678,-19,-6
1599401594002109184,one,1,-11689,-20,-6
1599401594066084105,one,1,-11710,-20,-6
1599401594130167461,one,1,-11730,-20,-6
1599401594162146945,one,1,-11741,-20,-6
1599401594226263173,one,1,-11762,-20,-6
1599401594258185328,one,1,-11773,-20,-6
1599401594322293274,one,1,-11793,-20,-6
1599401594354076820,one,1,-11804,-20,-6
1599401594418056615,one,1,-11825,-20,-6
1599401594450053264,one,1,-11835,-20,-6
1599401594514248287,one,1,-11856,-20,-6
1599401594578190293,one,1,-11876,-20,-7
1599401594610007688,one,1,-11887,-20,-7
1599401594674076958,one,1,-11908,-20,-6
1599401594706180124,one,1,-11918,-20,-6
1599401594770053836,one,1,-11938,-20,-6
1599401594802225375,one,1,-11949,-20,-6
1599401594866048684,one,1,-11969,-20,-6
1599401594930160186,one,1,-11990,-20,-6
1599401594962093000,one,1,-12001,-20,-6
1599401595025944225,one,1,-12022,-20,-6
1599401595057986466,one,1,-12032,-20,-6
1599401595122109448,one,1,-12052,-20,-6
1599401595153682867,one,1,-12062,-20,-6
1599401595218150062,one,1,-12084,-20,-6
1599401595250060106,one,1,-12094,-20,-6
1599401595314317688,one,1,-12115,-20,-6
1599401595378066321,one,1,-12135,-20,-6
1599401595409957585,one,1,-12145,-20,-6
1599401595473943256,one,1,-12166,-20,-6
1599401595505880567,one,1,-12176,-20,-6
1599401595570126061,one,1,-12196,-19,-6
1599401595601985619,one,1,-12207,-19,-7
1599401595665962833,one,1,-12228,-19,-7
1599401595729923056,one,1,-12249,-19,-7
1599401595761915773,one,1,-12260,-19,-7
1599401595825882025,one,1,-12281,-19,-7
1599401595857873398,one,1,-12291,-19,-7
1599401595921991466,one,1,-12313,-19,-6
1599401595953878958,one,1,-12324,-19,-6
1599401596017935521,one,1,-12347,-19,-6
1599401596050015729,one,1,-12357,-19,-6
1599401596114114481,one,1,-12378,-19,-6
1599401596177992816,one,1,-12400,-19,-6
1599401596210026010,one,1,-12411,-19,-6
1599401596273807931,one,1,-12432,-19,-6
1599401596305855860,one,1,-12442,-19,-6
1599401596369918353,one,1,-12464,-19,-6
1599401596401956663,one,1,-12475,-19,-7
1599401596466029827,one,1,-12497,-19,-7
1599401596530015561,one,1,-12518,-19,-6
1599401596561988751,one,1,-12528,-19,-6
1599401596625954298,one,1,-12550,-19,-7
1599401596657918454,one,1,-12561,-19,-7
1599401596722009451,one,1,-12581,-19,-7
1599401596753969521,one,1,-12592,-19,-7
1599401596818031943,one,1,-12613,-19,-7
1599401596849936067,one,1,-12623,-19,-7
1599401596914259294,one,1,-12645,-19,-7
1599401596978042138,one,1,-12667,-19,-7
1599401597009963962,one,1,-12677,-19,-7
1599401597073933268,one,1,-12699,-19,-7
1599401597106005157,one,1,-12709,-19,-7
1599401597170074733,one,1,-12731,-19,-7
1599401597201972403,one,1,-12741,-19,-7
1599401597265887043,one,1,-12763,-20,-7
1599401597329968060,one,1,-12783,-20,-6
1599401597361928988,one,1,-12794,-20,-6
1599401597425799260,one,1,-12815,-20,-6
1599401597458101717,one,1,-12825,-20,-6
1599401597522169255,one,1,-12846,-20,-6
1599401597553937036,one,1,-12856,-20,-7
1599401597617794236,one,1,-12877,-19,-7
1599401597649885750,one,1,-12887,-19,-7
1599401597713910242,one,1,-12908,-19,-7
1599401597777921530,one,1,-12929,-19,-7
1599401597809839555,one,1,-12939,-19,-6
1599401597873928501,one,1,-12960,-19,-6
1599401597905933732,one,1,-12970,-19,-6
1599401597969833961,one,1,-12991,-19,-7
1599401598001736536,one,1,-13002,-19,-6
1599401598065712795,one,1,-13023,-19,-6
1599401598129963955,one,1,-13043,-19,-6
1599401598161983649,one,1,-13054,-19,-6
1599401598225765262,one,1,-13075,-19,-6
1599401598257702898,one,1,-13085,-19,-6
1599401598321982941,one,1,-13105,-19,-7
1599401598353752322,one,1,-13116,-19,-7
1599401598417915209,one,1,-13136,-19,-6
1599401598449810648,one,1,-13147,-19,-6
1599401598513914181,one,1,-13167,-19,-6
1599401598577809946,one,1,-13188,-19,-7
1599401598609768214,one,1,-13197,-19,-7
1599401598673739771,one,1,-13217,-19,-7
1599401598705722514,one,1,-13228,-19,-7
1599401598769907959,one,1,-13249,-19,-6
1599401598801706216,one,1,-13259,-19,-6
1599401598865790159,one,1,-13280,-19,-7
1599401598929873682,one,1,-13300,-19,-7
1599401598961753488,one,1,-13311,-19,-7
1599401599025873816,one,1,-13331,-19,-7
1599401599058009862,one,1,-13342,-19,-7
1599401599121625546,one,1,-13362,-19,-7
1599401599153562483,one,1,-13373,-19,-7
1599401599217521985,one,1,-13393,-19,-6
1599401599281590332,one,1,-13414,-19,-6
1599401599313957224,one,1,-13424,-19,-6
1599401599377810522,one,1,-13445,-19,-7
1599401599410043156,one,1,-13455,-19,-7
1599401599473814620,one,1,-13475,-19,-7
1599401599505777688,one,1,-13485,-19,-7
1599401599569769590,one,1,-13506,-19,-6
1599401599601745874,one,1,-13516,-19,-6
1599401599665933077,one,1,-13536,-19,-7
1599401599729166101,one,1,-13557,-19,-7
1599401599761526342,one,1,-13567,-19,-7
1599401599825640229,one,1,-13588,-19,-7
1599401599857697349,one,1,-13598,-19,-7
1599401599921975913,one,1,-13620,-19,-7
1599401599953719423,one,1,-13630,-19,-7
1599401600017562127,one,1,-13651,-19,-7
1599401600081575949,one,1,-13671,-19,-7
1599401600113750659,one,1,-13682,-19,-7
1599401600177675987,one,1,-13703,-19,-7
1599401600209677452,one,1,-13713,-19,-7
1599401600273826348,one,1,-13736,-19,-7
1599401600305678610,one,1,-13746,-19,-7
1599401600369684801,one,1,-13767,-19,-7
1599401600401507945,one,1,-13777,-19,-7
1599401600465666341,one,1,-13798,-19,-7
1599401600529704465,one,1,-13820,-19,-7
1599401600561918560,one,1,-13830,-19,-8
1599401600625894143,one,1,-13851,-19,-8
1599401600657647244,one,1,-13861,-19,-7
1599401600721769831,one,1,-13882,-19,-7
1599401600753597721,one,1,-13893,-19,-7
1599401600817723503,one,1,-13914,-19,-7
1599401600881746353,one,1,-13936,-19,-7
1599401600913162919,one,1,-13947,-19,-7
1599401600977165365,one,1,-13967,-19,-7
1599401601010336156,one,1,-13978,-19,-7
1599401601073538514,one,1,-13999,-19,-8
1599401601105511057,one,1,-14009,-19,-8
1599401601169529497,one,1,-14030,-19,-7
1599401601201871691,one,1,-14040,-19,-7
1599401601265688320,one,1,-14061,-19,-7
1599401601329658483,one,1,-14082,-19,-7
1599401601361778911,one,1,-14093,-19,-7
1599401601425180308,one,1,-14115,-19,-7
1599401601457565268,one,1,-14125,-19,-7
1599401601521901884,one,1,-14146,-19,-7
1599401601553675797,one,1,-14157,-19,-7
1599401601617625045,one,1,-14178,-19,-7
1599401601681637352,one,1,-14199,-19,-7
1599401601713966630,one,1,-14210,-19,-7
1599401601777658528,one,1,-14231,-19,-7
1599401601809695816,one,1,-14241,-19,-7
1599401601873451422,one,1,-14262,-19,-7
1599401601905699194,one,1,-14272,-19,-7
1599401601969660280,one,1,-14293,-19,-7
1599401602001613605,one,1,-14303,-19,-7
1599401602065573908,one,1,-14325,-19,-7
1599401602129742476,one,1,-14346,-19,-7
1599401602161502467,one,1,-14356,-19,-8
1599401602225453843,one,1,-14377,-19,-7
1599401602257587779,one,1,-14388,-19,-7
1599401602321799892,one,1,-14409,-19,-7
1599401602353680353,one,1,-14419,-19,-7
1599401602417659710,one,1,-14438,-19,-7
1599401602481541308,one,1,-14459,-19,-7
1599401602513567884,one,1,-14470,-19,-7
1599401602577438509,one,1,-14491,-19,-7
1599401602609461624,one,1,-14502,-19,-7
1599401602673435669,one,1,-14523,-19,-7
1599401602705581711,one,1,-14534,-19,-7
1599401602769505483,one,1,-14554,-19,-7
1599401602801454757,one,1,-14565,-19,-7
1599401602865426259,one,1,-14585,-19,-7
1599401602929472895,one,1,-14606,-19,-7
1599401602961311978,one,1,-14616,-19,-7
1599401603025542972,one,1,-14637,-19,-7
1599401603057406828,one,1,-14648,-19,-7
1599401603121857209,one,1,-14669,-19,-7
1599401603153401505,one,1,-14680,-19,-7
1599401603217387975,one,1,-14700,-19,-7
1599401603281372758,one,1,-14722,-19,-7
1599401603313604425,one,1,-14732,-19,-7
1599401603377419004,one,1,-14754,-19,-7
1599401603409405751,one,1,-14765,-19,-7
1599401603473493941,one,1,-14786,-19,-7
1599401603505298309,one,1,-14797,-19,-7
1599401603569477058,one,1,-14818,-19,-7
1599401603601501153,one,1,-14828,-19,-7
1599401603665433389,one,1,-14850,-19,-7
1599401603729423529,one,1,-14871,-19,-7
1599401603761421395,one,1,-14882,-19,-7
1599401603825278636,one,1,-14903,-19,-7
1599401603857328963,one,1,-14913,-19,-7
1599401603921649458,one,1,-14935,-19,-7
1599401603953417555,one,1,-14946,-19,-7
1599401604017341366,one,1,-14967,-19,-7
1599401604081577426,one,1,-14988,-19,-7
1599401604113542572,one,1,-14999,-19,-7
1599401604177552533,one,1,-15020,-20,-7
1599401604209392482,one,1,-15031,-20,-7
1599401604273478411,one,1,-15052,-20,-7
1599401604305359217,one,1,-15063,-20,-7
1599401604369479104,one,1,-15083,-20,-7
1599401604401449670,one,1,-15093,-19,-7
1599401604465254350,one,1,-15115,-19,-7
1599401604529367854,one,1,-15136,-19,-7
1599401604561143407,one,1,-15146,-19,-7
1599401604625189422,one,1,-15167,-19,-7
1599401604657219044,one,1,-15178,-19,-7
1599401604721410802,one,1,-15199,-19,-7
1599401604752907269,one,1,-15209,-19,-7
1599401604817309079,one,1,-15231,-19,-6
1599401604881349097,one,1,-15252,-19,-6
1599401604913415982,one,1,-15263,-19,-6
1599401604977355483,one,1,-15283,-19,-6
1599401605009162814,one,1,-15294,-19,-6
1599401605073218093,one,1,-15315,-19,-6
1599401605105248994,one,1,-15325,-19,-6
1599401605169213985,one,1,-15347,-19,-6
1599401605201407370,one,1,-15357,-19,-6
1599401605265220391,one,1,-15379,-19,-6
1599401605329271623,one,1,-15400,-19,-6
1599401605361358551,one,1,-15411,-19,-6
1599401605425393458,one,1,-15432,-19,-7
1599401605457261657,one,1,-15442,-19,-7
1599401605522152802,one,1,-15463,-19,-7
1599401605553401921,one,1,-15473,-19,-7
1599401605617363570,one,1,-15495,-19,-7
1599401605681537307,one,1,-15516,-19,-7
1599401605712736325,one,1,-15526,-19,-7
1599401605778019076,one,1,-15548,-19,-7
1599401605809252483,one,1,-15559,-19,-7
1599401605873260431,one,1,-15580,-19,-7
1599401605905304847,one,1,-15591,-19,-7
1599401605969175290,one,1,-15612,-19,-7
1599401606001095716,one,1,-15623,-19,-7
1599401606065093790,one,1,-15644,-19,-7
1599401606129471438,one,1,-15665,-19,-7
1599401606161151135,one,1,-15675,-19,-7
1599401606225282372,one,1,-15697,-19,-7
1599401606257380942,one,1,-15708,-19,-7
1599401606321200888,one,1,-15729,-19,-6
1599401606353252804,one,1,-15739,-19,-6
1599401606417267928,one,1,-15761,-19,-6
1599401606481097392,one,1,-15782,-19,-6
1599401606513235827,one,1,-15793,-19,-6
1599401606577148249,one,1,-15814,-19,-6
1599401606609120685,one,1,-15825,-19,-6
1599401606673054775,one,1,-15846,-19,-6
1599401606705018185,one,1,-15857,-19,-7
1599401606769091286,one,1,-15878,-19,-7
1599401606801283416,one,1,-15889,-19,-7
1599401606865035809,one,1,-15910,-19,-6
1599401606929247421,one,1,-15932,-19,-6
1599401606961077976,one,1,-15942,-19,-6
1599401607025069493,one,1,-15964,-19,-6
1599401607056962338,one,1,-15975,-19,-6
1599401607121277736,one,1,-15996,-19,-6
1599401607153217469,one,1,-16007,-19,-6
1599401607217046528,one,1,-16028,-19,-6
1599401607281119101,one,1,-16049,-20,-7
1599401607313093676,one,1,-16060,-20,-7
1599401607377058675,one,1,-16080,-20,-7
1599401607409431616,one,1,-16091,-20,-6
1599401607472947972,one,1,-16111,-20,-7
1599401607505194326,one,1,-16122,-20,-7
1599401607568999372,one,1,-16143,-20,-7
1599401607600981308,one,1,-16153,-20,-7
1599401607664941039,one,1,-16174,-19,-7
1599401607729478038,one,1,-16196,-19,-7
1599401607761224527,one,1,-16207,-19,-7
1599401607825164312,one,1,-16227,-19,-7
1599401607857131718,one,1,-16237,-19,-7
1599401607921181304,one,1,-16258,-19,-7
1599401607953233935,one,1,-16269,-19,-7
1599401608017040444,one,1,-16290,-19,-6
1599401608080970703,one,1,-16312,-19,-7
1599401608113099263,one,1,-16323,-19,-7
1599401608177157940,one,1,-16344,-19,-7
1599401608209066695,one,1,-16355,-19,-7
1599401608273096985,one,1,-16375,-19,-7
1599401608305058022,one,1,-16387,-19,-7
1599401608369193818,one,1,-16409,-19,-7
1599401608401019634,one,1,-16419,-19,-7
1599401608465026170,one,1,-16441,-19,-7
1599401608529087242,one,1,-16463,-19,-7
1599401608561081928,one,1,-16473,-19,-7
1599401608625099648,one,1,-16494,-19,-7
1599401608656937454,one,1,-16504,-19,-7
1599401608721012799,one,1,-16526,-19,-7
1599401608752946740,one,1,-16536,-19,-7
1599401608817083601,one,1,-16557,-19,-7
1599401608880962072,one,1,-16578,-19,-8
1599401608912892287,one,1,-16588,-19,-8
1599401608977157788,one,1,-16609,-19,-7
1599401609009193650,one,1,-16621,-19,-7
1599401609073062688,one,1,-16642,-19,-7
1599401609105224190,one,1,-16652,-19,-7
1599401609168787200,one,1,-16672,-19,-7
1599401609200747466,one,1,-16683,-19,-7
1599401609264732072,one,1,-16704,-19,-7
1599401609328633012,one,1,-16725,-19,-7
1599401609360681346,one,1,-16735,-19,-7
1599401609424757123,one,1,-16756,-19,-7
1599401609456685312,one,1,-16767,-19,-7
1599401609521609579,one,1,-16788,-19,-7
1599401609552399302,one,1,-16799,-19,-7
1599401609617039762,one,1,-16820,-19,-7
1599401609681040932,one,1,-16841,-19,-7
1599401609712985538,one,1,-16852,-19,-7
1599401609777009935,one,1,-16873,-19,-7
1599401609808981004,one,1,-16883,-19,-7
1599401609873005398,one,1,-16905,-19,-7
1599401609904948265,one,1,-16915,-19,-7
1599401609969058307,one,1,-16936,-19,-7
1599401610001012133,one,1,-16947,-19,-7
1599401610065096162,one,1,-16968,-19,-7
1599401610129177128,one,1,-16990,-19,-7
1599401610160940230,one,1,-17000,-19,-7
1599401610225365804,one,1,-17021,-19,-7
1599401610257074228,one,1,-17032,-19,-7
1599401610320866170,one,1,-17054,-19,-7
1599401610352930637,one,1,-17065,-19,-7
1599401610416438148,one,1,-17086,-19,-7
