1587089341047242556,1,2,0,2048,2048,2048
1587089341111429279,1,2,0,2048,2048,2048
1587089341239196608,1,2,0,2048,2048,2048
1587089341303275644,1,2,0,2048,2048,2048
1587089341431164244,1,2,0,2048,2048,2048
1587089341495207085,1,2,0,2048,2048,2048
1587089341623858103,1,2,0,2048,2048,2048
1587089341751420659,1,2,0,2048,2048,2048
1587089341815142824,1,2,0,2048,2048,2048
1587089341942535700,1,2,0,2048,2048,2048
1587089342007006837,1,2,0,2048,2048,2048
1587089342134800210,1,2,0,2048,2048,2048
1587089342198905682,1,2,0,2048,2048,2048
1587089342327034482,1,2,0,2048,2048,2048
1587089342455202279,1,2,0,2048,2048,2048
1587089342519165733,1,2,0,2048,2048,2048
1587089342647088560,1,2,0,2048,2048,2048
1587089342711059275,1,2,0,2048,2048,2048
1587089342838948448,1,2,0,2048,2048,2048
1587089342903024144,1,2,0,2048,2048,2048
1587089343031017668,1,2,0,2048,2048,2048
1587089343095493823,1,2,0,2048,2048,2048
1587089343222945414,1,2,0,2048,2048,2048
1587089343351019053,1,2,0,2048,2048,2048
1587089343414906621,1,2,0,2048,2048,2048
1587089343542882466,1,2,0,2048,2048,2048
1587089343606954123,1,2,0,2048,2048,2048
1587089343734445779,1,2,0,2048,2048,2048
1587089343798320963,1,2,0,2048,2048,2048
1587089343926334050,1,2,0,2048,2048,2048
1587089344054448380,1,2,0,2048,2048,2048
1587089344118353457,1,2,0,2048,2048,2048
1587089344246344910,1,2,0,2048,2048,2048
1587089344310306017,1,2,0,2048,2048,2048
1587089344438294585,1,2,0,2048,2048,2048
1587089344502240541,1,2,0,2048,2048,2048
1587089344630303498,1,2,0,2048,2048,2048
1587089344694291818,1,2,0,2048,2048,2048
1587089344823017243,1,2,0,2048,2048,2048
1587089344950877066,1,2,0,2048,2048,2048
1587089345014996118,1,2,0,2048,2048,2048
1587089345142879589,1,2,0,2048,2048,2048
1587089345207032884,1,2,0,2048,2048,2048
1587089345335132159,1,2,0,2048,2048,2048
1587089345399008922,1,2,0,2048,2048,2048
1587089345526997080,1,2,0,2048,2048,2048
1587089345654891329,1,2,0,2048,2048,2048
1587089345718769602,1,2,0,2048,2048,2048
1587089345862361571,1,2,0,2066,2069,2049
1587089345926800013,1,2,0,2065,2068,2049
1587089346055197313,1,2,0,2065,2068,2048
1587089346118802732,1,2,0,2065,2068,2048
1587089346246852947,1,2,0,2065,2068,2048
1587089346310917539,1,2,0,2065,2068,2048
1587089346438787016,1,2,0,2065,2068,2048
1587089346502839965,1,2,0,2065,2068,2048
1587089346630934469,1,2,0,2064,2067,2048
1587089346694953769,1,2,0,2064,2067,2048
1587089346823502562,1,2,0,2064,2066,2048
1587089346950879101,1,2,0,2063,2066,2048
1587089347014880293,1,2,0,2063,2065,2048
1587089347142832686,1,2,0,2062,2064,2048
1587089347206809564,1,2,0,2061,2064,2048
1587089347334745956,1,2,0,2060,2062,2048
1587089347398734178,1,2,0,2060,2062,2048
1587089347526761948,1,2,0,2059,2061,2048
1587089347654965980,1,2,0,2058,2059,2048
1587089347718795619,1,2,0,2057,2059,2048
1587089347846753822,1,2,0,2056,2057,2048
1587089347911065566,1,2,0,2055,2057,2048
1587089348038722983,1,2,0,2054,2055,2048
1587089348102764259,1,2,0,2054,2055,2048
1587089348230693628,1,2,0,2053,2054,2048
1587089348294719646,1,2,0,2052,2053,2048
1587089348422737205,1,2,0,2051,2052,2048
1587089348550792050,1,2,0,2050,2051,2048
1587089348614596267,1,2,0,2050,2050,2048
1587089348742646393,1,2,0,2049,2050,2048
1587089348806587258,1,2,0,2049,2049,2048
1587089348934634405,1,2,0,2049,2049,2048
1587089348998747354,1,2,0,2048,2048,2048
1587089349126930634,1,2,0,2048,2048,2048
1587089349254667088,1,2,0,2048,2048,2048
1587089349318609280,1,2,0,2048,2048,2048
1587089349446542081,1,2,0,2048,2048,2048
1587089349510654552,1,2,0,2048,2048,2048
1587089349638776575,1,2,0,2048,2048,2048
1587089349702799163,1,2,0,2048,2048,2048
1587089349830951482,1,2,0,2048,2048,2048
1587089349894699810,1,2,0,2048,2048,2048
1587089350022689930,1,2,0,2053,2053,2053
1587089350150648608,1,2,0,2065,2065,2065
1587089350214646088,1,2,0,2075,2075,2075
1587089350342614596,1,2,0,2102,2102,2102
1587089350406592131,1,2,0,2120,2120,2120
1587089350534536216,1,2,0,2166,2166,2166
1587089350598618076,1,2,0,2194,2194,2194
1587089350726698154,1,2,0,2259,2259,2259
1587089350854545606,1,2,0,2338,2338,2338
1587089350918610011,1,2,0,2381,2381,2381
1587089351046638975,1,2,0,2477,2477,2477
1587089351110609988,1,2,0,2529,2529,2529
1587089351238614008,1,2,0,2639,2639,2639
1587089351302639294,1,2,0,2697,2697,2697
1587089351430562991,1,2,0,2818,2818,2818
1587089351494757236,1,2,0,2880,2880,2880
1587089351622655670,1,2,0,3007,3007,3007
1587089351750573284,1,2,0,3135,3135,3135
1587089351814493182,1,2,0,3199,3199,3199
1587089351942559556,1,2,0,3324,3324,3324
1587089352006462383,1,2,0,3385,3385,3385
1587089352134542805,1,2,0,3503,3503,3503
1587089352198455659,1,2,0,3559,3559,3559
1587089352326464965,1,2,0,3665,3665,3665
1587089352454453074,1,2,0,3761,3761,3761
1587089352518389176,1,2,0,3804,3804,3804
1587089352646378373,1,2,0,3883,3883,3883
1587089352710507262,1,2,0,3917,3917,3917
1587089352838713100,1,2,0,3976,3976,3976
1587089352901988268,1,2,0,4000,4000,4000
1587089353030272882,1,2,0,4040,4040,4040
1587089353094517500,1,2,0,4055,4055,4055
1587089353222649430,1,2,0,4077,4077,4077
1587089353350504185,1,2,0,4089,4089,4089
1587089353413819298,1,2,0,4092,4092,4092
1587089353542304081,1,2,0,4094,4094,4094
1587089353606382463,1,2,0,4094,4094,4094
1587089353734555369,1,2,0,4094,4094,4094
1587089353798492082,1,2,0,4094,4094,4094
1587089353926659058,1,2,0,4091,4091,4091
1587089354054536201,1,2,0,4084,4084,4084
1587089354118459571,1,2,0,4078,4078,4078
1587089354246339891,1,2,0,4061,4061,4061
1587089354310321156,1,2,0,4049,4049,4049
1587089354438362268,1,2,0,4020,4020,4020
1587089354502322595,1,2,0,4003,4003,4003
1587089354630289125,1,2,0,3961,3961,3961
1587089354694301252,1,2,0,3936,3936,3936
1587089354822310436,1,2,0,3881,3881,3881
1587089354950360536,1,2,0,3816,3816,3816
1587089355014331670,1,2,0,3781,3781,3781
1587089355142203829,1,2,0,3705,3705,3705
1587089355206309535,1,2,0,3665,3665,3665
1587089355334320360,1,2,0,3579,3579,3579
1587089355398244998,1,2,0,3533,3533,3533
1587089355526311577,1,2,0,3439,3439,3439
1587089355654343742,1,2,0,3341,3341,3341
1587089355718343439,1,2,0,3291,3291,3291
1587089355846360015,1,2,0,3189,3189,3189
1587089355910291972,1,2,0,3138,3138,3138
1587089356038329411,1,2,0,3035,3035,3035
1587089356102484686,1,2,0,2983,2983,2983
1587089356230234549,1,2,0,2881,2881,2881
1587089356294283761,1,2,0,2831,2831,2831
1587089356422292715,1,2,0,2733,2733,2733
1587089356550150447,1,2,0,2637,2637,2637
1587089356614127752,1,2,0,2591,2591,2591
1587089356742179989,1,2,0,2501,2501,2501
1587089356806214140,1,2,0,2458,2458,2458
1587089356934310144,1,2,0,2375,2375,2375
1587089356998267425,1,2,0,2336,2336,2336
1587089357126202116,1,2,0,2259,2259,2259
1587089357254285737,1,2,0,2186,2186,2186
1587089357318194234,1,2,0,2151,2151,2151
1587089357446173002,1,2,0,2082,2082,2082
1587089357510162371,1,2,0,2048,2048,2048
1587089357638190347,1,2,0,2013,2013,2013
1587089357702131722,1,2,0,1979,1979,1979
1587089357830122110,1,2,0,1909,1909,1909
1587089357894358527,1,2,0,1873,1873,1873
1587089358022235414,1,2,0,1798,1798,1798
1587089358150166751,1,2,0,1720,1720,1720
1587089358214367568,1,2,0,1679,1679,1679
1587089358342097790,1,2,0,1594,1594,1594
1587089358406132524,1,2,0,1549,1549,1549
1587089358534074645,1,2,0,1458,1458,1458
1587089358598048847,1,2,0,1411,1411,1411
1587089358726196851,1,2,0,1313,1313,1313
1587089358854163329,1,2,0,1214,1214,1214
1587089358918097409,1,2,0,1163,1163,1163
1587089359045990716,1,2,0,1060,1060,1060
1587089359110182932,1,2,0,1009,1009,1009
1587089359238157013,1,2,0,906,906,906
1587089359302048722,1,2,0,855,855,855
1587089359430005140,1,2,0,754,754,754
1587089359494067248,1,2,0,704,704,704
1587089359622014486,1,2,0,608,608,608
1587089359749978345,1,2,0,516,516,516
1587089359813975191,1,2,0,473,473,473
1587089359941400780,1,2,0,390,390,390
1587089360006337288,1,2,0,351,351,351
1587089360134027764,1,2,0,279,279,279
1587089360198079489,1,2,0,245,245,245
1587089360326071437,1,2,0,186,186,186
1587089360454058871,1,2,0,134,134,134
1587089360517981460,1,2,0,112,112,112
1587089360646041989,1,2,0,75,75,75
1587089360709958644,1,2,0,59,59,59
1587089360838033209,1,2,0,34,34,34
1587089360901993556,1,2,0,25,25,25
1587089361029970023,1,2,0,11,11,11
1587089361093910679,1,2,0,7,7,7
1587089361221972692,1,2,0,2,2,2
1587089361349934477,1,2,0,1,1,1
1587089361413946487,1,2,0,1,1,1
1587089361541964985,1,2,0,1,1,1
1587089361606111900,1,2,0,1,1,1
1587089361733918670,1,2,0,4,4,4
1587089361797957938,1,2,0,7,7,7
1587089361925892811,1,2,0,17,17,17
1587089362054053085,1,2,0,34,34,34
1587089362118014458,1,2,0,46,46,46
1587089362246172514,1,2,0,75,75,75
1587089362310003874,1,2,0,92,92,92
1587089362437948770,1,2,0,134,134,134
1587089362501825534,1,2,0,159,159,159
1587089362629949696,1,2,0,214,214,214
1587089362694064084,1,2,0,245,245,245
1587089362821858096,1,2,0,314,314,314
1587089362949831321,1,2,0,390,390,390
1587089363013856004,1,2,0,430,430,430
1587089363141852847,1,2,0,516,516,516
1587089363205929719,1,2,0,562,562,562
1587089363333812173,1,2,0,656,656,656
1587089363397848248,1,2,0,704,704,704
1587089363525787849,1,2,0,804,804,804
1587089363653905795,1,2,0,906,906,906
1587089363717833952,1,2,0,957,957,957
1587089363845703030,1,2,0,1060,1060,1060
1587089363909833954,1,2,0,1112,1112,1112
1587089364037872692,1,2,0,1214,1214,1214
1587089364101878196,1,2,0,1264,1264,1264
1587089364229905864,1,2,0,1362,1362,1362
1587089364293846044,1,2,0,1411,1411,1411
1587089364421902256,1,2,0,1504,1504,1504
1587089364549762499,1,2,0,1594,1594,1594
1587089364613706836,1,2,0,1637,1637,1637
1587089364741646126,1,2,0,1720,1720,1720
1587089364805715303,1,2,0,1759,1759,1759
1587089364933756045,1,2,0,1836,1836,1836
1587089364997741392,1,2,0,1873,1873,1873
1587089365125667345,1,2,0,1944,1944,1944
1587089365253716742,1,2,0,2013,2013,2013
1587089365317671356,1,2,0,2048,2048,2048
1587089365445675556,1,2,0,2082,2082,2082
1587089365509659092,1,2,0,2116,2116,2116
1587089365637695379,1,2,0,2186,2186,2186
1587089365701756037,1,2,0,2222,2222,2222
1587089365829730798,1,2,0,2297,2297,2297
1587089365893689228,1,2,0,2336,2336,2336
1587089366021671000,1,2,0,2416,2416,2416
1587089366149776183,1,2,0,2501,2501,2501
1587089366213647400,1,2,0,2546,2546,2546
1587089366341846216,1,2,0,2637,2637,2637
1587089366405640502,1,2,0,2684,2684,2684
1587089366533587228,1,2,0,2782,2782,2782
1587089366597699251,1,2,0,2831,2831,2831
1587089366725801177,1,2,0,2932,2932,2932
1587089366853707338,1,2,0,3035,3035,3035
1587089366917689212,1,2,0,3086,3086,3086
1587089367045832524,1,2,0,3189,3189,3189
1587089367109638638,1,2,0,3240,3240,3240
1587089367237610458,1,2,0,3341,3341,3341
1587089367301598832,1,2,0,3391,3391,3391
1587089367429596154,1,2,0,3487,3487,3487
1587089367493532060,1,2,0,3533,3533,3533
1587089367621730297,1,2,0,3622,3622,3622
1587089367749919819,1,2,0,3705,3705,3705
1587089367813682249,1,2,0,3744,3744,3744
1587089367941637177,1,2,0,3816,3816,3816
1587089368005612639,1,2,0,3850,3850,3850
1587089368133607843,1,2,0,3909,3909,3909
1587089368197541524,1,2,0,3936,3936,3936
1587089368325455760,1,2,0,3983,3983,3983
1587089368453652197,1,2,0,4020,4020,4020
1587089368517547784,1,2,0,4036,4036,4036
1587089368645663575,1,2,0,4061,4061,4061
1587089368709695065,1,2,0,4070,4070,4070
1587089368837531430,1,2,0,4084,4084,4084
1587089368901629318,1,2,0,4088,4088,4088
1587089369029627305,1,2,0,4093,4093,4093
1587089369093616964,1,2,0,4094,4094,4094
1587089369221396900,1,2,0,4094,4094,4094
1587089369349627912,1,2,0,4094,4094,4094
1587089369413645154,1,2,0,4094,4094,4094
1587089369541564948,1,2,0,4091,4091,4091
1587089369605602278,1,2,0,4088,4088,4088
1587089369733599877,1,2,0,4078,4078,4078
1587089369797471916,1,2,0,4070,4070,4070
1587089369925600858,1,2,0,4049,4049,4049
1587089370053520168,1,2,0,4020,4020,4020
1587089370117591902,1,2,0,4003,4003,4003
1587089370245545776,1,2,0,3961,3961,3961
1587089370309636170,1,2,0,3936,3936,3936
1587089370437438387,1,2,0,3881,3881,3881
1587089370501487557,1,2,0,3850,3850,3850
1587089370629604509,1,2,0,3781,3781,3781
1587089370693344244,1,2,0,3744,3744,3744
1587089370821395692,1,2,0,3665,3665,3665
1587089370949359940,1,2,0,3579,3579,3579
1587089371013372281,1,2,0,3533,3533,3533
1587089371141360224,1,2,0,3439,3439,3439
1587089371205344101,1,2,0,3391,3391,3391
1587089371333334215,1,2,0,3291,3291,3291
1587089371397261321,1,2,0,3240,3240,3240
1587089371525420863,1,2,0,3138,3138,3138
1587089371653418687,1,2,0,3035,3035,3035
1587089371717476901,1,2,0,2983,2983,2983
1587089371845369099,1,2,0,2881,2881,2881
1587089371909423585,1,2,0,2831,2831,2831
1587089372037294432,1,2,0,2733,2733,2733
1587089372101378167,1,2,0,2684,2684,2684
1587089372229344401,1,2,0,2591,2591,2591
1587089372293394095,1,2,0,2546,2546,2546
1587089372421235781,1,2,0,2458,2458,2458
1587089372549249654,1,2,0,2375,2375,2375
1587089372613369533,1,2,0,2336,2336,2336
1587089372741331273,1,2,0,2259,2259,2259
1587089372805239119,1,2,0,2222,2222,2222
1587089372933241356,1,2,0,2151,2151,2151
1587089372997463937,1,2,0,2116,2116,2116
1587089373125175367,1,2,0,2048,2048,2048
1587089373253294600,1,2,0,2013,2013,2013
1587089373317371820,1,2,0,1979,1979,1979
1587089373445144670,1,2,0,1909,1909,1909
1587089373509147239,1,2,0,1873,1873,1873
1587089373637221273,1,2,0,1798,1798,1798
1587089373701300081,1,2,0,1759,1759,1759
1587089373829333493,1,2,0,1679,1679,1679
1587089373893299906,1,2,0,1637,1637,1637
1587089374021293560,1,2,0,1549,1549,1549
1587089374149192702,1,2,0,1458,1458,1458
1587089374213082843,1,2,0,1411,1411,1411
1587089374341130661,1,2,0,1313,1313,1313
1587089374405203316,1,2,0,1264,1264,1264
1587089374533273128,1,2,0,1163,1163,1163
1587089374597137952,1,2,0,1112,1112,1112
1587089374725330599,1,2,0,1009,1009,1009
1587089374853142732,1,2,0,906,906,906
1587089374917148976,1,2,0,855,855,855
1587089375045062286,1,2,0,754,754,754
1587089375109312790,1,2,0,704,704,704
1587089375237195840,1,2,0,608,608,608
1587089375301079575,1,2,0,562,562,562
1587089375429033745,1,2,0,473,473,473
1587089375493092926,1,2,0,430,430,430
1587089375621213016,1,2,0,351,351,351
1587089375749321976,1,2,0,279,279,279
1587089375813242302,1,2,0,245,245,245
1587089375941182510,1,2,0,186,186,186
1587089376005152625,1,2,0,159,159,159
1587089376133316417,1,2,0,112,112,112
1587089376197209867,1,2,0,92,92,92
1587089376340950232,1,2,0,59,59,59
1587089376405149129,1,2,0,46,46,46
1587089376532995689,1,2,0,25,25,25
1587089376596983188,1,2,0,17,17,17
1587089376725151795,1,2,0,7,7,7
1587089376853252319,1,2,0,2,2,2
1587089376917130309,1,2,0,1,1,1
1587089377045055667,1,2,0,1,1,1
1587089377109114330,1,2,0,1,1,1
1587089377237085404,1,2,0,1,1,1
1587089377301324347,1,2,0,2,2,2
1587089377429079009,1,2,0,7,7,7
1587089377493025526,1,2,0,11,11,11
1587089377621161609,1,2,0,25,25,25
1587089377749039394,1,2,0,46,46,46
1587089377812882367,1,2,0,59,59,59
1587089377940940561,1,2,0,92,92,92
1587089378004950775,1,2,0,112,112,112
1587089378132943669,1,2,0,159,159,159
1587089378196884699,1,2,0,186,186,186
1587089378325010991,1,2,0,245,245,245
1587089378452960338,1,2,0,314,314,314
1587089378516948683,1,2,0,351,351,351
1587089378644948418,1,2,0,430,430,430
1587089378708928812,1,2,0,473,473,473
1587089378836941349,1,2,0,562,562,562
1587089378900951186,1,2,0,608,608,608
1587089379028962208,1,2,0,704,704,704
1587089379092960447,1,2,0,754,754,754
1587089379221108413,1,2,0,855,855,855
1587089379348819548,1,2,0,957,957,957
1587089379413037913,1,2,0,1009,1009,1009
1587089379541132059,1,2,0,1112,1112,1112
1587089379604874801,1,2,0,1163,1163,1163
1587089379732929763,1,2,0,1264,1264,1264
1587089379796873997,1,2,0,1313,1313,1313
1587089379924921369,1,2,0,1411,1411,1411
1587089380052913864,1,2,0,1504,1504,1504
1587089380116789281,1,2,0,1549,1549,1549
1587089380244826646,1,2,0,1637,1637,1637
1587089380308913591,1,2,0,1679,1679,1679
1587089380436718267,1,2,0,1759,1759,1759
1587089380500813216,1,2,0,1798,1798,1798
1587089380628906662,1,2,0,1873,1873,1873
1587089380692840077,1,2,0,1909,1909,1909
1587089380820680164,1,2,0,1979,1979,1979
1587089380948714844,1,2,0,2048,2048,2048
1587089381012845926,1,2,0,2048,2048,2048
1587089381140792666,1,2,0,2116,2116,2116
1587089381204808514,1,2,0,2151,2151,2151
1587089381332911309,1,2,0,2222,2222,2222
1587089381396784779,1,2,0,2259,2259,2259
1587089381524779034,1,2,0,2336,2336,2336
1587089381652939313,1,2,0,2416,2416,2416
1587089381716767916,1,2,0,2458,2458,2458
1587089381844878866,1,2,0,2546,2546,2546
1587089381908926662,1,2,0,2591,2591,2591
1587089382036862081,1,2,0,2684,2684,2684
1587089382100853738,1,2,0,2733,2733,2733
1587089382228803493,1,2,0,2831,2831,2831
1587089382292713452,1,2,0,2881,2881,2881
1587089382420974967,1,2,0,2983,2983,2983
1587089382548825964,1,2,0,3086,3086,3086
1587089382612843464,1,2,0,3138,3138,3138
1587089382740859834,1,2,0,3240,3240,3240
1587089382804705316,1,2,0,3291,3291,3291
1587089382932937496,1,2,0,3391,3391,3391
1587089382996809185,1,2,0,3439,3439,3439
1587089383124742012,1,2,0,3533,3533,3533
1587089383252858806,1,2,0,3622,3622,3622
1587089383316795217,1,2,0,3665,3665,3665
1587089383444719050,1,2,0,3744,3744,3744
1587089383508863347,1,2,0,3781,3781,3781
1587089383636799878,1,2,0,3850,3850,3850
1587089383700729829,1,2,0,3881,3881,3881
1587089383828733349,1,2,0,3936,3936,3936
1587089383892749132,1,2,0,3961,3961,3961
1587089384020762418,1,2,0,4003,4003,4003
1587089384148747732,1,2,0,4036,4036,4036
1587089384212636361,1,2,0,4049,4049,4049
1587089384340582122,1,2,0,4070,4070,4070
1587089384404650886,1,2,0,4078,4078,4078
1587089384532606798,1,2,0,4088,4088,4088
1587089384596619731,1,2,0,4091,4091,4091
1587089384724587435,1,2,0,4094,4094,4094
1587089384852656545,1,2,0,4094,4094,4094
1587089384916692960,1,2,0,4094,4094,4094
1587089385044680477,1,2,0,4094,4094,4094
1587089385108658347,1,2,0,4093,4093,4093
1587089385236749998,1,2,0,4088,4088,4088
1587089385300621645,1,2,0,4084,4084,4084
1587089385428620439,1,2,0,4070,4070,4070
1587089385492546994,1,2,0,4061,4061,4061
1587089385620634157,1,2,0,4036,4036,4036
1587089385748647021,1,2,0,4003,4003,4003
1587089385812652370,1,2,0,3983,3983,3983
1587089385940603388,1,2,0,3936,3936,3936
1587089386004645878,1,2,0,3909,3909,3909
1587089386132632356,1,2,0,3850,3850,3850
1587089386196582042,1,2,0,3816,3816,3816
1587089386324554122,1,2,0,3744,3744,3744
1587089386452560398,1,2,0,3665,3665,3665
1587089386516863688,1,2,0,3622,3622,3622
1587089386644525139,1,2,0,3533,3533,3533
1587089386708566863,1,2,0,3487,3487,3487
1587089386836488007,1,2,0,3391,3391,3391
1587089386900551664,1,2,0,3341,3341,3341
1587089387028429175,1,2,0,3240,3240,3240
1587089387092376433,1,2,0,3189,3189,3189
1587089387220417460,1,2,0,3086,3086,3086
1587089387348533824,1,2,0,2983,2983,2983
1587089387412522853,1,2,0,2932,2932,2932
1587089387540453165,1,2,0,2831,2831,2831
1587089387604417696,1,2,0,2782,2782,2782
1587089387732706240,1,2,0,2684,2684,2684
1587089387796512651,1,2,0,2637,2637,2637
1587089387924747194,1,2,0,2546,2546,2546
1587089388052507786,1,2,0,2458,2458,2458
1587089388116625576,1,2,0,2416,2416,2416
1587089388244512264,1,2,0,2336,2336,2336
1587089388308528174,1,2,0,2297,2297,2297
1587089388436520930,1,2,0,2222,2222,2222
1587089388500446106,1,2,0,2186,2186,2186
1587089388628442186,1,2,0,2116,2116,2116
1587089388692379544,1,2,0,2082,2082,2082
1587089388820450049,1,2,0,2048,2048,2048
1587089388948322528,1,2,0,1979,1979,1979
1587089389012319084,1,2,0,1944,1944,1944
1587089389140251970,1,2,0,1873,1873,1873
1587089389204307628,1,2,0,1836,1836,1836
1587089389332326884,1,2,0,1759,1759,1759
1587089389396230612,1,2,0,1720,1720,1720
1587089389524379839,1,2,0,1637,1637,1637
1587089389652386466,1,2,0,1549,1549,1549
1587089389716367351,1,2,0,1504,1504,1504
1587089389844458410,1,2,0,1411,1411,1411
1587089389908464062,1,2,0,1362,1362,1362
1587089390036409220,1,2,0,1264,1264,1264
1587089390100222645,1,2,0,1214,1214,1214
1587089390228460801,1,2,0,1112,1112,1112
1587089390292404822,1,2,0,1060,1060,1060
1587089390420381313,1,2,0,957,957,957
1587089390548272696,1,2,0,855,855,855
1587089390612297800,1,2,0,804,804,804
1587089390740365782,1,2,0,704,704,704
1587089390804316438,1,2,0,656,656,656
1587089390932373621,1,2,0,562,562,562
1587089390996308576,1,2,0,516,516,516
1587089391124297667,1,2,0,430,430,430
1587089391252210500,1,2,0,351,351,351
1587089391316212982,1,2,0,314,314,314
1587089391444285274,1,2,0,245,245,245
1587089391508163399,1,2,0,214,214,214
1587089391636167981,1,2,0,159,159,159
1587089391700282284,1,2,0,134,134,134
1587089391828244653,1,2,0,92,92,92
1587089391956149125,1,2,0,75,75,75
1587089392020340811,1,2,0,46,46,46
1587089392148184632,1,2,0,25,25,25
1587089392212179198,1,2,0,17,17,17
1587089392340271379,1,2,0,7,7,7
1587089392404303413,1,2,0,4,4,4
1587089392532192670,1,2,0,1,1,1
1587089392596449660,1,2,0,1,1,1
1587089392724318794,1,2,0,1,1,1
1587089392852162543,1,2,0,1,1,1
1587089392916183264,1,2,0,2,2,2
1587089393044023655,1,2,0,7,7,7
1587089393108055699,1,2,0,11,11,11
1587089393236152999,1,2,0,25,25,25
1587089393300138860,1,2,0,34,34,34
1587089393428182605,1,2,0,59,59,59
1587089393556018445,1,2,0,75,75,75
1587089393620167884,1,2,0,112,112,112
1587089393748122600,1,2,0,159,159,159
1587089393812110947,1,2,0,186,186,186
1587089393940110913,1,2,0,245,245,245
1587089394004190133,1,2,0,279,279,279
1587089394132095891,1,2,0,351,351,351
1587089394196128698,1,2,0,390,390,390
1587089394324027539,1,2,0,473,473,473
1587089394452012026,1,2,0,562,562,562
1587089394516087551,1,2,0,608,608,608
1587089394643980537,1,2,0,704,704,704
1587089394708103511,1,2,0,754,754,754
1587089394835956364,1,2,0,855,855,855
1587089394900064416,1,2,0,906,906,906
1587089395028128664,1,2,0,1009,1009,1009
1587089395155989510,1,2,0,1112,1112,1112
1587089395220048721,1,2,0,1163,1163,1163
1587089395348021899,1,2,0,1264,1264,1264
1587089395412132347,1,2,0,1313,1313,1313
1587089395539951471,1,2,0,1411,1411,1411
1587089395603882228,1,2,0,1458,1458,1458
1587089395732269626,1,2,0,1549,1549,1549
1587089395796009684,1,2,0,1594,1594,1594
1587089395924127390,1,2,0,1679,1679,1679
1587089396052160194,1,2,0,1759,1759,1759
1587089396115993213,1,2,0,1798,1798,1798
1587089396244046677,1,2,0,1873,1873,1873
1587089396308055699,1,2,0,1909,1909,1909
1587089396436072714,1,2,0,1979,1979,1979
1587089396500009878,1,2,0,2013,2013,2013
1587089396628028836,1,2,0,2048,2048,2048
1587089396755978058,1,2,0,2116,2116,2116
1587089396819959069,1,2,0,2151,2151,2151
1587089396947934891,1,2,0,2222,2222,2222
1587089397011871905,1,2,0,2259,2259,2259
1587089397139856099,1,2,0,2336,2336,2336
1587089397203808206,1,2,0,2375,2375,2375
1587089397331798534,1,2,0,2458,2458,2458
1587089397395903392,1,2,0,2501,2501,2501
1587089397523794184,1,2,0,2591,2591,2591
1587089397652066895,1,2,0,2684,2684,2684
1587089397715966968,1,2,0,2733,2733,2733
1587089397843868898,1,2,0,2831,2831,2831
1587089397907909425,1,2,0,2881,2881,2881
1587089398036042567,1,2,0,2983,2983,2983
1587089398099893151,1,2,0,3035,3035,3035
1587089398227979006,1,2,0,3138,3138,3138
1587089398355923881,1,2,0,3240,3240,3240
1587089398419891959,1,2,0,3291,3291,3291
1587089398548029110,1,2,0,3391,3391,3391
1587089398611859052,1,2,0,3439,3439,3439
1587089398739860176,1,2,0,3533,3533,3533
1587089398803888183,1,2,0,3579,3579,3579
1587089398931839525,1,2,0,3665,3665,3665
1587089398995847383,1,2,0,3705,3705,3705
1587089399124001329,1,2,0,3781,3781,3781
1587089399251816187,1,2,0,3850,3850,3850
1587089399315871957,1,2,0,3881,3881,3881
1587089399443818471,1,2,0,3936,3936,3936
1587089399507719546,1,2,0,3961,3961,3961
1587089399635754335,1,2,0,4003,4003,4003
1587089399699604157,1,2,0,4020,4020,4020
1587089399827814707,1,2,0,4049,4049,4049
1587089399955800121,1,2,0,4070,4070,4070
1587089400019910966,1,2,0,4078,4078,4078
1587089400147777796,1,2,0,4088,4088,4088
1587089400211696407,1,2,0,4091,4091,4091
1587089400339662282,1,2,0,4094,4094,4094
1587089400403657433,1,2,0,4094,4094,4094
1587089400531668073,1,2,0,4094,4094,4094
1587089400595670681,1,2,0,4094,4094,4094
1587089400723575337,1,2,0,4093,4093,4093
1587089400851550711,1,2,0,4088,4088,4088
1587089400915536870,1,2,0,4084,4084,4084
1587089401043568124,1,2,0,4070,4070,4070
1587089401107548266,1,2,0,4061,4061,4061
1587089401234952699,1,2,0,4036,4036,4036
1587089401299675743,1,2,0,4020,4020,4020
1587089401427732935,1,2,0,3983,3983,3983
1587089401555635167,1,2,0,3936,3936,3936
1587089401619563322,1,2,0,3909,3909,3909
1587089401747665011,1,2,0,3850,3850,3850
1587089401811668200,1,2,0,3816,3816,3816
1587089401939711534,1,2,0,3744,3744,3744
1587089402003641013,1,2,0,3705,3705,3705
1587089402131582248,1,2,0,3622,3622,3622
1587089402195496442,1,2,0,3579,3579,3579
1587089402323652784,1,2,0,3487,3487,3487
1587089402451647584,1,2,0,3391,3391,3391
1587089402515553159,1,2,0,3341,3341,3341
1587089402643615942,1,2,0,3240,3240,3240
1587089402707545839,1,2,0,3189,3189,3189
1587089402835532575,1,2,0,3086,3086,3086
1587089402899559389,1,2,0,3035,3035,3035
1587089403027607316,1,2,0,2932,2932,2932
1587089403155718768,1,2,0,2831,2831,2831
1587089403219564296,1,2,0,2782,2782,2782
1587089403347548891,1,2,0,2684,2684,2684
1587089403411565713,1,2,0,2637,2637,2637
1587089403539477539,1,2,0,2546,2546,2546
1587089403603496587,1,2,0,2501,2501,2501
1587089403731380936,1,2,0,2416,2416,2416
1587089403795402550,1,2,0,2375,2375,2375
1587089403923619185,1,2,0,2297,2297,2297
1587089404051672769,1,2,0,2222,2222,2222
1587089404115486665,1,2,0,2186,2186,2186
1587089404243565528,1,2,0,2116,2116,2116
1587089404307521119,1,2,0,2082,2082,2082
1587089404435372700,1,2,0,2048,2048,2048
1587089404499423619,1,2,0,2013,2013,2013
1587089404627651880,1,2,0,1944,1944,1944
1587089404755517446,1,2,0,1873,1873,1873
1587089404819533345,1,2,0,1836,1836,1836
1587089404947513804,1,2,0,1759,1759,1759
1587089405011360650,1,2,0,1720,1720,1720
1587089405139511992,1,2,0,1637,1637,1637
1587089405203477665,1,2,0,1594,1594,1594
1587089405331446034,1,2,0,1504,1504,1504
1587089405395512888,1,2,0,1458,1458,1458
1587089405523231798,1,2,0,1362,1362,1362
1587089405651427914,1,2,0,1264,1264,1264
1587089405715439434,1,2,0,1214,1214,1214
1587089405843290145,1,2,0,1112,1112,1112
1587089405907489443,1,2,0,1060,1060,1060
1587089406035417634,1,2,0,957,957,957
1587089406099324831,1,2,0,906,906,906
1587089406227497397,1,2,0,804,804,804
1587089406355520080,1,2,0,704,704,704
1587089406419334809,1,2,0,656,656,656
1587089406547399200,1,2,0,562,562,562
1587089406611268464,1,2,0,516,516,516
1587089406739412584,1,2,0,430,430,430
1587089406803360805,1,2,0,390,390,390
1587089406931335213,1,2,0,314,314,314
1587089406995264292,1,2,0,279,279,279
1587089407123231776,1,2,0,214,214,214
1587089407251302502,1,2,0,159,159,159
1587089407315343874,1,2,0,134,134,134
1587089407443355320,1,2,0,92,92,92
1587089407507240160,1,2,0,75,75,75
1587089407635224777,1,2,0,46,46,46
1587089407699256957,1,2,0,34,34,34
1587089407827183418,1,2,0,17,17,17
1587089407955311147,1,2,0,7,7,7
1587089408019147411,1,2,0,4,4,4
1587089408147307134,1,2,0,1,1,1
1587089408211181494,1,2,0,1,1,1
1587089408339170332,1,2,0,1,1,1
1587089408403219590,1,2,0,1,1,1
1587089408531361759,1,2,0,2,2,2
1587089408595269254,1,2,0,4,4,4
1587089408723161991,1,2,0,11,11,11
1587089408851237608,1,2,0,25,25,25
1587089408915203599,1,2,0,34,34,34
1587089409043345991,1,2,0,59,59,59
1587089409107211507,1,2,0,75,75,75
1587089409235256970,1,2,0,112,112,112
1587089409299153162,1,2,0,134,134,134
1587089409427078136,1,2,0,186,186,186
1587089409555084820,1,2,0,245,245,245
1587089409619095163,1,2,0,279,279,279
1587089409747070069,1,2,0,351,351,351
1587089409811306498,1,2,0,390,390,390
1587089409938516865,1,2,0,473,473,473
1587089410003151853,1,2,0,516,516,516
1587089410131195589,1,2,0,608,608,608
1587089410195086306,1,2,0,656,656,656
1587089410323307120,1,2,0,754,754,754
1587089410451128855,1,2,0,855,855,855
1587089410515047786,1,2,0,906,906,906
1587089410643003129,1,2,0,1009,1009,1009
1587089410707044717,1,2,0,1060,1060,1060
1587089410835145366,1,2,0,1163,1163,1163
1587089410899142358,1,2,0,1214,1214,1214
1587089411027239258,1,2,0,1313,1313,1313
1587089411155108737,1,2,0,1411,1411,1411
1587089411219201853,1,2,0,1458,1458,1458
1587089411347124208,1,2,0,1549,1549,1549
1587089411410949220,1,2,0,1594,1594,1594
1587089411539036079,1,2,0,1679,1679,1679
1587089411603113274,1,2,0,1720,1720,1720
1587089411731059028,1,2,0,1798,1798,1798
1587089411795023398,1,2,0,1836,1836,1836
1587089411923039000,1,2,0,1909,1909,1909
1587089412051090051,1,2,0,1979,1979,1979
1587089412115132196,1,2,0,2013,2013,2013
1587089412242950113,1,2,0,2048,2048,2048
1587089412307082756,1,2,0,2082,2082,2082
1587089412435137665,1,2,0,2151,2151,2151
1587089412499131769,1,2,0,2186,2186,2186
1587089412626957380,1,2,0,2259,2259,2259
1587089412754868035,1,2,0,2336,2336,2336
1587089412818997860,1,2,0,2375,2375,2375
1587089412947032109,1,2,0,2458,2458,2458
1587089413011036559,1,2,0,2501,2501,2501
1587089413139178200,1,2,0,2591,2591,2591
1587089413203034894,1,2,0,2637,2637,2637
1587089413330926642,1,2,0,2733,2733,2733
1587089413394902513,1,2,0,2782,2782,2782
1587089413522860728,1,2,0,2881,2881,2881
1587089413650907955,1,2,0,2983,2983,2983
1587089413714890493,1,2,0,3035,3035,3035
1587089413842928355,1,2,0,3138,3138,3138
1587089413907099615,1,2,0,3189,3189,3189
1587089414034901065,1,2,0,3291,3291,3291
1587089414098833038,1,2,0,3341,3341,3341
1587089414226895229,1,2,0,3439,3439,3439
1587089414354875397,1,2,0,3533,3533,3533
1587089414418923911,1,2,0,3579,3579,3579
1587089414546911827,1,2,0,3665,3665,3665
1587089414611030988,1,2,0,3705,3705,3705
1587089414738825735,1,2,0,3781,3781,3781
1587089414802878593,1,2,0,3816,3816,3816
1587089414930794229,1,2,0,3881,3881,3881
1587089414994865823,1,2,0,3909,3909,3909
1587089415122886968,1,2,0,3961,3961,3961
1587089415250750243,1,2,0,4003,4003,4003
1587089415314757113,1,2,0,4020,4020,4020
1587089415442743235,1,2,0,4049,4049,4049
1587089415506847728,1,2,0,4061,4061,4061
1587089415634739604,1,2,0,4078,4078,4078
1587089415698905557,1,2,0,4084,4084,4084
1587089415826836241,1,2,0,4091,4091,4091
1587089415955042520,1,2,0,4094,4094,4094
1587089416018884536,1,2,0,4094,4094,4094
1587089416146799270,1,2,0,4094,4094,4094
1587089416210812311,1,2,0,4094,4094,4094
1587089416338882108,1,2,0,4093,4093,4093
1587089416402676986,1,2,0,4091,4091,4091
1587089416530649860,1,2,0,4084,4084,4084
1587089416594790428,1,2,0,4078,4078,4078
1587089416722680849,1,2,0,4061,4061,4061
1587089416850798660,1,2,0,4036,4036,4036
1587089416914806089,1,2,0,4020,4020,4020
1587089417042647820,1,2,0,3983,3983,3983
1587089417106636625,1,2,0,3961,3961,3961
1587089417234693822,1,2,0,3909,3909,3909
1587089417298798509,1,2,0,3881,3881,3881
1587089417426863784,1,2,0,3816,3816,3816
1587089417554743776,1,2,0,3744,3744,3744
1587089417618658399,1,2,0,3705,3705,3705
1587089417746703831,1,2,0,3622,3622,3622
1587089417810661211,1,2,0,3579,3579,3579
1587089417938732169,1,2,0,3487,3487,3487
1587089418002775964,1,2,0,3439,3439,3439
1587089418130581073,1,2,0,3341,3341,3341
1587089418194641985,1,2,0,3291,3291,3291
1587089418322633609,1,2,0,3189,3189,3189
1587089418450537827,1,2,0,3086,3086,3086
1587089418514544538,1,2,0,3035,3035,3035
1587089418642547908,1,2,0,2932,2932,2932
1587089418706835474,1,2,0,2881,2881,2881
1587089418834633139,1,2,0,2782,2782,2782
1587089418898615739,1,2,0,2733,2733,2733
1587089419026631177,1,2,0,2637,2637,2637
1587089419154524372,1,2,0,2546,2546,2546
1587089419218691949,1,2,0,2501,2501,2501
1587089419346651818,1,2,0,2416,2416,2416
1587089419410600712,1,2,0,2375,2375,2375
1587089419538605842,1,2,0,2297,2297,2297
1587089419602692025,1,2,0,2259,2259,2259
1587089419730395344,1,2,0,2186,2186,2186
1587089419794487955,1,2,0,2151,2151,2151
1587089419921862809,1,2,0,2082,2082,2082
1587089420050752413,1,2,0,2048,2048,2048
1587089420114514340,1,2,0,2013,2013,2013
1587089420242636315,1,2,0,1944,1944,1944
1587089420306537244,1,2,0,1909,1909,1909
1587089420434382633,1,2,0,1836,1836,1836
1587089420498355294,1,2,0,1798,1798,1798
1587089420626539139,1,2,0,1720,1720,1720
1587089420754358662,1,2,0,1637,1637,1637
1587089420818332787,1,2,0,1594,1594,1594
1587089420946471999,1,2,0,1504,1504,1504
1587089421010523632,1,2,0,1458,1458,1458
1587089421138532923,1,2,0,1362,1362,1362
1587089421202625701,1,2,0,1313,1313,1313
1587089421330347884,1,2,0,1214,1214,1214
1587089421394358386,1,2,0,1163,1163,1163
1587089421522377306,1,2,0,1060,1060,1060
1587089421650348563,1,2,0,957,957,957
1587089421714359327,1,2,0,906,906,906
1587089421842341210,1,2,0,804,804,804
1587089421906450288,1,2,0,754,754,754
1587089422034302674,1,2,0,656,656,656
1587089422098576652,1,2,0,608,608,608
1587089422226570578,1,2,0,516,516,516
1587089422354320544,1,2,0,430,430,430
1587089422418313446,1,2,0,390,390,390
1587089422546478637,1,2,0,314,314,314
1587089422610264643,1,2,0,279,279,279
1587089422738577258,1,2,0,214,214,214
1587089422802525539,1,2,0,186,186,186
1587089422930555937,1,2,0,134,134,134
1587089422994247848,1,2,0,112,112,112
1587089423122276927,1,2,0,75,75,75
1587089423250296611,1,2,0,46,46,46
1587089423314301618,1,2,0,34,34,34
1587089423442241678,1,2,0,17,17,17
1587089423506172567,1,2,0,11,11,11
1587089423634265844,1,2,0,4,4,4
1587089423698391314,1,2,0,2,2,2
1587089423826440245,1,2,0,1,1,1
1587089423954343488,1,2,0,1,1,1
1587089424018308138,1,2,0,1,1,1
1587089424146242339,1,2,0,2,2,2
1587089424210248746,1,2,0,4,4,4
1587089424338241649,1,2,0,11,11,11
1587089424402193487,1,2,0,17,17,17
1587089424530237110,1,2,0,34,34,34
1587089424594173377,1,2,0,46,46,46
1587089424722151664,1,2,0,75,75,75
1587089424850355492,1,2,0,112,112,112
1587089424914278632,1,2,0,134,134,134
1587089425042261760,1,2,0,186,186,186
1587089425106174579,1,2,0,214,214,214
1587089425234151377,1,2,0,279,279,279
1587089425298369104,1,2,0,314,314,314
1587089425426204847,1,2,0,390,390,390
1587089425554214730,1,2,0,473,473,473
1587089425618094731,1,2,0,516,516,516
1587089425746142678,1,2,0,608,608,608
1587089425810318136,1,2,0,656,656,656
1587089425938045703,1,2,0,754,754,754
1587089426002131518,1,2,0,804,804,804
1587089426130091493,1,2,0,906,906,906
1587089426194101955,1,2,0,957,957,957
1587089426322086671,1,2,0,1060,1060,1060
1587089426450098788,1,2,0,1163,1163,1163
1587089426514305202,1,2,0,1214,1214,1214
1587089426642125312,1,2,0,1313,1313,1313
1587089426706061451,1,2,0,1362,1362,1362
1587089426834198068,1,2,0,1458,1458,1458
1587089426898266341,1,2,0,1504,1504,1504
1587089427026222616,1,2,0,1594,1594,1594
1587089427154074371,1,2,0,1679,1679,1679
1587089427218055045,1,2,0,1720,1720,1720
1587089427346064855,1,2,0,1798,1798,1798
1587089427410132328,1,2,0,1836,1836,1836
1587089427538084428,1,2,0,1909,1909,1909
1587089427601996454,1,2,0,1944,1944,1944
1587089427730045888,1,2,0,2013,2013,2013
1587089427793968611,1,2,0,2048,2048,2048
1587089427922208699,1,2,0,2082,2082,2082
1587089428050011496,1,2,0,2151,2151,2151
1587089428113998279,1,2,0,2186,2186,2186
1587089428242182399,1,2,0,2259,2259,2259
1587089428306142965,1,2,0,2297,2297,2297
1587089428434062165,1,2,0,2375,2375,2375
1587089428498007664,1,2,0,2416,2416,2416
1587089428626014891,1,2,0,2501,2501,2501
1587089428753984579,1,2,0,2591,2591,2591
1587089428818025853,1,2,0,2637,2637,2637
1587089428946012726,1,2,0,2733,2733,2733
1587089429010054772,1,2,0,2782,2782,2782
1587089429137829147,1,2,0,2881,2881,2881
1587089429202151480,1,2,0,2932,2932,2932
1587089429330153353,1,2,0,3035,3035,3035
1587089429394139226,1,2,0,3086,3086,3086
1587089429521896130,1,2,0,3189,3189,3189
1587089429649847576,1,2,0,3291,3291,3291
1587089429713892463,1,2,0,3341,3341,3341
1587089429841856950,1,2,0,3439,3439,3439
1587089429906166994,1,2,0,3487,3487,3487
1587089430033913048,1,2,0,3579,3579,3579
1587089430098058563,1,2,0,3622,3622,3622
1587089430226106050,1,2,0,3705,3705,3705
1587089430353902801,1,2,0,3781,3781,3781
1587089430417875969,1,2,0,3816,3816,3816
1587089430545878970,1,2,0,3881,3881,3881
1587089430609862603,1,2,0,3909,3909,3909
1587089430737967955,1,2,0,3961,3961,3961
1587089430801920983,1,2,0,3983,3983,3983
1587089430929923101,1,2,0,4020,4020,4020
1587089430993896005,1,2,0,4036,4036,4036
1587089431121906567,1,2,0,4061,4061,4061
1587089431250027685,1,2,0,4078,4078,4078
1587089431313713917,1,2,0,4084,4084,4084
1587089431441999441,1,2,0,4091,4091,4091
1587089431505919055,1,2,0,4093,4093,4093
1587089431633744940,1,2,0,4094,4094,4094
1587089431697859047,1,2,0,4094,4094,4094
1587089431825838653,1,2,0,4094,4094,4094
1587089431953824188,1,2,0,4093,4093,4093
1587089432017869311,1,2,0,4091,4091,4091
1587089432145786579,1,2,0,4084,4084,4084
1587089432209854782,1,2,0,4078,4078,4078
1587089432337787473,1,2,0,4061,4061,4061
1587089432401779602,1,2,0,4049,4049,4049
1587089432529828436,1,2,0,4020,4020,4020
1587089432593756562,1,2,0,4003,4003,4003
1587089432721653508,1,2,0,3961,3961,3961
1587089432849800200,1,2,0,3909,3909,3909
1587089432913686187,1,2,0,3881,3881,3881
1587089433041779510,1,2,0,3816,3816,3816
1587089433105728617,1,2,0,3781,3781,3781
1587089433233999446,1,2,0,3705,3705,3705
1587089433297842387,1,2,0,3665,3665,3665
1587089433425720610,1,2,0,3579,3579,3579
1587089433553659418,1,2,0,3487,3487,3487
1587089433617811546,1,2,0,3439,3439,3439
1587089433745625598,1,2,0,3341,3341,3341
1587089433809683685,1,2,0,3291,3291,3291
1587089433937896526,1,2,0,3189,3189,3189
1587089434001787188,1,2,0,3138,3138,3138
1587089434129630007,1,2,0,3035,3035,3035
1587089434193628367,1,2,0,2983,2983,2983
1587089434321604404,1,2,0,2881,2881,2881
1587089434449612660,1,2,0,2782,2782,2782
1587089434513563166,1,2,0,2733,2733,2733
1587089434641638047,1,2,0,2637,2637,2637
1587089434705561265,1,2,0,2591,2591,2591
1587089434833833065,1,2,0,2501,2501,2501
1587089434897693502,1,2,0,2458,2458,2458
1587089435025607619,1,2,0,2375,2375,2375
1587089435153615418,1,2,0,2297,2297,2297
1587089435217509619,1,2,0,2259,2259,2259
1587089435345602483,1,2,0,2186,2186,2186
1587089435409494681,1,2,0,2151,2151,2151
1587089435537483170,1,2,0,2082,2082,2082
1587089435601520923,1,2,0,2048,2048,2048
1587089435729636400,1,2,0,2013,2013,2013
1587089435793450408,1,2,0,1979,1979,1979
1587089435921468787,1,2,0,1909,1909,1909
1587089436049617045,1,2,0,1836,1836,1836
1587089436113686740,1,2,0,1798,1798,1798
1587089436241626102,1,2,0,1720,1720,1720
1587089436304950147,1,2,0,1679,1679,1679
1587089436433749232,1,2,0,1594,1594,1594
1587089436497553085,1,2,0,1549,1549,1549
1587089436625645940,1,2,0,1458,1458,1458
1587089436753562253,1,2,0,1362,1362,1362
1587089436817700632,1,2,0,1313,1313,1313
1587089436945439585,1,2,0,1214,1214,1214
1587089437009449069,1,2,0,1163,1163,1163
1587089437137573325,1,2,0,1060,1060,1060
1587089437201373713,1,2,0,1009,1009,1009
1587089437329347452,1,2,0,906,906,906
1587089437393619706,1,2,0,855,855,855
1587089437521394833,1,2,0,754,754,754
1587089437649672733,1,2,0,656,656,656
1587089437713574226,1,2,0,608,608,608
1587089437841484284,1,2,0,516,516,516
1587089437905556155,1,2,0,473,473,473
1587089438033609101,1,2,0,390,390,390
1587089438097519717,1,2,0,351,351,351
1587089438225551310,1,2,0,279,279,279
1587089438353548758,1,2,0,214,214,214
1587089438417559709,1,2,0,186,186,186
1587089438545525093,1,2,0,134,134,134
1587089438609650554,1,2,0,112,112,112
1587089438737387999,1,2,0,75,75,75
1587089438801361149,1,2,0,59,59,59
1587089438929682655,1,2,0,34,34,34
1587089438993453612,1,2,0,25,25,25
1587089439121390747,1,2,0,11,11,11
1587089439249502983,1,2,0,4,4,4
1587089439313655086,1,2,0,2,2,2
1587089439441492627,1,2,0,1,1,1
1587089439505447457,1,2,0,1,1,1
1587089439633498399,1,2,0,1,1,1
1587089439697418914,1,2,0,1,1,1
1587089439825402507,1,2,0,6,6,6
1587089439952726156,1,2,0,18,18,18
1587089440017450490,1,2,0,28,28,28
1587089440145391665,1,2,0,55,55,55
1587089440209300951,1,2,0,73,73,73
1587089440337523520,1,2,0,119,119,119
1587089440401403768,1,2,0,147,147,147
1587089440529280884,1,2,0,212,212,212
1587089440593235600,1,2,0,250,250,250
1587089440721251438,1,2,0,334,334,334
1587089440849552085,1,2,0,430,430,430
1587089440913321681,1,2,0,482,482,482
1587089441041245312,1,2,0,592,592,592
1587089441105419755,1,2,0,650,650,650
1587089441233381321,1,2,0,771,771,771
1587089441297364687,1,2,0,833,833,833
1587089441425244612,1,2,0,960,960,960
1587089441553168774,1,2,0,1088,1088,1088
1587089441617143089,1,2,0,1152,1152,1152
1587089441745240780,1,2,0,1277,1277,1277
1587089441809250373,1,2,0,1338,1338,1338
1587089441937118509,1,2,0,1456,1456,1456
1587089442001279821,1,2,0,1512,1512,1512
1587089442129097846,1,2,0,1618,1618,1618
1587089442193270379,1,2,0,1667,1667,1667
1587089442321190102,1,2,0,1757,1757,1757
1587089442449309104,1,2,0,1836,1836,1836
1587089442513205484,1,2,0,1870,1870,1870
1587089442641097020,1,2,0,1929,1929,1929
1587089442705102153,1,2,0,1954,1954,1954
1587089442833082749,1,2,0,1993,1993,1993
1587089442897022434,1,2,0,2008,2008,2008
1587089443025107339,1,2,0,2030,2030,2030
1587089443153260454,1,2,0,2042,2042,2042
1587089443217289513,1,2,0,2045,2045,2045
1587089443345164074,1,2,0,2047,2047,2047
1587089443409373171,1,2,0,2048,2048,2048
1587089443537122010,1,2,0,2048,2048,2048
1587089443601123242,1,2,0,2048,2048,2048
1587089443729024705,1,2,0,2048,2048,2048
1587089443793033541,1,2,0,2048,2048,2048
1587089443921034003,1,2,0,2048,2048,2048
1587089444049241110,1,2,0,2048,2048,2048
1587089444113044608,1,2,0,2048,2048,2048
1587089444241037079,1,2,0,2048,2048,2048
1587089444305129032,1,2,0,2048,2048,2048
1587089444433004292,1,2,0,2048,2048,2048
1587089444496966579,1,2,0,2048,2048,2048
1587089444625096400,1,2,0,2048,2048,2048
1587089444753231226,1,2,0,2048,2048,2048
1587089444817078214,1,2,0,2048,2048,2048
1587089444945153618,1,2,0,2048,2048,2048
1587089445009085277,1,2,0,2048,2048,2048
1587089445136944099,1,2,0,2048,2048,2048
1587089445201109658,1,2,0,2048,2048,2048
1587089445329044795,1,2,0,2048,2048,2048
1587089445392941539,1,2,0,2048,2048,2048
1587089445520962912,1,2,0,2048,2048,2048
1587089445649048068,1,2,0,2048,2048,2048
1587089445712878383,1,2,0,2048,2048,2048
1587089445841033488,1,2,0,2048,2048,2048
1587089445904443146,1,2,0,2048,2048,2048
1587089446032966478,1,2,0,2048,2048,2048
1587089446096995046,1,2,0,2048,2048,2048
1587089446225068436,1,2,0,2048,2048,2048
1587089446352989755,1,2,0,2048,2048,2048
1587089446417010408,1,2,0,2048,2048,2048
1587089446544908658,1,2,0,2048,2048,2048
1587089446608957659,1,2,0,2048,2048,2048
1587089446736946970,1,2,0,2048,2048,2048
1587089446800790102,1,2,0,2048,2048,2048
1587089446928892464,1,2,0,2048,2048,2048
