1587089341047232778,first,1,2066,0,0,second,2,2069,0,-1,zero,0,2048,0,0
1587089341111405477,first,1,2066,0,0,second,2,2069,0,-1,zero,0,2049,0,0
1587089341239126746,first,1,2066,0,-1,second,2,2069,0,-1,zero,0,2049,0,0
1587089341303217958,first,1,2066,0,-1,second,2,2069,0,0,zero,0,2048,0,0
1587089341431107528,first,1,2066,0,0,second,2,2069,0,-1,zero,0,2049,0,0
1587089341495092778,first,1,2066,0,-1,second,2,2069,0,0,zero,0,2049,0,0
1587089341623299052,first,1,2067,0,0,second,2,2070,0,0,zero,0,2049,0,0
1587089341751386556,first,1,2066,0,0,second,2,2069,0,0,zero,0,2048,0,0
1587089341815095428,first,1,2066,0,0,second,2,2069,0,0,zero,0,2048,0,0
1587089341942535755,first,1,2066,0,-1,second,2,2069,0,-1,zero,0,2048,0,0
1587089342006949984,first,1,2066,0,0,second,2,2069,0,1,zero,0,2048,0,0
1587089342134758925,first,1,2066,0,0,second,2,2069,0,-1,zero,0,2049,0,0
1587089342198847033,first,1,2066,0,-1,second,2,2069,0,-1,zero,0,2049,0,0
1587089342326980940,first,1,2066,0,-1,second,2,2069,0,0,zero,0,2048,0,0
1587089342455185151,first,1,2066,0,-1,second,2,2069,0,-1,zero,0,2048,0,0
1587089342519118369,first,1,2066,0,0,second,2,2069,0,0,zero,0,2049,0,0
1587089342647044515,first,1,2066,0,-1,second,2,2069,0,1,zero,0,2048,0,0
1587089342710954327,first,1,2066,0,0,second,2,2069,0,-1,zero,0,2048,0,0
1587089342838902583,first,1,2066,0,0,second,2,2069,0,-1,zero,0,2049,0,0
1587089342902963458,first,1,2066,0,0,second,2,2069,0,0,zero,0,2048,0,0
1587089343030975835,first,1,2066,0,-1,second,2,2069,0,-1,zero,0,2048,0,0
1587089343095452365,first,1,2066,0,0,second,2,2069,0,0,zero,0,2048,0,0
1587089343222900951,first,1,2066,0,0,second,2,2069,0,-1,zero,0,2048,0,0
1587089343350971159,first,1,2066,0,-1,second,2,2069,0,0,zero,0,2048,0,0
1587089343414862245,first,1,2066,0,-1,second,2,2069,0,-1,zero,0,2048,0,0
1587089343542836915,first,1,2066,0,0,second,2,2069,0,0,zero,0,2048,0,0
1587089343606906424,first,1,2066,0,-1,second,2,2069,0,-1,zero,0,2048,0,0
1587089343734430265,first,1,2066,0,0,second,2,2069,0,1,zero,0,2048,0,0
1587089343798303963,first,1,2066,0,0,second,2,2069,0,0,zero,0,2048,0,0
1587089343926315518,first,1,2066,0,0,second,2,2069,0,0,zero,0,2049,0,0
1587089344054437312,first,1,2066,0,0,second,2,2069,0,-1,zero,0,2048,0,0
1587089344118332052,first,1,2066,0,0,second,2,2069,0,-1,zero,0,2048,0,0
1587089344246333842,first,1,2066,0,-1,second,2,2069,0,0,zero,0,2048,0,0
1587089344310295924,first,1,2066,0,0,second,2,2069,0,1,zero,0,2049,0,0
1587089344438283488,first,1,2066,0,0,second,2,2069,0,-1,zero,0,2048,0,0
1587089344502229057,first,1,2066,0,0,second,2,2069,0,-1,zero,0,2049,0,0
1587089344630280242,first,1,2066,0,0,second,2,2069,0,0,zero,0,2048,0,0
1587089344694353756,first,1,2066,0,-1,second,2,2069,0,-1,zero,0,2048,0,0
1587089344822959600,first,1,2066,0,0,second,2,2069,0,0,zero,0,2048,0,0
1587089344950826150,first,1,2066,0,0,second,2,2069,0,0,zero,0,2048,0,0
1587089345014935015,first,1,2066,0,0,second,2,2069,0,1,zero,0,2048,0,0
1587089345142827324,first,1,2066,0,0,second,2,2069,0,0,zero,0,2048,0,0
1587089345206977060,first,1,2066,0,0,second,2,2069,0,0,zero,0,2048,0,0
1587089345335076838,first,1,2066,0,0,second,2,2069,0,0,zero,0,2049,0,0
1587089345398953247,first,1,2066,0,-1,second,2,2069,0,0,zero,0,2049,0,0
1587089345526950120,first,1,2066,0,0,second,2,2069,0,1,zero,0,2048,0,0
1587089345654807964,first,1,2066,0,-1,second,2,2069,0,0,zero,0,2048,0,0
1587089345718719267,first,1,2066,0,-1,second,2,2069,0,-1,zero,0,2048,0,0
1587089345862343660,first,1,2066,0,0,second,2,2069,0,-1,zero,0,2049,0,0
1587089345926755833,first,1,2067,0,0,second,2,2073,1,1,zero,0,2048,0,0
1587089346055143964,first,1,2068,0,0,second,2,2081,0,0,zero,0,2049,0,0
1587089346118748960,first,1,2068,0,0,second,2,2081,0,0,zero,0,2049,0,0
1587089346246833579,first,1,2067,0,0,second,2,2081,0,0,zero,0,2048,0,0
1587089346310869923,first,1,2068,0,0,second,2,2081,0,0,zero,0,2048,0,0
1587089346438737063,first,1,2068,0,0,second,2,2081,0,0,zero,0,2049,0,0
1587089346502791444,first,1,2068,0,0,second,2,2081,0,0,zero,0,2048,0,0
1587089346630887034,first,1,2068,0,0,second,2,2081,0,0,zero,0,2048,0,0
1587089346694891936,first,1,2068,0,0,second,2,2081,0,0,zero,0,2048,0,0
1587089346823138706,first,1,2068,0,0,second,2,2081,0,0,zero,0,2048,0,0
1587089346950838805,first,1,2068,0,0,second,2,2081,0,-1,zero,0,2048,0,0
1587089347014824277,first,1,2068,0,0,second,2,2081,0,1,zero,0,2049,0,0
1587089347142787707,first,1,2068,0,0,second,2,2081,0,-1,zero,0,2048,0,0
1587089347206759061,first,1,2068,0,0,second,2,2081,0,0,zero,0,2049,0,0
1587089347334693625,first,1,2068,0,0,second,2,2081,0,1,zero,0,2049,0,0
1587089347398686557,first,1,2068,0,0,second,2,2081,0,-1,zero,0,2049,0,0
1587089347526714805,first,1,2068,0,0,second,2,2081,0,0,zero,0,2049,0,0
1587089347654927188,first,1,2068,0,0,second,2,2081,0,0,zero,0,2048,0,0
1587089347718751358,first,1,2068,0,0,second,2,2081,0,-1,zero,0,2048,0,0
1587089347846710520,first,1,2068,0,0,second,2,2081,0,0,zero,0,2048,0,0
1587089347911006807,first,1,2068,0,0,second,2,2081,0,0,zero,0,2048,0,0
1587089348038664270,first,1,2068,0,0,second,2,2081,0,1,zero,0,2048,0,0
1587089348102730204,first,1,2068,0,0,second,2,2081,0,-1,zero,0,2048,0,0
1587089348230641786,first,1,2067,0,0,second,2,2081,0,0,zero,0,2048,0,0
1587089348294623457,first,1,2068,0,0,second,2,2081,0,-1,zero,0,2048,0,0
1587089348422690065,first,1,2068,0,0,second,2,2081,0,-2,zero,0,2048,0,0
1587089348550742922,first,1,2068,0,0,second,2,2081,0,-2,zero,0,2048,0,0
1587089348614548496,first,1,2068,0,-1,second,2,2081,0,-2,zero,0,2048,0,0
1587089348742595711,first,1,2068,0,0,second,2,2081,0,-2,zero,0,2048,0,0
1587089348806539126,first,1,2068,0,0,second,2,2081,0,-1,zero,0,2048,0,0
1587089348934592084,first,1,2067,0,0,second,2,2081,0,-1,zero,0,2049,0,0
1587089348998696404,first,1,2067,0,-1,second,2,2081,0,-2,zero,0,2048,0,0
1587089349126876584,first,1,2068,0,-1,second,2,2081,0,-2,zero,0,2049,0,0
1587089349254616525,first,1,2068,0,0,second,2,2081,0,-1,zero,0,2049,0,0
1587089349318561689,first,1,2068,0,0,second,2,2081,0,-1,zero,0,2048,0,0
1587089349446491406,first,1,2068,0,0,second,2,2081,0,-1,zero,0,2048,0,0
1587089349510542240,first,1,2068,0,-1,second,2,2081,0,-1,zero,0,2048,0,0
1587089349638681620,first,1,2068,0,0,second,2,2081,0,-2,zero,0,2048,0,0
1587089349702751080,first,1,2068,0,0,second,2,2081,0,-1,zero,0,2048,0,0
1587089349830849642,first,1,2068,0,0,second,2,2081,0,-2,zero,0,2048,0,0
1587089349894650758,first,1,2068,0,-1,second,2,2081,0,-2,zero,0,2048,0,0
1587089350022640183,first,1,2068,0,-1,second,2,2081,0,0,zero,0,2048,0,0
1587089350150606887,first,1,2068,0,0,second,2,2081,0,-1,zero,0,2049,0,0
1587089350214557409,first,1,2068,0,0,second,2,2081,0,0,zero,0,2051,0,0
1587089350342562982,first,1,2073,1,1,second,2,2082,0,0,zero,0,2066,9,1
1587089350406540406,first,1,2088,10,3,second,2,2087,3,1,zero,0,2085,17,1
1587089350534491258,first,1,2141,26,1,second,2,2135,27,2,zero,0,2134,24,2
1587089350598547498,first,1,2169,27,1,second,2,2172,34,1,zero,0,2164,27,3
1587089350726605255,first,1,2229,28,2,second,2,2214,13,1,zero,0,2223,29,2
1587089350854490361,first,1,2310,40,1,second,2,2281,38,5,zero,0,2294,34,2
1587089350918558142,first,1,2356,43,1,second,2,2335,50,4,zero,0,2333,37,2
1587089351046587509,first,1,2447,43,1,second,2,2457,59,1,zero,0,2418,41,3
1587089351110555081,first,1,2497,47,1,second,2,2505,48,13,zero,0,2467,45,2
1587089351238560210,first,1,2605,52,1,second,2,2545,21,7,zero,0,2569,50,4
1587089351302529666,first,1,2662,55,1,second,2,2589,41,8,zero,0,2625,53,4
1587089351430467114,first,1,2783,59,2,second,2,2733,76,5,zero,0,2747,61,6
1587089351494696816,first,1,2847,61,1,second,2,2821,84,3,zero,0,2812,64,5
1587089351622588710,first,1,2977,63,3,second,2,2981,71,-32,zero,0,2947,65,4
1587089351750520749,first,1,3106,63,1,second,2,3020,11,6,zero,0,3078,65,2
1587089351814443909,first,1,3170,62,1,second,2,3060,36,13,zero,0,3143,64,3
1587089351942448366,first,1,3299,64,1,second,2,3218,87,9,zero,0,3267,62,3
1587089352006371628,first,1,3363,64,1,second,2,3320,99,4,zero,0,3330,61,4
1587089352134490314,first,1,3485,59,1,second,2,3440,34,2,zero,0,3452,59,3
1587089352198364572,first,1,3545,58,1,second,2,3457,15,4,zero,0,3513,58,2
1587089352326386942,first,1,3607,20,2,second,2,3558,60,8,zero,0,3623,52,1
1587089352454368438,first,1,3671,34,8,second,2,3723,84,1,zero,0,3721,47,2
1587089352518339635,first,1,3730,53,5,second,2,3794,72,-22,zero,0,3770,46,1
1587089352646336213,first,1,3854,62,16,second,2,3835,12,3,zero,0,3855,41,1
1587089352710459050,first,1,3873,26,1,second,2,3863,25,5,zero,0,3896,40,1
1587089352838526108,first,1,3902,16,5,second,2,3954,47,1,zero,0,3930,7,1
1587089352901962852,first,1,3943,35,5,second,2,3993,39,5,zero,0,3944,11,4
1587089353030238389,first,1,4037,46,5,second,2,4007,2,1,zero,0,3999,29,1
1587089353094470085,first,1,4049,18,3,second,2,4024,14,2,zero,0,4033,31,1
1587089353222582753,first,1,4053,0,2,second,2,4071,20,-4,zero,0,4058,2,0
1587089353350452188,first,1,4087,17,4,second,2,4075,0,0,zero,0,4073,9,2
1587089353413805420,first,1,4089,5,0,second,2,4077,0,0,zero,0,4082,9,0
1587089353542244998,first,1,4089,0,0,second,2,4080,0,0,zero,0,4083,0,0
1587089353606319627,first,1,4089,0,0,second,2,4081,0,0,zero,0,4085,0,0
1587089353734459536,first,1,4089,0,0,second,2,4081,0,0,zero,0,4087,0,0
1587089353798434733,first,1,4089,0,0,second,2,4081,0,0,zero,0,4088,0,0
1587089353926654536,first,1,4089,0,0,second,2,4081,0,0,zero,0,4091,0,0
1587089354054381447,first,1,4089,0,0,second,2,4081,0,0,zero,0,4094,0,0
1587089354118459622,first,1,4089,0,0,second,2,4081,0,0,zero,0,4094,0,0
1587089354246293599,first,1,4089,0,-1,second,2,4081,0,-1,zero,0,4094,0,-1
1587089354310267480,first,1,4086,0,-1,second,2,4081,0,-1,zero,0,4093,0,-4
1587089354438311850,first,1,4062,-10,-2,second,2,4081,0,-4,zero,0,4087,-3,-5
1587089354502322605,first,1,4047,-13,-2,second,2,4075,-3,-3,zero,0,4071,-14,-5
1587089354630240645,first,1,4015,-15,-2,second,2,4043,-16,-6,zero,0,4030,-18,-2
1587089354694195125,first,1,3997,-16,-2,second,2,4020,-20,-6,zero,0,4010,-19,-4
1587089354822241340,first,1,3956,-19,-3,second,2,3964,-27,-6,zero,0,3961,-24,-5
1587089354950293111,first,1,3911,-20,-5,second,2,3902,-29,-5,zero,0,3897,-30,-4
1587089355014278378,first,1,3885,-23,-7,second,2,3871,-29,-5,zero,0,3864,-31,-3
1587089355142159355,first,1,3815,-34,-7,second,2,3808,-30,-8,zero,0,3795,-33,-4
1587089355206257685,first,1,3773,-39,-8,second,2,3773,-33,-5,zero,0,3758,-35,-5
1587089355334270857,first,1,3691,-39,-7,second,2,3693,-39,-8,zero,0,3676,-38,-5
1587089355398197475,first,1,3649,-40,-9,second,2,3648,-42,-8,zero,0,3634,-40,-5
1587089355526219066,first,1,3563,-42,-9,second,2,3551,-47,-8,zero,0,3547,-42,-7
1587089355654305283,first,1,3471,-44,-7,second,2,3452,-48,-6,zero,0,3450,-46,-4
1587089355718287647,first,1,3423,-45,-9,second,2,3401,-48,-7,zero,0,3398,-49,-6
1587089355846301335,first,1,3325,-47,-8,second,2,3300,-49,-8,zero,0,3292,-51,-7
1587089355910227037,first,1,3276,-47,-7,second,2,3247,-51,-8,zero,0,3238,-52,-7
1587089356038236118,first,1,3176,-48,-10,second,2,3143,-51,-6,zero,0,3134,-52,-5
1587089356102435111,first,1,3124,-50,-10,second,2,3092,-51,-7,zero,0,3083,-51,-5
1587089356230188889,first,1,3022,-50,-9,second,2,2987,-51,-6,zero,0,2983,-50,-8
1587089356294230967,first,1,2972,-50,-8,second,2,2935,-51,-6,zero,0,2930,-51,-7
1587089356422248022,first,1,2870,-50,-8,second,2,2830,-51,-5,zero,0,2821,-53,-7
1587089356550104776,first,1,2770,-50,-7,second,2,2733,-47,-5,zero,0,2721,-49,-5
1587089356614116446,first,1,2718,-49,-9,second,2,2687,-45,-5,zero,0,2673,-46,-5
1587089356742124533,first,1,2621,-48,-8,second,2,2598,-42,-6,zero,0,2582,-44,-5
1587089356806169867,first,1,2574,-47,-7,second,2,2556,-41,-5,zero,0,2539,-43,-4
1587089356934271861,first,1,2485,-43,-7,second,2,2473,-40,-6,zero,0,2455,-40,-5
1587089356998241464,first,1,2442,-42,-7,second,2,2430,-40,-4,zero,0,2415,-39,-6
1587089357126179026,first,1,2359,-41,-6,second,2,2346,-40,-5,zero,0,2337,-38,-5
1587089357254221393,first,1,2278,-39,-5,second,2,2267,-38,-5,zero,0,2260,-37,-4
1587089357318141668,first,1,2238,-38,-6,second,2,2231,-36,-4,zero,0,2223,-36,-2
1587089357446115940,first,1,2162,-36,-5,second,2,2162,-33,-5,zero,0,2156,-33,-5
1587089357510097736,first,1,2126,-36,-5,second,2,2130,-31,-5,zero,0,2121,-33,-3
1587089357638143773,first,1,2067,-29,0,second,2,2078,-20,0,zero,0,2059,-26,-1
1587089357702077410,first,1,2064,-4,-4,second,2,2075,-2,-5,zero,0,2057,-2,-4
1587089357830050523,first,1,2027,-19,-8,second,2,2035,-23,-10,zero,0,2017,-23,-7
1587089357894304676,first,1,1995,-28,-9,second,2,1999,-34,-10,zero,0,1982,-34,-6
1587089358022150258,first,1,1914,-39,-7,second,2,1911,-43,-5,zero,0,1898,-41,-4
1587089358150110674,first,1,1828,-40,-7,second,2,1819,-45,-6,zero,0,1810,-42,-3
1587089358214339583,first,1,1787,-40,-7,second,2,1774,-45,-5,zero,0,1766,-42,-3
1587089358342087014,first,1,1704,-40,-7,second,2,1688,-43,-5,zero,0,1682,-41,-4
1587089358406087528,first,1,1663,-40,-7,second,2,1645,-42,-5,zero,0,1643,-39,-4
1587089358534021818,first,1,1579,-41,-6,second,2,1563,-40,-6,zero,0,1557,-42,-8
1587089358598006162,first,1,1534,-42,-7,second,2,1521,-41,-5,zero,0,1511,-44,-5
1587089358726139443,first,1,1445,-43,-8,second,2,1429,-46,-7,zero,0,1410,-48,-7
1587089358854093412,first,1,1349,-46,-9,second,2,1326,-50,-6,zero,0,1310,-48,-5
1587089358918050881,first,1,1301,-47,-10,second,2,1274,-51,-7,zero,0,1260,-48,-3
1587089359045937956,first,1,1201,-48,-9,second,2,1169,-51,-5,zero,0,1159,-49,-4
1587089359110082557,first,1,1150,-48,-11,second,2,1118,-51,-6,zero,0,1110,-49,-6
1587089359238133450,first,1,1047,-50,-9,second,2,1014,-51,-8,zero,0,1007,-50,-5
1587089359302003296,first,1,993,-51,-9,second,2,962,-51,-7,zero,0,953,-52,-7
1587089359429934587,first,1,890,-51,-10,second,2,856,-51,-5,zero,0,850,-51,-6
1587089359494016342,first,1,839,-51,-7,second,2,806,-50,-5,zero,0,799,-50,-6
1587089359621965279,first,1,736,-50,-8,second,2,708,-48,-5,zero,0,697,-50,-4
1587089359749928087,first,1,641,-47,-7,second,2,613,-46,-5,zero,0,600,-47,-5
1587089359813936423,first,1,594,-45,-9,second,2,567,-45,-6,zero,0,555,-45,-4
1587089359941388602,first,1,504,-44,-8,second,2,480,-42,-4,zero,0,471,-40,-3
1587089360006248620,first,1,458,-44,-7,second,2,436,-42,-6,zero,0,430,-40,-2
1587089360133977109,first,1,375,-41,-6,second,2,355,-39,-4,zero,0,349,-39,-5
1587089360198023312,first,1,336,-39,-4,second,2,318,-36,-5,zero,0,313,-36,-3
1587089360326020226,first,1,258,-36,-4,second,2,254,-29,-4,zero,0,245,-32,-3
1587089360453991888,first,1,191,-32,-2,second,2,198,-27,-3,zero,0,184,-30,-4
1587089360517932064,first,1,161,-29,-2,second,2,171,-26,-4,zero,0,153,-29,-3
1587089360645985759,first,1,113,-22,-1,second,2,119,-25,-2,zero,0,102,-23,-1
1587089360709921470,first,1,96,-17,-2,second,2,95,-24,-1,zero,0,89,-13,-1
1587089360837927225,first,1,69,-13,-2,second,2,66,-7,0,zero,0,69,-9,-3
1587089360901954130,first,1,56,-12,-1,second,2,66,0,-1,zero,0,58,-9,-3
1587089361029900949,first,1,34,-9,-1,second,2,65,0,-4,zero,0,37,-9,-1
1587089361093851597,first,1,23,-9,-1,second,2,58,-4,-4,zero,0,29,-7,-1
1587089361221922583,first,1,18,0,0,second,2,34,-10,-2,zero,0,21,-3,-1
1587089361349897748,first,1,18,0,-1,second,2,20,-4,0,zero,0,16,-1,0
1587089361413900874,first,1,19,0,-1,second,2,20,0,0,zero,0,17,0,0
1587089361541917213,first,1,18,0,-1,second,2,20,0,1,zero,0,16,0,0
1587089361606041150,first,1,18,0,-1,second,2,20,0,0,zero,0,16,0,-1
1587089361733868517,first,1,18,0,-1,second,2,20,0,-1,zero,0,16,0,0
1587089361797888458,first,1,18,0,0,second,2,20,0,0,zero,0,16,0,0
1587089361925843606,first,1,18,0,0,second,2,20,0,0,zero,0,16,0,0
1587089362053956975,first,1,19,0,0,second,2,21,0,0,zero,0,17,0,0
1587089362117921727,first,1,21,0,0,second,2,23,0,0,zero,0,19,0,0
1587089362246076160,first,1,41,10,2,second,2,45,15,2,zero,0,35,10,3
1587089362309966137,first,1,64,20,1,second,2,70,22,1,zero,0,56,18,4
1587089362437902687,first,1,115,24,2,second,2,94,3,0,zero,0,110,25,1
1587089362501785159,first,1,119,6,0,second,2,100,3,4,zero,0,137,26,1
1587089362629875133,first,1,144,14,5,second,2,165,38,4,zero,0,191,26,1
1587089362694006280,first,1,178,28,5,second,2,216,48,2,zero,0,219,26,1
1587089362821811114,first,1,270,46,3,second,2,272,13,3,zero,0,276,28,1
1587089362949790423,first,1,358,42,-6,second,2,303,23,6,zero,0,349,34,1
1587089363013804137,first,1,371,16,1,second,2,348,43,7,zero,0,386,35,3
1587089363141852837,first,1,431,32,5,second,2,481,68,2,zero,0,469,40,3
1587089363205879229,first,1,483,45,6,second,2,540,59,10,zero,0,515,42,2
1587089363333749647,first,1,605,60,2,second,2,569,8,4,zero,0,610,46,1
1587089363397801123,first,1,667,62,1,second,2,596,25,8,zero,0,657,46,4
1587089363525710273,first,1,779,54,1,second,2,719,68,5,zero,0,754,47,3
1587089363653860504,first,1,882,51,1,second,2,873,72,9,zero,0,857,50,3
1587089363717792206,first,1,931,48,1,second,2,899,26,7,zero,0,908,50,3
1587089363845662055,first,1,1030,48,1,second,2,950,33,10,zero,0,1014,52,2
1587089363909783323,first,1,1081,49,1,second,2,1010,57,9,zero,0,1068,52,3
1587089364037825951,first,1,1187,52,1,second,2,1172,84,1,zero,0,1174,52,2
1587089364101836436,first,1,1239,51,1,second,2,1246,74,9,zero,0,1225,50,3
1587089364229830025,first,1,1334,48,1,second,2,1286,13,5,zero,0,1320,46,2
1587089364293779072,first,1,1383,47,1,second,2,1320,30,6,zero,0,1369,46,1
1587089364421852695,first,1,1482,48,1,second,2,1442,66,4,zero,0,1465,47,1
1587089364549761882,first,1,1576,47,1,second,2,1582,65,16,zero,0,1559,45,1
1587089364613648312,first,1,1623,46,1,second,2,1605,23,1,zero,0,1603,44,1
1587089364741598456,first,1,1673,17,1,second,2,1639,23,5,zero,0,1689,41,1
1587089364805664484,first,1,1697,18,4,second,2,1686,44,8,zero,0,1730,40,1
1587089364933704146,first,1,1781,43,2,second,2,1814,65,1,zero,0,1808,37,2
1587089364997688757,first,1,1834,50,1,second,2,1866,53,10,zero,0,1846,37,1
1587089365125623085,first,1,1930,47,-1,second,2,1891,6,3,zero,0,1916,34,1
1587089365253674120,first,1,1945,2,2,second,2,1953,38,5,zero,0,1985,33,1
1587089365317628149,first,1,1967,15,8,second,2,2006,51,3,zero,0,2018,34,1
1587089365445605318,first,1,2045,41,5,second,2,2114,46,-11,zero,0,2077,25,0
1587089365509605672,first,1,2058,17,1,second,2,2129,15,0,zero,0,2080,3,0
1587089365637642025,first,1,2116,30,5,second,2,2135,1,4,zero,0,2105,17,7
1587089365701674091,first,1,2163,43,4,second,2,2157,20,4,zero,0,2138,31,7
1587089365829646577,first,1,2265,50,4,second,2,2252,50,2,zero,0,2239,52,4
1587089365893644945,first,1,2279,20,1,second,2,2311,55,1,zero,0,2295,53,2
1587089366021628561,first,1,2319,22,8,second,2,2370,14,1,zero,0,2381,35,3
1587089366149704191,first,1,2425,54,5,second,2,2402,24,7,zero,0,2414,19,5
1587089366213606054,first,1,2491,63,2,second,2,2453,47,8,zero,0,2450,34,8
1587089366341782312,first,1,2610,58,0,second,2,2593,71,1,zero,0,2557,55,5
1587089366405624469,first,1,2625,22,1,second,2,2655,61,-3,zero,0,2617,58,4
1587089366533537102,first,1,2665,23,9,second,2,2686,8,6,zero,0,2737,59,2
1587089366597652492,first,1,2718,45,9,second,2,2716,27,10,zero,0,2793,56,2
1587089366725761920,first,1,2869,76,4,second,2,2846,70,5,zero,0,2895,48,2
1587089366853651553,first,1,3011,70,9,second,2,3005,74,19,zero,0,2988,46,3
1587089366917636993,first,1,3031,29,2,second,2,3033,26,-12,zero,0,3036,46,2
1587089367045809530,first,1,3066,19,10,second,2,3082,32,9,zero,0,3136,49,3
1587089367109633621,first,1,3117,43,11,second,2,3140,55,9,zero,0,3188,52,2
1587089367237604997,first,1,3269,76,5,second,2,3304,85,1,zero,0,3295,52,3
1587089367301545360,first,1,3350,81,1,second,2,3376,72,-28,zero,0,3348,52,1
1587089367429546222,first,1,3433,29,1,second,2,3415,12,4,zero,0,3447,47,1
1587089367493450279,first,1,3439,7,6,second,2,3446,28,8,zero,0,3494,45,1
1587089367621683076,first,1,3513,40,11,second,2,3564,64,5,zero,0,3586,44,1
1587089367749842107,first,1,3655,72,1,second,2,3695,59,-34,zero,0,3674,42,1
1587089367813630527,first,1,3718,69,7,second,2,3714,19,1,zero,0,3715,40,1
1587089367941585016,first,1,3744,6,3,second,2,3748,23,6,zero,0,3789,35,1
1587089368005560551,first,1,3763,14,6,second,2,3790,40,5,zero,0,3824,34,1
1587089368133540362,first,1,3855,47,3,second,2,3892,47,6,zero,0,3891,32,1
1587089368197481603,first,1,3913,55,1,second,2,3907,15,0,zero,0,3915,23,2
1587089368325383361,first,1,3970,19,2,second,2,3932,18,4,zero,0,3922,2,5
1587089368453592539,first,1,3977,2,4,second,2,4010,41,1,zero,0,3969,26,3
1587089368517496054,first,1,3996,14,5,second,2,4042,32,2,zero,0,4002,31,2
1587089368645583675,first,1,4054,29,-12,second,2,4052,0,0,zero,0,4030,2,0
1587089368709635505,first,1,4060,10,0,second,2,4052,0,0,zero,0,4032,0,2
1587089368837470689,first,1,4062,0,0,second,2,4072,13,1,zero,0,4063,15,1
1587089368901580619,first,1,4068,1,2,second,2,4085,12,1,zero,0,4075,11,0
1587089369029569676,first,1,4091,11,0,second,2,4085,0,0,zero,0,4076,0,0
1587089369093564860,first,1,4091,1,0,second,2,4085,0,0,zero,0,4078,0,0
1587089369221348192,first,1,4092,0,0,second,2,4085,0,0,zero,0,4080,0,0
1587089369349568552,first,1,4091,0,0,second,2,4086,0,0,zero,0,4082,0,0
1587089369413570660,first,1,4091,0,0,second,2,4086,0,0,zero,0,4084,0,0
1587089369541512710,first,1,4091,0,0,second,2,4085,0,0,zero,0,4086,0,0
1587089369605562952,first,1,4092,0,0,second,2,4086,0,0,zero,0,4087,0,0
1587089369733564953,first,1,4091,0,0,second,2,4086,0,0,zero,0,4090,0,0
1587089369797418106,first,1,4091,0,0,second,2,4085,0,-1,zero,0,4090,0,-1
1587089369925544192,first,1,4090,0,-1,second,2,4085,0,-2,zero,0,4085,-2,-2
1587089370053490021,first,1,4067,-10,-2,second,2,4084,0,-4,zero,0,4065,-10,-2
1587089370117581728,first,1,4050,-13,-3,second,2,4075,-6,-4,zero,0,4049,-12,-2
1587089370245473181,first,1,4017,-15,-3,second,2,4042,-16,-4,zero,0,4019,-14,-5
1587089370309562253,first,1,3999,-16,-2,second,2,4020,-20,-4,zero,0,4002,-15,-3
1587089370437392769,first,1,3957,-20,-3,second,2,3966,-27,-6,zero,0,3961,-20,-2
1587089370501434478,first,1,3934,-21,-5,second,2,3934,-29,-3,zero,0,3935,-23,-4
1587089370629584628,first,1,3882,-24,-5,second,2,3873,-30,-5,zero,0,3869,-32,-6
1587089370693293641,first,1,3849,-29,-7,second,2,3840,-30,-6,zero,0,3833,-34,-6
1587089370821339630,first,1,3771,-38,-7,second,2,3771,-35,-7,zero,0,3757,-36,-7
1587089370949307750,first,1,3688,-40,-6,second,2,3690,-39,-7,zero,0,3674,-40,-3
1587089371013312330,first,1,3646,-40,-7,second,2,3647,-40,-7,zero,0,3631,-41,-6
1587089371141352741,first,1,3561,-41,-7,second,2,3554,-46,-6,zero,0,3541,-43,-7
1587089371205288998,first,1,3516,-42,-9,second,2,3504,-47,-7,zero,0,3493,-45,-6
1587089371333282295,first,1,3420,-46,-8,second,2,3400,-50,-6,zero,0,3389,-49,-6
1587089371397208594,first,1,3371,-47,-9,second,2,3348,-51,-8,zero,0,3339,-49,-4
1587089371525324258,first,1,3273,-48,-7,second,2,3242,-52,-6,zero,0,3238,-49,-6
1587089371653402635,first,1,3171,-48,-8,second,2,3140,-50,-7,zero,0,3133,-51,-6
1587089371717403573,first,1,3121,-48,-9,second,2,3088,-50,-6,zero,0,3080,-53,-5
1587089371845317766,first,1,3020,-49,-8,second,2,2983,-50,-6,zero,0,2976,-51,-3
1587089371909372252,first,1,2969,-49,-9,second,2,2931,-51,-5,zero,0,2925,-50,-8
1587089372037230429,first,1,2866,-49,-9,second,2,2831,-48,-6,zero,0,2822,-50,-5
1587089372101302691,first,1,2816,-49,-9,second,2,2783,-47,-4,zero,0,2772,-50,-7
1587089372229247523,first,1,2713,-49,-9,second,2,2688,-45,-7,zero,0,2675,-48,-3
1587089372293342577,first,1,2664,-48,-8,second,2,2641,-46,-5,zero,0,2629,-46,-3
1587089372421180670,first,1,2572,-45,-9,second,2,2548,-45,-5,zero,0,2539,-43,-5
1587089372549200800,first,1,2483,-43,-7,second,2,2459,-43,-5,zero,0,2456,-39,-3
1587089372613324857,first,1,2441,-42,-6,second,2,2418,-40,-6,zero,0,2417,-38,-5
1587089372741284984,first,1,2356,-41,-5,second,2,2341,-36,-4,zero,0,2339,-38,-6
1587089372805187502,first,1,2316,-40,-6,second,2,2306,-35,-6,zero,0,2300,-38,-3
1587089372933184170,first,1,2236,-38,-4,second,2,2234,-34,-3,zero,0,2225,-36,-3
1587089372997352692,first,1,2199,-37,-4,second,2,2199,-33,-3,zero,0,2190,-34,-4
1587089373125124392,first,1,2126,-35,-5,second,2,2133,-31,-4,zero,0,2119,-34,-6
1587089373253245338,first,1,2066,-29,0,second,2,2079,-21,0,zero,0,2059,-25,-1
1587089373317317451,first,1,2063,-4,-4,second,2,2077,-1,-4,zero,0,2056,-2,-2
1587089373445134121,first,1,2028,-18,-10,second,2,2038,-24,-9,zero,0,2017,-23,-9
1587089373509100641,first,1,1996,-27,-8,second,2,2001,-35,-7,zero,0,1981,-35,-8
1587089373637159196,first,1,1913,-40,-8,second,2,1911,-44,-6,zero,0,1894,-42,-6
1587089373701242367,first,1,1869,-42,-6,second,2,1865,-45,-5,zero,0,1850,-42,-7
1587089373829276229,first,1,1783,-41,-7,second,2,1771,-46,-6,zero,0,1762,-43,-3
1587089373893248539,first,1,1742,-41,-7,second,2,1728,-43,-4,zero,0,1720,-41,-5
1587089374021247900,first,1,1658,-40,-6,second,2,1646,-40,-5,zero,0,1643,-37,-5
1587089374149142758,first,1,1574,-40,-8,second,2,1563,-41,-7,zero,0,1561,-40,-6
1587089374213037284,first,1,1529,-42,-8,second,2,1519,-42,-6,zero,0,1516,-43,-6
1587089374341077564,first,1,1439,-44,-9,second,2,1426,-45,-6,zero,0,1416,-48,-5
1587089374405158815,first,1,1391,-45,-10,second,2,1377,-47,-7,zero,0,1365,-48,-9
1587089374533201357,first,1,1294,-47,-7,second,2,1274,-50,-7,zero,0,1260,-50,-4
1587089374597100244,first,1,1245,-47,-10,second,2,1223,-50,-7,zero,0,1208,-50,-3
1587089374725276619,first,1,1143,-49,-8,second,2,1119,-51,-6,zero,0,1108,-49,-4
1587089374853094774,first,1,1042,-49,-8,second,2,1014,-51,-6,zero,0,1006,-50,-7
1587089374917049461,first,1,991,-50,-8,second,2,960,-51,-6,zero,0,952,-52,-5
1587089375045007170,first,1,886,-50,-8,second,2,851,-52,-6,zero,0,844,-53,-7
1587089375109251100,first,1,834,-50,-8,second,2,800,-51,-5,zero,0,790,-52,-6
1587089375237130792,first,1,736,-48,-7,second,2,702,-47,-5,zero,0,687,-50,-4
1587089375301036152,first,1,688,-47,-8,second,2,655,-46,-4,zero,0,639,-49,-4
1587089375428992217,first,1,596,-45,-7,second,2,563,-44,-5,zero,0,547,-44,-3
1587089375493046170,first,1,550,-45,-8,second,2,519,-43,-5,zero,0,504,-42,-5
1587089375621151704,first,1,458,-45,-6,second,2,434,-42,-3,zero,0,425,-38,-3
1587089375749263474,first,1,373,-41,-5,second,2,355,-37,-4,zero,0,349,-37,-4
1587089375813189557,first,1,334,-39,-6,second,2,318,-36,-5,zero,0,313,-35,-4
1587089375941117434,first,1,258,-36,-4,second,2,251,-31,-2,zero,0,246,-32,-3
1587089376005114985,first,1,223,-34,-3,second,2,222,-29,-2,zero,0,214,-32,-5
1587089376133204135,first,1,159,-30,-3,second,2,166,-26,-3,zero,0,152,-29,-1
1587089376197164765,first,1,131,-28,-1,second,2,140,-25,-2,zero,0,125,-27,-1
1587089376340928388,first,1,94,-13,-1,second,2,89,-20,-1,zero,0,91,-9,-1
1587089376405089190,first,1,83,-10,-1,second,2,75,-13,-1,zero,0,84,-6,-1
1587089376532947340,first,1,59,-10,-1,second,2,58,-7,-1,zero,0,64,-11,-2
1587089376596915580,first,1,46,-10,-1,second,2,49,-7,-1,zero,0,50,-11,-1
1587089376725091943,first,1,24,-9,-1,second,2,29,-8,-1,zero,0,35,-4,-1
1587089376853204310,first,1,20,0,0,second,2,26,0,0,zero,0,28,-2,-5
1587089376917081832,first,1,20,0,0,second,2,26,0,-1,zero,0,25,-3,-1
1587089377044987737,first,1,20,0,0,second,2,26,0,0,zero,0,21,-1,-1
1587089377109004719,first,1,20,0,-1,second,2,26,0,-1,zero,0,19,-1,-1
1587089377237030510,first,1,20,0,0,second,2,26,0,0,zero,0,16,-1,-1
1587089377301255201,first,1,20,0,0,second,2,26,0,-1,zero,0,15,-1,0
1587089377429029582,first,1,20,0,0,second,2,26,0,0,zero,0,15,0,0
1587089377492984672,first,1,21,0,0,second,2,26,0,-1,zero,0,15,0,0
1587089377621101936,first,1,20,0,0,second,2,26,0,0,zero,0,15,0,0
1587089377748950218,first,1,23,0,0,second,2,26,0,0,zero,0,19,1,1
1587089377812843480,first,1,28,1,1,second,2,31,2,1,zero,0,32,10,1
1587089377940877489,first,1,68,20,1,second,2,75,23,1,zero,0,65,15,1
1587089378004895476,first,1,90,24,-12,second,2,95,19,1,zero,0,82,15,1
1587089378132876323,first,1,101,2,3,second,2,105,3,5,zero,0,121,19,1
1587089378196829626,first,1,123,15,6,second,2,129,21,5,zero,0,146,23,1
1587089378324956877,first,1,202,40,2,second,2,218,47,1,zero,0,208,30,1
1587089378452904939,first,1,290,42,-6,second,2,274,13,1,zero,0,277,32,1
1587089378516900787,first,1,299,15,0,second,2,279,3,3,zero,0,313,34,1
1587089378644905267,first,1,334,20,6,second,2,351,44,5,zero,0,388,36,3
1587089378708886312,first,1,381,40,8,second,2,412,58,3,zero,0,428,38,3
1587089378836895379,first,1,514,66,3,second,2,541,59,-34,zero,0,515,43,3
1587089378900904603,first,1,571,63,-10,second,2,560,19,1,zero,0,564,45,1
1587089379028911726,first,1,598,7,7,second,2,600,26,8,zero,0,658,46,2
1587089379092902712,first,1,629,22,10,second,2,652,50,9,zero,0,705,46,1
1587089379221044495,first,1,758,67,6,second,2,807,79,2,zero,0,805,48,2
1587089379348772853,first,1,923,82,1,second,2,903,25,6,zero,0,909,50,2
1587089379412993081,first,1,987,71,7,second,2,918,12,6,zero,0,961,51,2
1587089379541007955,first,1,1015,8,5,second,2,1013,56,8,zero,0,1068,52,2
1587089379604816703,first,1,1043,20,11,second,2,1089,74,5,zero,0,1120,52,1
1587089379732882677,first,1,1167,66,8,second,2,1248,74,-35,zero,0,1220,49,2
1587089379796828568,first,1,1251,79,5,second,2,1274,27,-13,zero,0,1271,49,1
1587089379924874554,first,1,1344,33,2,second,2,1323,32,8,zero,0,1370,48,2
1587089380052870866,first,1,1388,25,10,second,2,1443,67,5,zero,0,1464,45,1
1587089380116748952,first,1,1444,47,7,second,2,1521,76,2,zero,0,1510,44,1
1587089380244826657,first,1,1593,76,1,second,2,1610,23,3,zero,0,1598,42,2
1587089380308909465,first,1,1658,71,7,second,2,1622,11,2,zero,0,1641,42,1
1587089380436672892,first,1,1686,8,4,second,2,1692,42,5,zero,0,1725,41,2
1587089380500771115,first,1,1710,16,8,second,2,1751,56,5,zero,0,1766,40,1
1587089380628859246,first,1,1813,53,4,second,2,1869,52,12,zero,0,1845,38,1
1587089380692792315,first,1,1876,61,2,second,2,1886,17,-1,zero,0,1882,38,1
1587089380820633797,first,1,1947,24,1,second,2,1913,19,5,zero,0,1953,34,1
1587089380948679571,first,1,1975,15,7,second,2,2007,52,2,zero,0,2018,32,1
1587089381012799455,first,1,2016,34,5,second,2,2068,58,1,zero,0,2051,31,1
1587089381140792697,first,1,2069,17,1,second,2,2133,15,-1,zero,0,2078,3,0
1587089381204759712,first,1,2079,7,5,second,2,2133,0,0,zero,0,2083,3,6
1587089381332911355,first,1,2151,38,4,second,2,2159,18,5,zero,0,2136,31,6
1587089381396738994,first,1,2208,52,3,second,2,2197,35,6,zero,0,2183,44,5
1587089381524727493,first,1,2319,54,-25,second,2,2305,55,1,zero,0,2292,53,1
1587089381652870522,first,1,2338,4,5,second,2,2365,13,1,zero,0,2389,46,1
1587089381716704647,first,1,2362,16,8,second,2,2370,3,6,zero,0,2432,42,1
1587089381844827617,first,1,2471,56,4,second,2,2445,45,10,zero,0,2511,38,1
1587089381908910159,first,1,2544,68,2,second,2,2511,62,6,zero,0,2550,38,4
1587089382036800212,first,1,2624,28,-10,second,2,2649,63,-32,zero,0,2636,41,2
1587089382100798293,first,1,2632,7,5,second,2,2670,21,2,zero,0,2681,43,4
1587089382228670532,first,1,2715,46,9,second,2,2709,27,10,zero,0,2779,48,3
1587089382292649402,first,1,2791,67,7,second,2,2766,53,9,zero,0,2830,50,3
1587089382420966075,first,1,2957,83,1,second,2,2927,82,2,zero,0,2937,51,4
1587089382548783253,first,1,3044,31,2,second,2,3024,24,3,zero,0,3043,52,1
1587089382612787326,first,1,3053,10,5,second,2,3035,9,4,zero,0,3098,52,1
1587089382740809091,first,1,3134,44,9,second,2,3122,54,9,zero,0,3197,49,1
1587089382804653617,first,1,3204,63,7,second,2,3197,73,5,zero,0,3247,48,3
1587089382932818985,first,1,3354,76,20,second,2,3360,75,7,zero,0,3347,49,3
1587089382996705774,first,1,3378,35,2,second,2,3385,26,-4,zero,0,3398,49,2
1587089383124681071,first,1,3424,24,10,second,2,3428,28,7,zero,0,3496,47,1
1587089383252800245,first,1,3550,65,6,second,2,3548,65,4,zero,0,3589,45,2
1587089383316738399,first,1,3628,75,3,second,2,3624,74,1,zero,0,3635,44,1
1587089383444659616,first,1,3714,31,0,second,2,3707,20,1,zero,0,3716,38,1
1587089383508806033,first,1,3722,8,4,second,2,3716,7,4,zero,0,3753,36,1
1587089383636748628,first,1,3784,34,5,second,2,3782,40,5,zero,0,3822,33,1
1587089383700668355,first,1,3839,49,3,second,2,3835,51,1,zero,0,3856,33,1
1587089383828668316,first,1,3904,22,4,second,2,3939,45,6,zero,0,3912,23,1
1587089383892697330,first,1,3908,4,3,second,2,3952,13,0,zero,0,3917,5,1
1587089384020702465,first,1,3962,28,3,second,2,3959,3,4,zero,0,3953,21,4
1587089384148663389,first,1,4036,36,-2,second,2,4012,30,1,zero,0,4017,31,1
1587089384212582409,first,1,4044,13,0,second,2,4041,29,-5,zero,0,4041,23,4
1587089384340531002,first,1,4047,0,1,second,2,4048,0,0,zero,0,4045,0,2
1587089384404586893,first,1,4062,9,1,second,2,4052,2,1,zero,0,4055,7,2
1587089384532534413,first,1,4082,4,0,second,2,4085,17,-3,zero,0,4082,10,0
1587089384596501335,first,1,4082,0,0,second,2,4086,1,-1,zero,0,4081,0,0
1587089384724492693,first,1,4082,0,0,second,2,4086,0,0,zero,0,4084,0,0
1587089384852603566,first,1,4082,0,0,second,2,4086,0,0,zero,0,4086,0,0
1587089384916635768,first,1,4082,0,0,second,2,4086,0,0,zero,0,4088,0,0
1587089385044620655,first,1,4082,0,0,second,2,4086,0,0,zero,0,4089,0,0
1587089385108601270,first,1,4082,0,0,second,2,4086,0,0,zero,0,4091,0,0
1587089385236603911,first,1,4082,0,0,second,2,4086,0,0,zero,0,4094,0,0
1587089385300520751,first,1,4082,0,0,second,2,4086,0,0,zero,0,4095,0,0
1587089385428537228,first,1,4082,0,0,second,2,4086,0,-1,zero,0,4096,0,0
1587089385492489904,first,1,4082,0,0,second,2,4087,0,0,zero,0,4096,0,-1
1587089385620583589,first,1,4080,0,-3,second,2,4086,0,-3,zero,0,4081,-8,-1
1587089385748583671,first,1,4053,-13,-3,second,2,4077,-6,-5,zero,0,4051,-13,-2
1587089385812590149,first,1,4035,-16,-1,second,2,4060,-14,-5,zero,0,4034,-14,-3
1587089385940483442,first,1,3997,-16,-2,second,2,4014,-21,-6,zero,0,4003,-14,-3
1587089386004556607,first,1,3977,-18,-4,second,2,3988,-25,-4,zero,0,3984,-16,-5
1587089386132577970,first,1,3932,-21,-7,second,2,3929,-28,-5,zero,0,3934,-26,-6
1587089386196524185,first,1,3907,-22,-6,second,2,3899,-28,-5,zero,0,3901,-31,-4
1587089386324501556,first,1,3844,-31,-6,second,2,3836,-30,-4,zero,0,3829,-34,-5
1587089386452527850,first,1,3763,-39,-6,second,2,3769,-33,-5,zero,0,3753,-36,-6
1587089386516798653,first,1,3724,-39,-7,second,2,3730,-36,-7,zero,0,3712,-38,-4
1587089386644465544,first,1,3642,-39,-6,second,2,3646,-40,-5,zero,0,3627,-41,-6
1587089386708499179,first,1,3600,-40,-6,second,2,3601,-43,-8,zero,0,3584,-41,-3
1587089386836423693,first,1,3511,-43,-9,second,2,3502,-49,-7,zero,0,3493,-44,-5
1587089386900455167,first,1,3465,-43,-7,second,2,3448,-52,-6,zero,0,3443,-47,-5
1587089387028367915,first,1,3370,-46,-8,second,2,3340,-53,-6,zero,0,3338,-50,-5
1587089387092331233,first,1,3320,-48,-9,second,2,3287,-52,-5,zero,0,3286,-50,-6
1587089387220368854,first,1,3220,-49,-8,second,2,3185,-50,-6,zero,0,3185,-50,-6
1587089387348476415,first,1,3116,-49,-7,second,2,3086,-49,-7,zero,0,3083,-51,-8
1587089387412455126,first,1,3065,-50,-8,second,2,3034,-50,-7,zero,0,3029,-53,-6
1587089387540404176,first,1,2963,-50,-9,second,2,2926,-51,-6,zero,0,2920,-53,-6
1587089387604378238,first,1,2910,-50,-8,second,2,2873,-51,-6,zero,0,2866,-53,-5
1587089387732645396,first,1,2809,-50,-6,second,2,2774,-47,-7,zero,0,2767,-48,-2
1587089387796454121,first,1,2761,-48,-7,second,2,2728,-46,-5,zero,0,2720,-46,-3
1587089387924684111,first,1,2666,-46,-9,second,2,2634,-45,-6,zero,0,2631,-43,-4
1587089388052447786,first,1,2574,-46,-7,second,2,2544,-44,-5,zero,0,2544,-43,-7
1587089388116569466,first,1,2527,-45,-7,second,2,2501,-42,-5,zero,0,2499,-43,-6
1587089388244465424,first,1,2440,-43,-6,second,2,2422,-38,-5,zero,0,2411,-43,-5
1587089388308462261,first,1,2398,-42,-4,second,2,2381,-38,-7,zero,0,2368,-42,-3
1587089388436436936,first,1,2317,-39,-5,second,2,2302,-37,-3,zero,0,2291,-37,-3
1587089388500394675,first,1,2277,-39,-6,second,2,2265,-36,-6,zero,0,2253,-36,-4
1587089388628383046,first,1,2199,-37,-5,second,2,2193,-34,-4,zero,0,2185,-33,-5
1587089388692329660,first,1,2162,-37,-4,second,2,2159,-34,-5,zero,0,2152,-33,-3
1587089388820384433,first,1,2089,-36,-5,second,2,2092,-32,-5,zero,0,2082,-33,-2
1587089388948274427,first,1,2061,-5,-4,second,2,2067,-1,-5,zero,0,2056,-2,-6
1587089389012276176,first,1,2048,-7,-6,second,2,2055,-9,-8,zero,0,2041,-12,-7
1587089389140201903,first,1,1993,-28,-9,second,2,1993,-34,-7,zero,0,1979,-34,-6
1587089389204257876,first,1,1954,-35,-7,second,2,1949,-41,-7,zero,0,1937,-39,-7
1587089389332270657,first,1,1866,-41,-6,second,2,1854,-47,-6,zero,0,1847,-43,-5
1587089389396188455,first,1,1824,-41,-5,second,2,1808,-47,-5,zero,0,1802,-44,-3
1587089389524294246,first,1,1742,-39,-7,second,2,1721,-42,-3,zero,0,1715,-42,-4
1587089389652325021,first,1,1659,-39,-8,second,2,1641,-38,-5,zero,0,1635,-39,-3
1587089389716308559,first,1,1617,-40,-8,second,2,1603,-38,-5,zero,0,1595,-38,-7
1587089389844311575,first,1,1527,-43,-7,second,2,1521,-40,-7,zero,0,1512,-40,-6
1587089389908341466,first,1,1482,-43,-7,second,2,1476,-43,-8,zero,0,1465,-44,-7
1587089390036347779,first,1,1390,-44,-7,second,2,1375,-50,-8,zero,0,1366,-48,-7
1587089390100169632,first,1,1342,-45,-10,second,2,1321,-53,-7,zero,0,1314,-50,-7
1587089390228437071,first,1,1245,-48,-8,second,2,1211,-54,-7,zero,0,1205,-52,-6
1587089390292347354,first,1,1194,-49,-8,second,2,1158,-53,-6,zero,0,1152,-52,-7
1587089390420325694,first,1,1091,-49,-8,second,2,1055,-51,-4,zero,0,1050,-50,-4
1587089390548202848,first,1,988,-51,-8,second,2,955,-49,-6,zero,0,948,-50,-4
1587089390612242164,first,1,935,-51,-8,second,2,902,-49,-7,zero,0,897,-50,-6
1587089390740312167,first,1,832,-50,-8,second,2,800,-50,-5,zero,0,796,-50,-4
1587089390804246761,first,1,783,-49,-8,second,2,750,-49,-4,zero,0,745,-50,-8
1587089390932373554,first,1,687,-47,-6,second,2,653,-47,-5,zero,0,643,-50,-6
1587089390996235516,first,1,640,-46,-7,second,2,606,-46,-7,zero,0,596,-47,-6
1587089391124245947,first,1,548,-45,-7,second,2,513,-44,-3,zero,0,504,-44,-4
1587089391252159373,first,1,458,-43,-6,second,2,429,-40,-4,zero,0,422,-40,-3
1587089391316160579,first,1,415,-42,-4,second,2,389,-39,-4,zero,0,384,-37,-2
1587089391444288609,first,1,334,-40,-5,second,2,318,-34,-2,zero,0,313,-34,-5
1587089391508107807,first,1,294,-39,-5,second,2,287,-31,-5,zero,0,279,-33,-4
1587089391636110724,first,1,220,-35,-4,second,2,223,-30,-3,zero,0,213,-32,-2
1587089391700200621,first,1,188,-32,-3,second,2,194,-29,-5,zero,0,182,-31,-4
1587089391828174702,first,1,132,-27,-2,second,2,140,-26,-3,zero,0,124,-27,-1
1587089391956087343,first,1,94,-17,-1,second,2,92,-22,-1,zero,0,94,-10,-1
1587089392020272723,first,1,79,-14,-3,second,2,76,-15,-1,zero,0,87,-6,-3
1587089392148120840,first,1,52,-13,-2,second,2,58,-7,-2,zero,0,61,-12,-3
1587089392212111184,first,1,39,-12,-1,second,2,48,-8,-1,zero,0,49,-11,-1
1587089392340211163,first,1,23,-7,0,second,2,32,-6,-1,zero,0,36,-3,-1
1587089392404246407,first,1,24,0,0,second,2,25,-6,-1,zero,0,32,-3,-1
1587089392532132070,first,1,24,0,0,second,2,14,-3,0,zero,0,21,-3,-1
1587089392596388952,first,1,24,0,-1,second,2,15,0,0,zero,0,18,-3,-1
1587089392724252579,first,1,24,0,0,second,2,15,0,0,zero,0,17,0,-1
1587089392852111654,first,1,24,0,0,second,2,14,0,0,zero,0,16,0,0
1587089392916122791,first,1,24,0,0,second,2,15,0,0,zero,0,16,0,0
1587089393043984670,first,1,24,0,-1,second,2,15,0,0,zero,0,16,0,0
1587089393108010846,first,1,24,0,0,second,2,15,0,0,zero,0,16,0,0
1587089393236101131,first,1,24,0,0,second,2,15,0,0,zero,0,16,0,0
1587089393300093767,first,1,24,0,0,second,2,15,0,0,zero,0,17,0,0
1587089393428062755,first,1,30,1,2,second,2,38,15,1,zero,0,22,1,3
1587089393555952585,first,1,70,21,1,second,2,61,3,0,zero,0,51,16,1
1587089393620168009,first,1,93,24,-10,second,2,65,1,3,zero,0,74,20,2
1587089393748050811,first,1,103,2,3,second,2,119,31,2,zero,0,126,25,1
1587089393812053670,first,1,125,15,4,second,2,163,41,2,zero,0,155,26,1
1587089393940051247,first,1,205,40,2,second,2,211,11,1,zero,0,211,26,1
1587089394004129042,first,1,252,44,1,second,2,216,2,3,zero,0,239,27,2
1587089394132047827,first,1,296,14,0,second,2,281,39,5,zero,0,303,31,3
1587089394196068491,first,1,303,4,5,second,2,338,54,5,zero,0,339,33,3
1587089394323975572,first,1,379,41,6,second,2,453,51,13,zero,0,415,37,3
1587089394451959702,first,1,513,66,3,second,2,475,5,7,zero,0,503,43,4
1587089394516086706,first,1,571,64,8,second,2,503,25,9,zero,0,552,46,4
1587089394643930558,first,1,599,8,8,second,2,626,68,5,zero,0,651,48,2
1587089394708050117,first,1,631,24,11,second,2,707,78,3,zero,0,700,48,3
1587089394835898364,first,1,763,68,6,second,2,804,25,2,zero,0,798,48,3
1587089394900017981,first,1,846,79,3,second,2,818,12,5,zero,0,848,48,4
1587089395028068733,first,1,941,35,2,second,2,910,55,7,zero,0,952,52,3
1587089395155936693,first,1,983,23,11,second,2,1072,84,1,zero,0,1060,53,3
1587089395219992001,first,1,1040,48,11,second,2,1144,72,-5,zero,0,1114,53,1
1587089395347968450,first,1,1204,83,4,second,2,1183,12,5,zero,0,1218,51,4
1587089395412078235,first,1,1277,81,7,second,2,1216,30,10,zero,0,1269,50,3
1587089395539941784,first,1,1313,11,5,second,2,1345,70,4,zero,0,1368,47,2
1587089395603828746,first,1,1344,22,8,second,2,1425,79,2,zero,0,1414,45,3
1587089395732033528,first,1,1469,65,5,second,2,1518,25,3,zero,0,1508,45,2
1587089395795952666,first,1,1546,75,1,second,2,1531,11,4,zero,0,1552,43,1
1587089395924089353,first,1,1632,30,-10,second,2,1609,47,4,zero,0,1638,42,1
1587089396052100016,first,1,1669,20,7,second,2,1739,67,1,zero,0,1722,40,2
1587089396115935600,first,1,1715,39,6,second,2,1794,55,14,zero,0,1762,39,1
1587089396243984826,first,1,1845,65,1,second,2,1819,7,2,zero,0,1839,38,2
1587089396308005216,first,1,1899,59,-27,second,2,1842,19,6,zero,0,1877,37,2
1587089396436012448,first,1,1924,7,3,second,2,1935,51,1,zero,0,1952,37,1
1587089396499957437,first,1,1946,15,6,second,2,1993,56,1,zero,0,1986,33,1
1587089396627998419,first,1,2035,46,5,second,2,2054,15,5,zero,0,2045,29,1
1587089396755926818,first,1,2094,20,1,second,2,2059,2,5,zero,0,2071,3,2
1587089396819903973,first,1,2097,4,3,second,2,2084,21,5,zero,0,2081,9,3
1587089396947881737,first,1,2152,29,5,second,2,2182,52,2,zero,0,2142,33,4
1587089397011825576,first,1,2203,45,3,second,2,2231,48,11,zero,0,2187,42,3
1587089397139728452,first,1,2314,55,6,second,2,2252,5,4,zero,0,2287,49,3
1587089397203762716,first,1,2328,22,1,second,2,2278,23,9,zero,0,2336,49,1
1587089397331745682,first,1,2357,16,8,second,2,2395,64,5,zero,0,2424,41,1
1587089397395903402,first,1,2403,38,8,second,2,2471,73,1,zero,0,2462,38,1
1587089397523741070,first,1,2539,68,2,second,2,2558,23,-12,zero,0,2540,37,1
1587089397651995222,first,1,2619,28,1,second,2,2596,24,6,zero,0,2625,41,3
1587089397715824789,first,1,2627,6,7,second,2,2646,46,8,zero,0,2671,44,3
1587089397843817743,first,1,2711,46,11,second,2,2789,73,3,zero,0,2770,48,4
1587089397907856144,first,1,2786,68,7,second,2,2857,66,-34,zero,0,2822,51,2
1587089398035905280,first,1,2958,85,1,second,2,2892,10,7,zero,0,2928,51,3
1587089398099841715,first,1,3025,76,9,second,2,2925,30,10,zero,0,2979,51,3
1587089398227923655,first,1,3059,10,5,second,2,3059,73,7,zero,0,3082,51,2
1587089398355866918,first,1,3139,43,7,second,2,3219,75,17,zero,0,3186,51,2
1587089398419795935,first,1,3208,63,7,second,2,3247,28,2,zero,0,3239,51,2
1587089398547977976,first,1,3357,76,21,second,2,3294,30,8,zero,0,3340,50,2
1587089398611800262,first,1,3381,34,-10,second,2,3350,53,6,zero,0,3390,49,2
1587089398739799096,first,1,3425,24,10,second,2,3501,77,1,zero,0,3488,47,4
1587089398803832960,first,1,3479,47,7,second,2,3565,64,9,zero,0,3536,47,2
1587089398931783275,first,1,3628,75,2,second,2,3596,8,4,zero,0,3624,42,2
1587089398995794003,first,1,3693,71,9,second,2,3621,23,9,zero,0,3664,40,3
1587089399123945629,first,1,3723,9,3,second,2,3732,60,2,zero,0,3741,37,3
1587089399251752135,first,1,3783,32,5,second,2,3807,19,2,zero,0,3818,37,1
1587089399315819841,first,1,3837,47,5,second,2,3815,7,5,zero,0,3852,33,1
1587089399443758240,first,1,3899,21,2,second,2,3881,39,5,zero,0,3913,29,1
1587089399507675630,first,1,3903,4,2,second,2,3933,50,1,zero,0,3942,28,1
1587089399635695881,first,1,3960,30,4,second,2,3994,15,-1,zero,0,3963,2,0
1587089399699570261,first,1,4004,41,1,second,2,3995,1,0,zero,0,3968,2,3
1587089399827758832,first,1,4047,15,0,second,2,4021,17,2,zero,0,4003,19,3
1587089399955746682,first,1,4050,0,2,second,2,4074,23,2,zero,0,4053,22,3
1587089400019782954,first,1,4066,9,1,second,2,4079,5,0,zero,0,4054,1,0
1587089400147723775,first,1,4084,4,0,second,2,4079,0,0,zero,0,4066,6,1
1587089400211634673,first,1,4084,0,0,second,2,4079,0,0,zero,0,4074,8,0
1587089400339605713,first,1,4084,0,0,second,2,4082,0,0,zero,0,4075,0,0
1587089400403612580,first,1,4084,0,0,second,2,4083,0,0,zero,0,4076,0,0
1587089400531627614,first,1,4084,0,0,second,2,4083,0,0,zero,0,4079,0,0
1587089400595629951,first,1,4084,0,0,second,2,4083,0,0,zero,0,4080,0,0
1587089400723529995,first,1,4084,0,0,second,2,4083,0,0,zero,0,4083,0,0
1587089400851501856,first,1,4084,0,0,second,2,4083,0,0,zero,0,4085,0,0
1587089400915536888,first,1,4084,0,0,second,2,4083,0,0,zero,0,4086,0,0
1587089401043499146,first,1,4084,0,0,second,2,4083,0,0,zero,0,4088,0,0
1587089401107483911,first,1,4084,0,0,second,2,4084,0,0,zero,0,4086,0,-1
1587089401234952702,first,1,4082,0,-2,second,2,4083,0,-2,zero,0,4077,-3,-5
1587089401299622535,first,1,4073,-5,-4,second,2,4081,0,-3,zero,0,4071,-4,-2
1587089401427666378,first,1,4037,-16,-2,second,2,4056,-12,-5,zero,0,4040,-14,-5
1587089401555581199,first,1,4001,-16,-2,second,2,4016,-18,-4,zero,0,4002,-17,-2
1587089401619530933,first,1,3980,-18,-2,second,2,3992,-23,-6,zero,0,3980,-19,-6
1587089401747598813,first,1,3931,-22,-4,second,2,3930,-30,-4,zero,0,3924,-27,-3
1587089401811609340,first,1,3905,-24,-5,second,2,3898,-30,-5,zero,0,3892,-30,-3
1587089401939658301,first,1,3838,-33,-6,second,2,3835,-30,-6,zero,0,3824,-32,-3
1587089402003585980,first,1,3798,-37,-5,second,2,3801,-31,-6,zero,0,3788,-33,-3
1587089402131544529,first,1,3719,-38,-6,second,2,3727,-37,-7,zero,0,3710,-38,-6
1587089402195452397,first,1,3678,-39,-7,second,2,3685,-39,-7,zero,0,3669,-39,-4
1587089402323603471,first,1,3595,-40,-7,second,2,3595,-44,-6,zero,0,3581,-41,-7
1587089402451624390,first,1,3508,-41,-7,second,2,3499,-47,-7,zero,0,3493,-42,-6
1587089402515504831,first,1,3464,-42,-7,second,2,3448,-49,-7,zero,0,3444,-46,-7
1587089402643489599,first,1,3368,-46,-8,second,2,3343,-51,-4,zero,0,3339,-50,-3
1587089402707504178,first,1,3318,-48,-9,second,2,3290,-51,-7,zero,0,3288,-50,-6
1587089402835477843,first,1,3215,-50,-9,second,2,3184,-52,-4,zero,0,3186,-50,-7
1587089402899522779,first,1,3164,-50,-8,second,2,3135,-50,-6,zero,0,3135,-50,-5
1587089403027550111,first,1,3062,-50,-8,second,2,3033,-50,-7,zero,0,3028,-53,-4
1587089403155603352,first,1,2959,-50,-8,second,2,2927,-51,-6,zero,0,2920,-53,-6
1587089403219509008,first,1,2907,-50,-6,second,2,2875,-50,-6,zero,0,2865,-53,-3
1587089403347491159,first,1,2809,-48,-8,second,2,2774,-49,-5,zero,0,2762,-50,-5
1587089403411520270,first,1,2762,-47,-7,second,2,2725,-48,-5,zero,0,2714,-47,-3
1587089403539431588,first,1,2667,-46,-8,second,2,2632,-45,-5,zero,0,2620,-46,-5
1587089403603481486,first,1,2621,-46,-8,second,2,2587,-43,-7,zero,0,2575,-45,-5
1587089403731331124,first,1,2529,-46,-7,second,2,2499,-43,-6,zero,0,2493,-40,-3
1587089403795356690,first,1,2483,-44,-7,second,2,2457,-41,-6,zero,0,2453,-39,-5
1587089403923561663,first,1,2396,-42,-5,second,2,2377,-38,-4,zero,0,2374,-38,-3
1587089404051611971,first,1,2314,-40,-7,second,2,2301,-36,-5,zero,0,2295,-38,-6
1587089404115439427,first,1,2274,-39,-7,second,2,2265,-36,-7,zero,0,2255,-38,-4
1587089404243524698,first,1,2195,-38,-5,second,2,2194,-34,-4,zero,0,2186,-34,-3
1587089404307479647,first,1,2157,-37,-5,second,2,2159,-34,-4,zero,0,2151,-33,-2
1587089404435337394,first,1,2084,-35,-5,second,2,2090,-33,-4,zero,0,2080,-34,-3
1587089404499358494,first,1,2061,-29,-3,second,2,2068,-22,0,zero,0,2056,-24,-1
1587089404627594439,first,1,2048,-7,-8,second,2,2053,-10,-7,zero,0,2037,-12,-6
1587089404755464398,first,1,1993,-28,-10,second,2,1993,-33,-8,zero,0,1974,-35,-7
1587089404819484152,first,1,1954,-36,-8,second,2,1950,-40,-8,zero,0,1932,-39,-4
1587089404947465261,first,1,1865,-42,-6,second,2,1857,-46,-5,zero,0,1845,-42,-3
1587089405011309276,first,1,1821,-42,-5,second,2,1810,-46,-6,zero,0,1801,-42,-2
1587089405139464930,first,1,1739,-40,-7,second,2,1722,-43,-4,zero,0,1715,-42,-4
1587089405203427102,first,1,1698,-40,-6,second,2,1680,-41,-3,zero,0,1674,-41,-3
1587089405331389464,first,1,1614,-40,-6,second,2,1600,-40,-5,zero,0,1594,-38,-5
1587089405395459564,first,1,1571,-40,-7,second,2,1558,-40,-5,zero,0,1553,-39,-5
1587089405523186569,first,1,1481,-44,-7,second,2,1468,-45,-8,zero,0,1461,-45,-6
1587089405651377757,first,1,1388,-44,-7,second,2,1370,-48,-7,zero,0,1361,-48,-3
1587089405715369770,first,1,1340,-45,-7,second,2,1319,-50,-8,zero,0,1309,-49,-3
1587089405843234444,first,1,1245,-47,-8,second,2,1212,-52,-6,zero,0,1206,-50,-5
1587089405907437668,first,1,1194,-48,-9,second,2,1159,-53,-6,zero,0,1154,-50,-6
1587089406035353917,first,1,1092,-50,-9,second,2,1054,-51,-5,zero,0,1054,-49,-7
1587089406099283207,first,1,1039,-50,-8,second,2,1003,-51,-5,zero,0,1003,-49,-8
1587089406227442925,first,1,933,-51,-8,second,2,901,-49,-4,zero,0,900,-50,-5
1587089406355452894,first,1,829,-51,-7,second,2,802,-48,-5,zero,0,799,-50,-6
1587089406419282402,first,1,779,-50,-8,second,2,753,-47,-5,zero,0,748,-50,-5
1587089406547349211,first,1,680,-48,-8,second,2,659,-46,-4,zero,0,645,-50,-5
1587089406611217819,first,1,632,-47,-6,second,2,612,-46,-6,zero,0,597,-49,-5
1587089406739359483,first,1,543,-43,-7,second,2,519,-45,-6,zero,0,504,-44,-3
1587089406803296672,first,1,500,-42,-7,second,2,474,-44,-5,zero,0,461,-41,-5
1587089406931266845,first,1,413,-42,-5,second,2,389,-40,-5,zero,0,385,-37,-2
1587089406995212797,first,1,371,-41,-5,second,2,351,-38,-4,zero,0,348,-36,-4
1587089407123179886,first,1,292,-39,-4,second,2,282,-33,-3,zero,0,278,-34,-3
1587089407251237077,first,1,218,-35,-2,second,2,221,-28,-3,zero,0,212,-32,-4
1587089407315290812,first,1,186,-32,-3,second,2,192,-28,-5,zero,0,179,-32,-4
1587089407443315799,first,1,131,-25,-2,second,2,139,-26,-3,zero,0,121,-28,-1
1587089407507191799,first,1,111,-20,-1,second,2,114,-25,-1,zero,0,98,-23,-1
1587089407635218133,first,1,80,-14,-1,second,2,76,-15,-1,zero,0,76,-8,-3
1587089407699204198,first,1,66,-13,-1,second,2,66,-9,-1,zero,0,65,-8,-3
1587089407827129792,first,1,40,-12,-1,second,2,48,-8,-1,zero,0,45,-9,-1
1587089407955245381,first,1,25,-7,0,second,2,32,-7,-1,zero,0,38,-2,-2
1587089408019095875,first,1,25,0,0,second,2,24,-6,-1,zero,0,33,-2,-3
1587089408147259124,first,1,25,0,0,second,2,21,0,0,zero,0,28,-1,-4
1587089408211129052,first,1,25,0,0,second,2,21,0,0,zero,0,24,-2,-1
1587089408339122820,first,1,25,0,0,second,2,21,0,-1,zero,0,21,-1,-1
1587089408403167798,first,1,25,0,0,second,2,21,0,-1,zero,0,20,-1,-1
1587089408531355925,first,1,25,0,0,second,2,21,0,0,zero,0,17,0,0
1587089408595220785,first,1,25,0,0,second,2,21,0,1,zero,0,17,0,0
1587089408723083444,first,1,25,0,0,second,2,21,0,0,zero,0,17,0,0
1587089408851192181,first,1,25,0,0,second,2,21,0,0,zero,0,17,0,0
1587089408915152712,first,1,25,0,0,second,2,22,0,0,zero,0,18,0,0
1587089409043287937,first,1,31,1,1,second,2,28,2,1,zero,0,23,1,2
1587089409107160468,first,1,46,10,1,second,2,45,14,1,zero,0,36,10,3
1587089409235215411,first,1,94,24,2,second,2,91,19,1,zero,0,84,24,2
1587089409299099218,first,1,97,7,0,second,2,94,3,0,zero,0,112,26,1
1587089409427000247,first,1,123,14,6,second,2,124,21,4,zero,0,135,2,1
1587089409555029455,first,1,203,41,2,second,2,212,47,1,zero,0,170,21,6
1587089409619050418,first,1,253,48,1,second,2,255,43,9,zero,0,206,33,5
1587089409747055474,first,1,303,16,0,second,2,273,3,4,zero,0,296,44,1
1587089409811238936,first,1,309,3,5,second,2,298,22,8,zero,0,343,46,1
1587089409938502346,first,1,380,38,8,second,2,406,59,6,zero,0,435,45,1
1587089410003095918,first,1,440,54,7,second,2,479,69,2,zero,0,480,44,2
1587089410131124596,first,1,577,67,1,second,2,560,20,0,zero,0,569,43,2
1587089410195019254,first,1,631,60,7,second,2,570,8,5,zero,0,612,43,1
1587089410323248646,first,1,653,5,5,second,2,650,49,10,zero,0,702,43,3
1587089410451070835,first,1,737,46,8,second,2,804,80,1,zero,0,801,49,3
1587089410515003628,first,1,810,66,6,second,2,876,72,-32,zero,0,853,50,2
1587089410642966233,first,1,975,82,1,second,2,917,12,5,zero,0,960,53,2
1587089410706966154,first,1,1040,73,10,second,2,954,33,9,zero,0,1015,53,3
1587089410835140008,first,1,1070,8,7,second,2,1088,74,6,zero,0,1124,53,1
1587089410899095144,first,1,1099,20,9,second,2,1174,84,2,zero,0,1176,52,2
1587089411027207898,first,1,1223,65,6,second,2,1275,27,-5,zero,0,1276,48,1
1587089411155005308,first,1,1370,73,8,second,2,1322,29,9,zero,0,1372,47,2
1587089411219201910,first,1,1392,32,1,second,2,1373,49,5,zero,0,1418,45,1
1587089411347034210,first,1,1430,21,9,second,2,1520,76,2,zero,0,1510,45,2
1587089411410895503,first,1,1485,47,6,second,2,1584,65,-27,zero,0,1555,44,1
1587089411538990460,first,1,1635,75,2,second,2,1616,8,3,zero,0,1642,43,1
1587089411603066962,first,1,1699,71,8,second,2,1639,21,8,zero,0,1686,43,3
1587089411731002309,first,1,1728,7,4,second,2,1743,58,4,zero,0,1774,43,1
1587089411794975772,first,1,1751,16,7,second,2,1810,65,1,zero,0,1815,40,1
1587089411922987190,first,1,1852,53,2,second,2,1881,18,1,zero,0,1890,36,1
1587089412051028136,first,1,1965,55,-23,second,2,1908,18,5,zero,0,1961,34,1
1587089412115072344,first,1,1980,21,2,second,2,1947,37,7,zero,0,1995,33,1
1587089412242902336,first,1,2008,15,6,second,2,2063,60,1,zero,0,2058,31,1
1587089412307015042,first,1,2036,28,10,second,2,2113,49,-28,zero,0,2080,23,0
1587089412435073839,first,1,2075,19,6,second,2,2131,1,0,zero,0,2088,2,6
1587089412499064902,first,1,2117,36,4,second,2,2136,2,4,zero,0,2107,17,7
1587089412626908822,first,1,2232,58,1,second,2,2199,38,4,zero,0,2188,44,4
1587089412754827176,first,1,2294,21,0,second,2,2314,57,1,zero,0,2290,50,2
1587089412818940994,first,1,2299,3,4,second,2,2362,48,6,zero,0,2339,49,1
1587089412946987729,first,1,2366,36,7,second,2,2382,4,4,zero,0,2428,42,1
1587089413010991510,first,1,2426,54,5,second,2,2409,23,8,zero,0,2468,39,1
1587089413139062078,first,1,2559,66,-8,second,2,2525,63,4,zero,0,2545,37,2
1587089413202989000,first,1,2578,28,-4,second,2,2600,73,2,zero,0,2585,39,4
1587089413330879489,first,1,2614,19,10,second,2,2689,22,3,zero,0,2676,45,3
1587089413394859469,first,1,2665,43,10,second,2,2700,9,5,zero,0,2726,47,3
1587089413522817407,first,1,2819,78,4,second,2,2784,50,7,zero,0,2832,52,3
1587089413650848688,first,1,2970,73,9,second,2,2938,79,4,zero,0,2941,53,1
1587089413714834318,first,1,2992,33,2,second,2,3010,73,-35,zero,0,2991,51,2
1587089413842844659,first,1,3032,22,7,second,2,3051,12,6,zero,0,3091,49,2
1587089413907075767,first,1,3086,45,10,second,2,3083,30,8,zero,0,3143,50,2
1587089414034873284,first,1,3235,75,2,second,2,3214,73,6,zero,0,3248,52,3
1587089414098788474,first,1,3314,79,1,second,2,3301,84,2,zero,0,3302,52,2
1587089414226848708,first,1,3400,31,-7,second,2,3404,29,2,zero,0,3401,48,2
1587089414354821823,first,1,3437,19,9,second,2,3451,29,6,zero,0,3497,45,1
1587089414418821381,first,1,3484,40,9,second,2,3503,50,8,zero,0,3544,45,1
1587089414546863329,first,1,3624,70,2,second,2,3642,70,1,zero,0,3634,43,1
1587089414610982988,first,1,3687,68,8,second,2,3701,58,17,zero,0,3675,40,1
1587089414738784457,first,1,3716,9,3,second,2,3729,8,2,zero,0,3752,36,1
1587089414802831412,first,1,3740,17,7,second,2,3752,20,6,zero,0,3791,37,1
1587089414930745410,first,1,3838,50,2,second,2,3846,51,2,zero,0,3863,35,1
1587089414994814925,first,1,3888,54,14,second,2,3893,47,-24,zero,0,3889,26,1
1587089415122766767,first,1,3908,4,3,second,2,3913,4,1,zero,0,3897,3,4
1587089415250701098,first,1,3963,29,3,second,2,3966,32,2,zero,0,3946,28,3
1587089415314712004,first,1,4005,40,1,second,2,4008,42,1,zero,0,3983,34,1
1587089415442695133,first,1,4048,14,0,second,2,4052,9,-1,zero,0,4013,3,0
1587089415506790926,first,1,4047,0,0,second,2,4052,0,0,zero,0,4016,0,2
1587089415634698428,first,1,4067,10,1,second,2,4057,2,1,zero,0,4052,20,1
1587089415698856441,first,1,4084,17,1,second,2,4072,12,1,zero,0,4072,19,1
1587089415826804421,first,1,4085,0,0,second,2,4082,0,0,zero,0,4074,0,0
1587089415954891106,first,1,4085,0,0,second,2,4082,0,0,zero,0,4077,0,0
1587089416018838186,first,1,4085,0,0,second,2,4082,0,0,zero,0,4078,0,0
1587089416146769503,first,1,4085,0,0,second,2,4082,0,0,zero,0,4081,0,0
1587089416210726684,first,1,4085,0,0,second,2,4081,0,0,zero,0,4082,0,0
1587089416338853870,first,1,4085,0,0,second,2,4084,0,0,zero,0,4085,0,0
1587089416402625750,first,1,4085,0,0,second,2,4086,0,0,zero,0,4086,0,0
1587089416530595985,first,1,4085,0,0,second,2,4088,0,0,zero,0,4088,0,0
1587089416594736159,first,1,4085,0,0,second,2,4088,0,0,zero,0,4089,0,0
1587089416722630081,first,1,4086,0,0,second,2,4088,0,-1,zero,0,4089,0,-1
1587089416850748381,first,1,4084,0,-3,second,2,4088,0,-3,zero,0,4079,-3,-2
1587089416914737580,first,1,4074,-5,-4,second,2,4086,0,-5,zero,0,4066,-10,-4
1587089417042595921,first,1,4039,-16,-2,second,2,4057,-15,-2,zero,0,4034,-14,-2
1587089417106592499,first,1,4020,-16,-2,second,2,4037,-19,-3,zero,0,4018,-14,-1
1587089417234630591,first,1,3978,-19,-3,second,2,3987,-25,-5,zero,0,3983,-17,-3
1587089417298675240,first,1,3955,-20,-4,second,2,3957,-27,-5,zero,0,3959,-21,-7
1587089417426802605,first,1,3906,-23,-6,second,2,3894,-29,-5,zero,0,3899,-29,-5
1587089417554679013,first,1,3840,-32,-6,second,2,3831,-30,-6,zero,0,3829,-34,-5
1587089417618612722,first,1,3800,-36,-6,second,2,3797,-31,-4,zero,0,3791,-36,-6
1587089417746656925,first,1,3721,-38,-5,second,2,3724,-35,-6,zero,0,3711,-38,-3
1587089417810622887,first,1,3680,-39,-6,second,2,3684,-38,-5,zero,0,3669,-40,-6
1587089417938687904,first,1,3595,-40,-6,second,2,3595,-43,-5,zero,0,3580,-42,-7
1587089418002721378,first,1,3553,-40,-7,second,2,3548,-45,-6,zero,0,3536,-42,-4
1587089418130532744,first,1,3464,-43,-7,second,2,3447,-49,-7,zero,0,3440,-47,-8
1587089418194590643,first,1,3417,-44,-8,second,2,3394,-51,-7,zero,0,3387,-49,-3
1587089418322573907,first,1,3318,-48,-8,second,2,3288,-52,-4,zero,0,3285,-50,-8
1587089418450491119,first,1,3216,-50,-8,second,2,3184,-51,-5,zero,0,3184,-50,-6
1587089418514490071,first,1,3164,-50,-9,second,2,3134,-50,-5,zero,0,3132,-50,-7
1587089418642491481,first,1,3061,-50,-7,second,2,3030,-50,-8,zero,0,3028,-51,-7
1587089418706775868,first,1,3011,-49,-9,second,2,2976,-51,-7,zero,0,2977,-51,-5
1587089418834578559,first,1,2908,-50,-6,second,2,2871,-51,-4,zero,0,2873,-51,-5
1587089418898566647,first,1,2857,-50,-8,second,2,2820,-50,-6,zero,0,2821,-51,-6
1587089419026579706,first,1,2760,-48,-7,second,2,2725,-45,-5,zero,0,2724,-47,-5
1587089419154463015,first,1,2663,-47,-8,second,2,2633,-45,-5,zero,0,2630,-46,-5
1587089419218569833,first,1,2617,-47,-7,second,2,2587,-45,-4,zero,0,2583,-46,-5
1587089419346600875,first,1,2524,-45,-7,second,2,2500,-41,-5,zero,0,2494,-44,-3
1587089419410552016,first,1,2480,-44,-7,second,2,2459,-39,-6,zero,0,2450,-42,-4
1587089419538488822,first,1,2393,-42,-6,second,2,2381,-37,-4,zero,0,2368,-40,-2
1587089419602644451,first,1,2351,-41,-6,second,2,2344,-36,-4,zero,0,2330,-38,-4
1587089419730348978,first,1,2269,-40,-4,second,2,2269,-36,-5,zero,0,2255,-36,-4
1587089419794441037,first,1,2231,-38,-4,second,2,2232,-36,-6,zero,0,2221,-34,-4
1587089419921848961,first,1,2155,-37,-4,second,2,2160,-35,-4,zero,0,2152,-33,-5
1587089420050694779,first,1,2083,-35,-3,second,2,2089,-34,-5,zero,0,2080,-34,-2
1587089420114376142,first,1,2060,-29,2,second,2,2066,-23,0,zero,0,2056,-25,0
1587089420242572407,first,1,2047,-6,-8,second,2,2054,-8,-8,zero,0,2038,-12,-7
1587089420306479165,first,1,2024,-18,-9,second,2,2029,-22,-10,zero,0,2013,-24,-7
1587089420434336410,first,1,1952,-36,-8,second,2,1950,-41,-6,zero,0,1934,-39,-5
1587089420498302912,first,1,1909,-40,-7,second,2,1903,-45,-6,zero,0,1890,-41,-6
1587089420626395802,first,1,1822,-41,-4,second,2,1807,-47,-6,zero,0,1802,-42,-4
1587089420754312138,first,1,1740,-40,-6,second,2,1717,-44,-3,zero,0,1715,-42,-4
1587089420818286199,first,1,1699,-40,-6,second,2,1675,-42,-4,zero,0,1674,-40,-4
1587089420946377524,first,1,1614,-40,-7,second,2,1595,-39,-5,zero,0,1595,-38,-5
1587089421010462573,first,1,1572,-40,-8,second,2,1553,-39,-7,zero,0,1554,-38,-4
1587089421138482870,first,1,1484,-43,-8,second,2,1463,-45,-7,zero,0,1462,-45,-5
1587089421202503436,first,1,1438,-44,-9,second,2,1416,-46,-7,zero,0,1413,-48,-5
1587089421330304592,first,1,1338,-48,-9,second,2,1315,-49,-5,zero,0,1307,-51,-4
1587089421394311300,first,1,1290,-48,-8,second,2,1263,-49,-7,zero,0,1254,-51,-7
1587089421522320190,first,1,1190,-48,-8,second,2,1161,-51,-6,zero,0,1145,-53,-6
1587089421650295063,first,1,1087,-50,-8,second,2,1055,-52,-5,zero,0,1046,-49,-4
1587089421714310646,first,1,1036,-50,-8,second,2,1001,-52,-5,zero,0,995,-48,-7
1587089421842285416,first,1,931,-51,-7,second,2,897,-51,-6,zero,0,892,-50,-7
1587089421906336894,first,1,878,-51,-6,second,2,846,-50,-6,zero,0,842,-50,-5
1587089422034252075,first,1,777,-50,-7,second,2,746,-48,-6,zero,0,739,-50,-6
1587089422098464015,first,1,727,-49,-7,second,2,697,-48,-5,zero,0,688,-50,-4
1587089422226387472,first,1,630,-48,-7,second,2,602,-47,-4,zero,0,592,-47,-2
1587089422354277272,first,1,540,-44,-7,second,2,513,-42,-5,zero,0,504,-42,-5
1587089422418268526,first,1,496,-43,-6,second,2,473,-40,-3,zero,0,461,-42,-4
1587089422546389736,first,1,407,-43,-6,second,2,395,-38,-5,zero,0,378,-40,-4
1587089422610213227,first,1,366,-41,-4,second,2,358,-36,-4,zero,0,341,-37,-4
1587089422738494124,first,1,287,-38,-4,second,2,288,-34,-4,zero,0,269,-34,-2
1587089422802464852,first,1,250,-37,-3,second,2,253,-33,-2,zero,0,238,-31,-2
1587089422930478040,first,1,182,-32,-2,second,2,194,-27,-3,zero,0,176,-30,-1
1587089422994208618,first,1,154,-28,-2,second,2,168,-25,-3,zero,0,146,-29,-2
1587089423122230834,first,1,112,-19,-2,second,2,116,-25,-2,zero,0,96,-22,-1
1587089423250249906,first,1,82,-13,-1,second,2,72,-19,-1,zero,0,86,0,-2
1587089423314245451,first,1,69,-12,-1,second,2,59,-12,-1,zero,0,75,-8,-2
1587089423442192887,first,1,43,-12,-1,second,2,43,-6,-1,zero,0,50,-11,-3
1587089423506123117,first,1,33,-10,-1,second,2,35,-6,-2,zero,0,39,-10,-1
1587089423634192076,first,1,19,-6,0,second,2,19,-6,-1,zero,0,27,-3,-1
1587089423698337838,first,1,19,0,0,second,2,16,-3,0,zero,0,23,-3,-1
1587089423826324411,first,1,19,0,0,second,2,16,0,0,zero,0,18,-2,-1
1587089423954283109,first,1,19,0,-1,second,2,16,0,1,zero,0,17,0,0
1587089424018260398,first,1,19,0,-1,second,2,16,0,0,zero,0,17,0,-1
1587089424146200099,first,1,19,0,-1,second,2,16,0,-1,zero,0,16,0,-1
1587089424210207806,first,1,19,0,-1,second,2,16,0,0,zero,0,16,0,0
1587089424338199512,first,1,19,0,0,second,2,16,0,0,zero,0,16,0,0
1587089424402157688,first,1,19,0,0,second,2,16,0,0,zero,0,16,0,0
1587089424530197307,first,1,20,0,0,second,2,16,0,0,zero,0,17,0,0
1587089424594136554,first,1,22,0,0,second,2,21,2,1,zero,0,19,0,0
1587089424722100446,first,1,43,11,2,second,2,58,19,-9,zero,0,35,10,3
1587089424850304983,first,1,95,26,2,second,2,66,1,3,zero,0,82,24,1
1587089424914213714,first,1,99,9,0,second,2,84,16,4,zero,0,110,26,1
1587089425042200184,first,1,124,14,6,second,2,159,38,1,zero,0,166,26,1
1587089425106124243,first,1,161,31,4,second,2,190,31,8,zero,0,193,26,1
1587089425234089772,first,1,255,46,1,second,2,204,4,3,zero,0,248,26,1
1587089425298286048,first,1,293,42,-7,second,2,230,23,6,zero,0,276,26,1
1587089425426154773,first,1,309,3,6,second,2,334,56,4,zero,0,342,32,3
1587089425554151975,first,1,383,39,7,second,2,451,52,11,zero,0,422,39,2
1587089425618049794,first,1,444,55,3,second,2,467,16,-4,zero,0,465,41,3
1587089425746083543,first,1,573,64,8,second,2,503,25,9,zero,0,561,46,2
1587089425810239836,first,1,591,27,1,second,2,555,50,7,zero,0,609,47,2
1587089425937999713,first,1,636,25,9,second,2,709,79,3,zero,0,708,47,3
1587089426002069738,first,1,693,48,7,second,2,780,70,-33,zero,0,758,49,2
1587089426130041559,first,1,849,78,3,second,2,819,12,6,zero,0,863,51,1
1587089426194064438,first,1,920,78,8,second,2,853,32,8,zero,0,915,51,1
1587089426322066548,first,1,954,10,6,second,2,986,72,6,zero,0,1016,49,2
1587089426450047413,first,1,1041,48,9,second,2,1141,72,-30,zero,0,1120,51,2
1587089426514248174,first,1,1117,69,8,second,2,1167,27,3,zero,0,1172,51,1
1587089426642083956,first,1,1278,81,9,second,2,1214,30,10,zero,0,1275,49,3
1587089426706015539,first,1,1304,38,2,second,2,1270,54,7,zero,0,1324,48,3
1587089426834139797,first,1,1350,25,8,second,2,1424,79,2,zero,0,1420,46,2
1587089426898203867,first,1,1406,49,6,second,2,1493,69,-24,zero,0,1466,46,1
1587089427026177774,first,1,1555,75,2,second,2,1531,12,3,zero,0,1557,44,1
1587089427154024673,first,1,1642,31,-4,second,2,1610,46,5,zero,0,1648,44,1
1587089427218019053,first,1,1651,9,5,second,2,1672,60,3,zero,0,1691,43,1
1587089427346019124,first,1,1723,38,5,second,2,1796,55,15,zero,0,1774,39,1
1587089427410087531,first,1,1784,55,4,second,2,1815,19,-4,zero,0,1811,37,1
1587089427537983524,first,1,1900,57,-23,second,2,1845,19,5,zero,0,1881,34,1
1587089427601938707,first,1,1917,23,3,second,2,1885,38,4,zero,0,1915,33,2
1587089427729963797,first,1,1942,13,6,second,2,1997,56,1,zero,0,1986,35,1
1587089427793925016,first,1,1980,31,6,second,2,2042,46,7,zero,0,2023,36,1
1587089427922159903,first,1,2078,50,5,second,2,2058,0,-1,zero,0,2081,24,-5
1587089428049966938,first,1,2097,4,3,second,2,2084,19,6,zero,0,2089,2,5
1587089428113951786,first,1,2117,12,5,second,2,2125,37,5,zero,0,2108,17,6
1587089428242079277,first,1,2204,45,4,second,2,2237,56,1,zero,0,2189,44,5
1587089428306093948,first,1,2262,54,1,second,2,2283,45,13,zero,0,2240,49,3
1587089428434020508,first,1,2326,21,0,second,2,2303,4,4,zero,0,2346,50,1
1587089428497967377,first,1,2331,4,5,second,2,2328,22,9,zero,0,2381,35,-13
1587089428625968516,first,1,2402,39,7,second,2,2438,60,5,zero,0,2415,19,6
1587089428753936727,first,1,2543,70,2,second,2,2573,63,-8,zero,0,2500,46,5
1587089428817977901,first,1,2606,69,-9,second,2,2594,21,-4,zero,0,2559,56,3
1587089428945963885,first,1,2636,9,5,second,2,2636,26,8,zero,0,2680,59,3
1587089429009972263,first,1,2663,20,9,second,2,2687,49,7,zero,0,2740,59,2
1587089429137786146,first,1,2789,65,7,second,2,2839,77,1,zero,0,2849,52,1
1587089429202097089,first,1,2873,79,2,second,2,2907,69,-29,zero,0,2898,48,1
1587089429330104444,first,1,2970,36,2,second,2,2946,11,5,zero,0,2989,46,4
1587089429394088827,first,1,2984,13,8,second,2,2980,31,9,zero,0,3037,46,3
1587089429521851128,first,1,3076,49,9,second,2,3118,75,6,zero,0,3137,49,2
1587089429649806441,first,1,3240,83,4,second,2,3280,75,9,zero,0,3241,51,3
1587089429713836917,first,1,3313,80,21,second,2,3309,28,3,zero,0,3295,51,1
1587089429841810817,first,1,3353,13,4,second,2,3356,28,7,zero,0,3401,51,1
1587089429906111026,first,1,3386,25,10,second,2,3409,52,5,zero,0,3452,49,2
1587089430033859243,first,1,3510,64,4,second,2,3552,72,1,zero,0,3548,46,1
1587089430098006140,first,1,3587,73,2,second,2,3612,61,-8,zero,0,3592,43,1
1587089430226058793,first,1,3670,30,2,second,2,3643,9,4,zero,0,3671,37,1
1587089430353809434,first,1,3701,16,7,second,2,3715,43,4,zero,0,3750,37,1
1587089430417775570,first,1,3741,34,4,second,2,3775,57,1,zero,0,3789,38,1
1587089430545837123,first,1,3857,58,1,second,2,3844,17,3,zero,0,3863,36,1
1587089430609810804,first,1,3907,55,11,second,2,3850,5,2,zero,0,3890,27,3
1587089430737920558,first,1,3928,5,1,second,2,3910,37,5,zero,0,3898,2,6
1587089430801859688,first,1,3944,10,4,second,2,3960,47,2,zero,0,3917,16,6
1587089430929870575,first,1,4004,31,-13,second,2,4019,15,1,zero,0,3985,34,1
1587089430993852999,first,1,4010,11,0,second,2,4020,1,0,zero,0,4012,27,1
1587089431121855504,first,1,4028,9,4,second,2,4039,13,2,zero,0,4018,0,2
1587089431249957054,first,1,4082,27,3,second,2,4083,19,-4,zero,0,4054,20,1
1587089431313673433,first,1,4087,9,-1,second,2,4086,3,0,zero,0,4074,18,3
1587089431441954483,first,1,4087,0,0,second,2,4086,0,0,zero,0,4075,0,0
1587089431505863055,first,1,4087,0,0,second,2,4086,0,0,zero,0,4076,0,0
1587089431633697063,first,1,4087,0,0,second,2,4086,0,0,zero,0,4079,0,0
1587089431697803890,first,1,4087,0,0,second,2,4086,0,0,zero,0,4081,0,0
1587089431825788802,first,1,4087,0,0,second,2,4086,0,0,zero,0,4083,0,0
1587089431953767083,first,1,4087,0,0,second,2,4086,0,0,zero,0,4086,0,0
1587089432017840582,first,1,4087,0,0,second,2,4086,0,0,zero,0,4086,0,0
1587089432145720591,first,1,4087,0,0,second,2,4086,0,0,zero,0,4089,0,0
1587089432209801061,first,1,4087,0,0,second,2,4086,0,0,zero,0,4090,0,0
1587089432337738425,first,1,4087,0,0,second,2,4086,0,-1,zero,0,4089,0,-4
1587089432401747981,first,1,4087,0,-2,second,2,4086,0,-1,zero,0,4085,-2,-1
1587089432529788747,first,1,4076,-5,-3,second,2,4085,0,-3,zero,0,4065,-10,-1
1587089432593716254,first,1,4059,-13,-2,second,2,4075,-7,-4,zero,0,4050,-13,-4
1587089432721607914,first,1,4021,-17,-4,second,2,4040,-17,-5,zero,0,4017,-14,-2
1587089432849750678,first,1,3978,-20,-2,second,2,3992,-24,-6,zero,0,3981,-17,-2
1587089432913633160,first,1,3954,-21,-5,second,2,3962,-28,-5,zero,0,3958,-21,-3
1587089433041716360,first,1,3903,-24,-6,second,2,3899,-30,-4,zero,0,3896,-30,-3
1587089433105692294,first,1,3872,-27,-6,second,2,3867,-30,-6,zero,0,3863,-31,-5
1587089433233921414,first,1,3800,-34,-6,second,2,3797,-33,-6,zero,0,3793,-33,-7
1587089433297785360,first,1,3760,-37,-5,second,2,3762,-34,-6,zero,0,3755,-36,-6
1587089433425673339,first,1,3680,-39,-6,second,2,3682,-39,-6,zero,0,3670,-40,-5
1587089433553610297,first,1,3595,-40,-7,second,2,3593,-44,-6,zero,0,3582,-42,-6
1587089433617756232,first,1,3553,-40,-7,second,2,3545,-46,-6,zero,0,3538,-42,-5
1587089433745575463,first,1,3465,-43,-8,second,2,3444,-50,-8,zero,0,3440,-47,-4
1587089433809641458,first,1,3418,-44,-8,second,2,3391,-51,-6,zero,0,3388,-48,-6
1587089433937838851,first,1,3318,-49,-9,second,2,3284,-52,-5,zero,0,3287,-49,-5
1587089434001728438,first,1,3268,-49,-8,second,2,3233,-51,-5,zero,0,3237,-49,-5
1587089434129570610,first,1,3163,-51,-8,second,2,3132,-50,-5,zero,0,3133,-51,-5
1587089434193585187,first,1,3112,-51,-9,second,2,3082,-49,-4,zero,0,3080,-52,-4
1587089434321557927,first,1,3009,-50,-9,second,2,2979,-49,-7,zero,0,2977,-51,-6
1587089434449560197,first,1,2907,-50,-7,second,2,2873,-51,-5,zero,0,2873,-51,-6
1587089434513530112,first,1,2856,-50,-9,second,2,2823,-50,-5,zero,0,2821,-51,-5
1587089434641588104,first,1,2760,-47,-7,second,2,2725,-47,-4,zero,0,2724,-47,-6
1587089434705520085,first,1,2711,-47,-7,second,2,2677,-47,-4,zero,0,2676,-46,-6
1587089434833775443,first,1,2617,-47,-8,second,2,2584,-44,-3,zero,0,2581,-46,-6
1587089434897612466,first,1,2571,-46,-7,second,2,2541,-42,-3,zero,0,2535,-46,-3
1587089435025563697,first,1,2479,-44,-7,second,2,2459,-39,-5,zero,0,2446,-42,-4
1587089435153567150,first,1,2393,-41,-5,second,2,2381,-37,-6,zero,0,2361,-41,-3
1587089435217462350,first,1,2352,-40,-6,second,2,2342,-37,-5,zero,0,2322,-38,-4
1587089435345554761,first,1,2269,-40,-5,second,2,2267,-37,-5,zero,0,2247,-36,-3
1587089435409450487,first,1,2230,-40,-4,second,2,2230,-36,-5,zero,0,2213,-34,-3
1587089435537433757,first,1,2153,-37,-3,second,2,2157,-35,-4,zero,0,2146,-33,-2
1587089435601463146,first,1,2117,-36,-3,second,2,2122,-35,-5,zero,0,2111,-33,-3
1587089435729581049,first,1,2057,-29,-3,second,2,2063,-23,0,zero,0,2054,-24,-3
1587089435793398871,first,1,2055,-4,-5,second,2,2061,-1,-5,zero,0,2051,-2,-2
1587089435921416400,first,1,2019,-19,-9,second,2,2029,-19,-8,zero,0,2011,-24,-6
1587089436049567624,first,1,1949,-34,-9,second,2,1955,-38,-7,zero,0,1932,-39,-5
1587089436113580106,first,1,1907,-39,-7,second,2,1910,-43,-5,zero,0,1890,-40,-6
1587089436241568720,first,1,1821,-40,-5,second,2,1815,-47,-6,zero,0,1799,-44,-5
1587089436304950148,first,1,1780,-40,-5,second,2,1768,-47,-6,zero,0,1755,-44,-4
1587089436433684577,first,1,1696,-40,-6,second,2,1677,-43,-5,zero,0,1672,-40,-4
1587089436497500390,first,1,1655,-40,-7,second,2,1635,-42,-5,zero,0,1633,-38,-4
1587089436625591529,first,1,1569,-41,-5,second,2,1553,-40,-4,zero,0,1553,-38,-6
1587089436753490746,first,1,1480,-43,-7,second,2,1465,-43,-6,zero,0,1461,-45,-7
1587089436817666008,first,1,1433,-44,-7,second,2,1419,-45,-6,zero,0,1413,-47,-3
1587089436945403259,first,1,1339,-46,-9,second,2,1318,-50,-8,zero,0,1309,-50,-6
1587089437009409159,first,1,1292,-46,-8,second,2,1265,-51,-6,zero,0,1257,-50,-5
1587089437137514764,first,1,1189,-50,-8,second,2,1159,-52,-6,zero,0,1150,-52,-3
1587089437201324480,first,1,1137,-50,-8,second,2,1107,-51,-7,zero,0,1097,-52,-4
1587089437329322693,first,1,1035,-50,-7,second,2,1004,-51,-7,zero,0,995,-50,-5
1587089437393575156,first,1,982,-51,-8,second,2,951,-51,-6,zero,0,942,-50,-5
1587089437521394849,first,1,878,-51,-7,second,2,847,-51,-6,zero,0,843,-49,-5
1587089437649658733,first,1,778,-49,-7,second,2,745,-49,-6,zero,0,742,-49,-6
1587089437713523743,first,1,728,-49,-9,second,2,695,-49,-4,zero,0,691,-49,-4
1587089437841430729,first,1,632,-47,-6,second,2,603,-44,-5,zero,0,595,-47,-5
1587089437905495111,first,1,585,-45,-7,second,2,558,-44,-5,zero,0,549,-45,-7
1587089438033549196,first,1,495,-44,-6,second,2,470,-42,-4,zero,0,461,-42,-2
1587089438097460502,first,1,450,-43,-5,second,2,429,-41,-3,zero,0,421,-40,-4
1587089438225496372,first,1,366,-41,-5,second,2,349,-37,-2,zero,0,346,-36,-5
1587089438353500258,first,1,286,-39,-5,second,2,282,-32,-3,zero,0,275,-34,-4
1587089438417507196,first,1,248,-37,-3,second,2,250,-30,-3,zero,0,241,-33,-2
1587089438545406649,first,1,180,-32,-1,second,2,192,-28,-4,zero,0,178,-31,-2
1587089438609599616,first,1,152,-28,-2,second,2,164,-27,-2,zero,0,147,-30,-2
1587089438737340843,first,1,111,-19,-2,second,2,112,-25,-1,zero,0,96,-23,-1
1587089438801318640,first,1,95,-16,-1,second,2,90,-22,-1,zero,0,88,-8,0
1587089438929592908,first,1,67,-13,-2,second,2,61,-10,-1,zero,0,79,-5,-4
1587089438993412258,first,1,53,-13,-2,second,2,54,-8,-1,zero,0,65,-11,-2
1587089439121338224,first,1,30,-10,-1,second,2,36,-8,-2,zero,0,42,-10,-1
1587089439249452094,first,1,25,0,0,second,2,23,-3,0,zero,0,34,-2,-5
1587089439313602948,first,1,25,0,0,second,2,23,0,0,zero,0,31,-2,-1
1587089439441416620,first,1,25,0,0,second,2,23,0,-1,zero,0,28,-1,-1
1587089439505392265,first,1,24,0,0,second,2,23,0,-1,zero,0,26,-1,-1
1587089439633412270,first,1,24,0,0,second,2,23,0,0,zero,0,22,-1,-1
1587089439697367225,first,1,24,0,0,second,2,23,0,-1,zero,0,20,-1,-1
1587089439825353947,first,1,24,0,0,second,2,23,0,1,zero,0,16,-1,0
1587089439952726161,first,1,24,0,0,second,2,23,0,0,zero,0,14,0,0
1587089440017393755,first,1,25,0,0,second,2,23,0,0,zero,0,14,0,0
1587089440145383049,first,1,30,1,1,second,2,29,2,1,zero,0,19,1,2
1587089440209243172,first,1,44,9,1,second,2,46,14,1,zero,0,32,10,1
1587089440337447273,first,1,94,24,1,second,2,98,23,1,zero,0,80,25,2
1587089440401335250,first,1,121,25,1,second,2,123,24,1,zero,0,112,29,1
1587089440529233077,first,1,177,26,2,second,2,176,26,1,zero,0,179,32,1
1587089440593189130,first,1,212,31,2,second,2,214,34,3,zero,0,213,32,2
1587089440721198556,first,1,297,41,1,second,2,312,49,1,zero,0,287,35,4
1587089440849504174,first,1,393,46,2,second,2,368,16,1,zero,0,371,41,2
1587089440913258032,first,1,444,49,1,second,2,396,24,7,zero,0,419,45,2
1587089441041242639,first,1,550,51,1,second,2,508,62,7,zero,0,524,52,3
1587089441105360787,first,1,606,53,3,second,2,587,76,4,zero,0,584,57,2
1587089441233368443,first,1,727,59,3,second,2,748,74,-32,zero,0,709,62,3
1587089441297344882,first,1,790,61,1,second,2,776,27,8,zero,0,775,64,2
1587089441425189234,first,1,918,62,1,second,2,830,35,10,zero,0,908,65,2
1587089441553112483,first,1,1045,62,1,second,2,986,86,6,zero,0,1041,66,2
1587089441617090707,first,1,1110,62,3,second,2,1085,99,4,zero,0,1108,65,4
1587089441745202377,first,1,1243,65,1,second,2,1274,87,14,zero,0,1234,61,1
1587089441809203789,first,1,1306,63,1,second,2,1309,35,2,zero,0,1293,58,1
1587089441937061171,first,1,1425,59,2,second,2,1361,32,9,zero,0,1412,58,2
1587089442001219656,first,1,1485,59,1,second,2,1419,55,9,zero,0,1470,58,2
1587089442129043878,first,1,1598,56,1,second,2,1581,85,2,zero,0,1581,54,2
1587089442193229264,first,1,1653,54,1,second,2,1655,75,-33,zero,0,1635,52,1
1587089442321145150,first,1,1709,19,1,second,2,1697,13,2,zero,0,1732,46,1
1587089442449246827,first,1,1774,34,4,second,2,1778,47,5,zero,0,1815,40,1
1587089442513154765,first,1,1826,47,3,second,2,1838,59,2,zero,0,1854,38,1
1587089442641054918,first,1,1926,48,7,second,2,1908,17,-2,zero,0,1888,4,0
1587089442705060399,first,1,1939,19,0,second,2,1913,5,2,zero,0,1893,2,4
1587089442833035499,first,1,1956,9,3,second,2,1965,30,3,zero,0,1944,29,3
1587089442896976320,first,1,1983,22,2,second,2,1996,31,4,zero,0,1981,35,2
1587089443025063266,first,1,2012,8,0,second,2,2005,0,0,zero,0,2014,3,-1
1587089443153212983,first,1,2018,1,1,second,2,2028,15,2,zero,0,2017,1,2
1587089443217234174,first,1,2031,9,1,second,2,2048,20,-10,zero,0,2027,7,1
1587089443345111168,first,1,2040,1,0,second,2,2052,0,0,zero,0,2032,0,0
1587089443409327228,first,1,2040,0,0,second,2,2052,0,0,zero,0,2033,0,0
1587089443537065424,first,1,2040,0,0,second,2,2051,0,0,zero,0,2035,0,0
1587089443601034175,first,1,2040,0,0,second,2,2051,0,0,zero,0,2037,0,0
1587089443728977499,first,1,2040,0,0,second,2,2052,0,0,zero,0,2039,0,0
1587089443792986242,first,1,2040,0,0,second,2,2052,0,0,zero,0,2041,0,0
1587089443920975167,first,1,2040,0,0,second,2,2051,0,0,zero,0,2044,0,0
1587089444049188392,first,1,2040,0,0,second,2,2051,0,0,zero,0,2046,0,0
1587089444112998416,first,1,2040,0,0,second,2,2051,0,0,zero,0,2047,0,0
1587089444240969594,first,1,2040,0,0,second,2,2051,0,0,zero,0,2049,0,0
1587089444305077750,first,1,2040,0,0,second,2,2051,0,0,zero,0,2051,0,0
1587089444432974718,first,1,2040,0,0,second,2,2052,0,0,zero,0,2053,0,0
1587089444496915444,first,1,2040,0,0,second,2,2051,0,0,zero,0,2054,0,0
1587089444625040136,first,1,2040,0,0,second,2,2051,0,0,zero,0,2056,0,0
1587089444753170085,first,1,2040,0,0,second,2,2052,0,0,zero,0,2058,0,0
1587089444817018869,first,1,2040,0,0,second,2,2052,0,0,zero,0,2059,0,0
1587089444945052847,first,1,2040,0,0,second,2,2052,0,0,zero,0,2062,0,0
1587089445009035206,first,1,2040,0,0,second,2,2052,0,0,zero,0,2063,0,-1
1587089445136880860,first,1,2040,0,0,second,2,2052,0,0,zero,0,2062,0,0
1587089445201049457,first,1,2040,0,0,second,2,2052,0,0,zero,0,2062,0,0
1587089445329002173,first,1,2040,0,0,second,2,2051,0,0,zero,0,2062,0,0
1587089445392889449,first,1,2040,0,0,second,2,2052,0,0,zero,0,2062,0,0
1587089445520904780,first,1,2040,0,0,second,2,2052,0,0,zero,0,2062,0,0
1587089445648997077,first,1,2040,0,0,second,2,2052,0,0,zero,0,2062,0,0
1587089445712831801,first,1,2040,0,0,second,2,2052,0,0,zero,0,2062,0,0
1587089445840963289,first,1,2040,0,0,second,2,2052,0,0,zero,0,2062,0,0
1587089445904424246,first,1,2040,0,0,second,2,2052,0,0,zero,0,2062,0,0
1587089446032899950,first,1,2040,0,0,second,2,2051,0,0,zero,0,2062,0,0
1587089446096942824,first,1,2040,0,0,second,2,2052,0,0,zero,0,2062,0,0
1587089446225008227,first,1,2040,0,0,second,2,2052,0,0,zero,0,2062,0,0
1587089446352924619,first,1,2040,0,0,second,2,2052,0,0,zero,0,2062,0,0
1587089446416873687,first,1,2040,0,0,second,2,2052,0,0,zero,0,2062,0,0
1587089446544864166,first,1,2040,0,0,second,2,2052,0,0,zero,0,2062,0,0
1587089446608898262,first,1,2040,0,0,second,2,2052,0,0,zero,0,2062,0,0
1587089446736896761,first,1,2040,0,0,second,2,2052,0,0,zero,0,2062,0,0
1587089446800744851,first,1,2040,0,0,second,2,2051,0,0,zero,0,2062,0,0
1587089446928833609,first,1,2040,0,0,second,2,2052,0,0,zero,0,2062,0,0
1587089446992931724,first,1,2040,0,0,second,2,2051,0,0,zero,0,2062,0,0
