1586142043233597020,1,2,0,0,0,0
1586142043361772870,1,2,0,0,0,0
1586142043489962287,1,2,0,0,0,0
1586142043553857393,1,2,0,0,0,0
1586142043682051454,1,2,0,0,0,0
1586142043746255971,1,2,0,0,0,0
1586142043873622735,1,2,0,0,0,0
1586142043937670022,1,2,0,0,0,0
1586142044065757645,1,2,0,0,0,0
1586142044130227441,1,2,0,0,0,0
1586142044258296548,1,2,0,0,0,0
1586142044386381803,1,2,0,0,0,0
1586142044450459010,1,2,0,0,0,0
1586142044578576549,1,2,0,0,0,0
1586142044642466103,1,2,0,0,0,0
1586142044770718864,1,2,0,0,0,0
1586142044834742636,1,2,0,0,0,0
1586142044962749457,1,2,0,0,0,0
1586142045090830608,1,2,0,0,0,0
1586142045154843510,1,2,0,0,0,0
1586142045283023950,1,2,0,0,0,0
1586142045347093328,1,2,0,0,0,0
1586142045475077844,1,2,0,0,0,0
1586142045538434207,1,2,0,0,0,0
1586142045667271317,1,2,0,0,0,0
1586142045731214432,1,2,0,0,0,0
1586142045859293358,1,2,0,0,0,0
1586142045987474614,1,2,0,0,0,0
1586142046051243651,1,2,0,0,0,0
1586142046179538581,1,2,0,0,0,0
1586142046243536222,1,2,0,0,0,0
1586142046371612335,1,2,0,0,0,0
1586142046435706410,1,2,0,0,0,0
1586142046563698692,1,2,0,0,0,0
1586142046691761009,1,2,0,0,0,0
1586142046755635136,1,2,0,0,0,0
1586142046883858556,1,2,0,0,0,0
1586142046947872611,1,2,0,0,0,0
1586142047075972937,1,2,0,0,0,0
1586142047139693502,1,2,0,0,0,0
1586142047267926258,1,2,0,0,0,0
1586142047331995454,1,2,0,0,0,0
1586142047460138298,1,2,0,0,0,0
1586142047587484882,1,2,0,0,0,0
1586142047651486358,1,2,0,0,0,0
1586142047779551070,1,2,0,0,0,0
1586142047843610430,1,2,0,0,0,0
1586142047971574422,1,2,0,0,0,0
1586142048035635257,1,2,0,0,0,0
1586142048163776263,1,2,0,0,0,0
1586142048291741980,1,2,0,0,0,0
1586142048355775900,1,2,0,0,0,0
1586142048483850701,1,2,0,0,0,0
1586142048547852622,1,2,0,0,0,0
1586142048676700524,1,2,0,0,0,0
1586142048740793014,1,2,0,0,0,0
1586142048868599406,1,2,0,0,0,0
1586142048932653338,1,2,0,0,0,0
1586142049060927597,1,2,0,0,0,0
1586142049188737867,1,2,0,0,0,0
1586142049252899169,1,2,0,0,0,0
1586142049381019889,1,2,0,0,0,0
1586142049445155225,1,2,0,0,0,0
1586142049572859427,1,2,0,0,0,0
1586142049669478156,0,1,2,29,34,74
1586142049733379655,0,1,2,32,36,76
1586142049861485784,0,1,2,83,87,126
1586142049989455660,0,1,2,238,242,278
1586142050053683284,0,1,2,359,362,395
1586142050181485555,0,1,2,670,673,700
1586142050245724001,0,1,2,851,853,877
1586142050373663706,0,1,2,1226,1228,1244
1586142050437642290,0,1,2,1407,1408,1421
1586142050565817166,0,1,2,1718,1719,1726
1586142050629767410,0,1,2,1839,1839,1843
1586142050757797343,0,1,2,1994,1994,1995
1586142050885852654,0,1,2,2045,2045,2045
1586142050949969504,0,1,2,2048,2048,2048
1586142051078074497,0,1,2,2048,2049,2049
1586142051142043184,0,1,2,2053,2056,2059
1586142051270172293,0,1,2,2085,2104,2123
1586142051334144352,0,1,2,2115,2149,2182
1586142051462057991,0,1,2,2201,2277,2354
1586142051590246289,0,1,2,2313,2445,2578
1586142051654202846,0,1,2,2373,2536,2699
1586142051782394112,0,1,2,2492,2715,2937
1586142051846385131,0,1,2,2546,2795,3045
1586142051974361122,0,1,2,2632,2924,3216
1586142052038403887,0,1,2,2662,2969,3276
1586142052166470162,0,1,2,2694,3017,3340
1586142052230612642,0,1,2,2699,3024,3350
1586142052358531494,0,1,2,2699,3025,3351
1586142052486593386,0,1,2,2702,3028,3354
1586142052550540168,0,1,2,2708,3034,3360
1586142052678811378,0,1,2,2733,3059,3385
1586142052742679587,0,1,2,2753,3079,3404
1586142052870799570,0,1,2,2803,3129,3455
1586142052934775362,0,1,2,2832,3158,3484
1586142053063048188,0,1,2,2893,3219,3545
1586142053190959890,0,1,2,2949,3275,3601
1586142053255091219,0,1,2,2972,3298,3624
1586142053383080925,0,1,2,3006,3332,3658
1586142053447031515,0,1,2,3017,3343,3669
1586142053575107833,0,1,2,3025,3351,3677
1586142053639218842,0,1,2,3025,3351,3677
1586142053767099116,0,1,2,3026,3352,3678
1586142053831088181,0,1,2,3028,3354,3680
1586142053959450943,0,1,2,3044,3370,3696
1586142054087403431,0,1,2,3079,3404,3730
1586142054151558892,0,1,2,3102,3428,3754
1586142054279433545,0,1,2,3158,3484,3810
1586142054343574404,0,1,2,3188,3514,3840
1586142054471482086,0,1,2,3248,3574,3900
1586142054535548637,0,1,2,3275,3601,3927
1586142054663541350,0,1,2,3318,3644,3969
1586142054791703600,0,1,2,3343,3669,3995
1586142054855711147,0,1,2,3349,3674,4000
1586142054983813819,0,1,2,3351,3677,4003
1586142055047504898,1,2,0,3351,3677,4003
1586142055175633540,1,2,0,3351,3677,4003
1586142055239832975,1,2,0,3351,3677,4003
1586142055367763410,1,2,0,3351,3677,4003
1586142055431798756,1,2,0,3351,3677,4003
1586142055559114396,1,2,0,3351,3677,4003
1586142055687788959,1,2,0,3351,3677,4003
1586142055751942883,1,2,0,3351,3677,4003
1586142055880026660,1,2,0,3351,3677,4003
1586142055944134845,1,2,0,3351,3677,4003
1586142056071908712,1,2,0,3351,3677,4003
1586142056135995710,1,2,0,3351,3677,4003
1586142056264172126,1,2,0,3351,3677,4003
1586142056392216911,1,2,0,3351,3677,4003
1586142056456310348,1,2,0,3351,3677,4003
1586142056584281548,1,2,0,3351,3677,4003
1586142056648341472,1,2,0,3351,3677,4003
1586142056776316033,1,2,0,3351,3677,4003
1586142056840383982,1,2,0,3351,3677,4003
1586142056968584274,1,2,0,3351,3677,4003
1586142057032292869,1,2,0,3351,3677,4003
1586142057160606429,1,2,0,3351,3677,4003
1586142057288663145,1,2,0,3351,3677,4003
1586142057352767396,1,2,0,3351,3677,4003
1586142057480760234,1,2,0,3351,3677,4003
1586142057544721256,1,2,0,3351,3677,4003
1586142057672799378,1,2,0,3351,3677,4003
1586142057736729919,1,2,0,3351,3677,4003
1586142057865083215,1,2,0,3351,3677,4003
1586142057993052303,1,2,0,3351,3677,4003
1586142058056902154,1,2,0,3351,3677,4003
1586142058185080426,1,2,0,3351,3677,4003
1586142058249062706,1,2,0,3351,3677,4003
1586142058377140434,1,2,0,3351,3677,4003
1586142058440920846,1,2,0,3351,3677,4003
1586142058569202706,1,2,0,3351,3677,4003
1586142058633797375,1,2,0,3351,3677,4003
1586142058761400491,1,2,0,3351,3677,4003
1586142058889233989,1,2,0,3351,3677,4003
1586142058953387197,1,2,0,3351,3677,4003
1586142059081598746,1,2,0,3351,3677,4003
1586142059145451175,1,2,0,3351,3677,4003
1586142059273883984,1,2,0,3351,3677,4003
1586142059337499552,1,2,0,3351,3677,4003
1586142059465544950,1,2,0,3351,3677,4003
1586142059529601215,1,2,0,3351,3677,4003
1586142059657762248,1,2,0,3351,3677,4003
1586142059785453392,1,2,0,3351,3677,4003
1586142059849469734,1,2,0,3351,3677,4003
1586142059977466039,1,2,0,3351,3677,4003
1586142060041180466,1,2,0,3351,3677,4003
1586142060170015963,1,2,0,3351,3677,4003
1586142060234000504,1,2,0,3351,3677,4003
1586142060362062069,1,2,0,3351,3677,4003
1586142060490023378,1,2,0,3351,3677,4003
1586142060555859419,1,2,0,3351,3677,4003
