1586435727525419674,first,1,2072,0,0,second,2,2076,0,0,zero,0,2075,0,0
1586435727652947227,first,1,2072,0,0,second,2,2076,0,0,zero,0,2075,0,0
1586435727716990578,first,1,2072,0,0,second,2,2076,0,0,zero,0,2074,0,0
1586435727845183117,first,1,2072,0,0,second,2,2076,0,0,zero,0,2074,0,0
1586435727973076349,first,1,2072,0,0,second,2,2076,0,0,zero,0,2075,0,0
1586435728037106534,first,1,2072,0,0,second,2,2076,0,0,zero,0,2074,0,0
1586435728165194162,first,1,2073,0,0,second,2,2076,0,0,zero,0,2074,0,0
1586435728228991833,first,1,2072,0,0,second,2,2076,0,0,zero,0,2074,0,0
1586435728357111053,first,1,2072,0,0,second,2,2076,0,0,zero,0,2075,0,0
1586435728421358567,first,1,2072,0,0,second,2,2076,0,0,zero,0,2074,0,0
1586435728549414926,first,1,2072,0,0,second,2,2076,0,0,zero,0,2075,0,0
1586435728677532800,first,1,2072,0,0,second,2,2076,0,0,zero,0,2074,0,0
1586435728741293224,first,1,2072,0,0,second,2,2077,0,0,zero,0,2074,0,0
1586435728869407140,first,1,2074,0,0,second,2,2076,0,0,zero,0,2074,0,0
1586435728933446559,first,1,2074,0,0,second,2,2076,0,0,zero,0,2074,0,0
1586435729061601516,first,1,2074,0,0,second,2,2076,0,0,zero,0,2074,0,0
1586435729125147919,first,1,2074,0,0,second,2,2076,0,0,zero,0,2074,0,0
1586435729253519904,first,1,2074,0,0,second,2,2077,0,0,zero,0,2075,0,0
1586435729317371155,first,1,2074,0,0,second,2,2076,0,0,zero,0,2074,0,0
1586435729445496935,first,1,2074,0,0,second,2,2076,0,0,zero,0,2074,0,0
1586435729573357042,first,1,2074,0,0,second,2,2076,0,0,zero,0,2074,0,0
1586435729637316041,first,1,2074,0,0,second,2,2076,0,0,zero,0,2075,0,0
1586435729765504273,first,1,2074,0,0,second,2,2076,0,0,zero,0,2075,0,0
1586435729829552515,first,1,2074,0,0,second,2,2076,0,0,zero,0,2074,0,0
1586435729957672045,first,1,2075,0,0,second,2,2076,0,0,zero,0,2074,0,0
1586435730022022879,first,1,2076,0,0,second,2,2076,0,0,zero,0,2074,0,0
1586435730149358782,first,1,2076,0,0,second,2,2076,0,0,zero,0,2074,0,0
1586435730276930924,first,1,2076,0,0,second,2,2076,0,0,zero,0,2074,0,0
1586435730340875138,first,1,2076,0,0,second,2,2076,0,0,zero,0,2074,0,0
1586435730468911011,first,1,2076,0,0,second,2,2076,0,0,zero,0,2074,0,0
1586435730532984589,first,1,2076,0,0,second,2,2076,0,0,zero,0,2074,0,0
1586435730660883132,first,1,2076,0,0,second,2,2077,0,0,zero,0,2074,0,0
1586435730724891479,first,1,2076,0,0,second,2,2076,0,0,zero,0,2075,0,0
1586435730852873035,first,1,2076,0,0,second,2,2076,0,0,zero,0,2074,0,0
1586435730916851598,first,1,2076,0,0,second,2,2076,0,0,zero,0,2074,0,0
1586435731044917827,first,1,2076,0,0,second,2,2076,0,0,zero,0,2075,0,0
1586435731173014158,first,1,2076,0,0,second,2,2076,0,0,zero,0,2075,0,0
1586435731236875405,first,1,2076,0,0,second,2,2076,0,0,zero,0,2074,0,0
1586435731365531063,first,1,2076,0,0,second,2,2076,0,0,zero,0,2074,0,0
1586435731429237972,first,1,2076,0,0,second,2,2076,0,0,zero,0,2075,0,0
1586435731557494644,first,1,2076,0,0,second,2,2076,0,0,zero,0,2074,0,0
1586435731621460110,first,1,2076,0,0,second,2,2076,0,0,zero,0,2075,0,0
1586435731749491817,first,1,2076,0,0,second,2,2076,0,0,zero,0,2075,0,0
1586435731877408434,first,1,2076,0,0,second,2,2076,0,0,zero,0,2074,0,0
1586435731941395706,first,1,2076,0,0,second,2,2076,0,0,zero,0,2074,0,0
1586435732069577402,first,1,2076,0,0,second,2,2076,0,0,zero,0,2074,0,0
1586435732133393830,first,1,2076,0,0,second,2,2076,0,0,zero,0,2075,0,0
1586435732261487161,first,1,2076,0,0,second,2,2076,0,0,zero,0,2075,0,0
1586435732399799369,first,1,2076,0,0,second,2,2076,0,0,zero,0,2074,0,0
1586435732469415402,first,1,2076,0,0,second,2,2076,0,0,zero,0,2074,0,0
1586435732533831566,first,1,2076,0,0,second,2,2076,0,0,zero,0,2075,0,0
1586435732662235417,first,1,2076,0,0,second,2,2076,0,0,zero,0,2078,0,0
1586435732725958267,first,1,2076,0,0,second,2,2076,0,0,zero,0,2079,0,0
1586435732854056370,first,1,2076,0,0,second,2,2076,0,0,zero,0,2080,0,0
1586435732917939495,first,1,2076,0,0,second,2,2076,0,0,zero,0,2083,0,0
1586435733046075360,first,1,2079,0,0,second,2,2076,0,0,zero,0,2085,0,0
1586435733173871238,first,1,2080,0,0,second,2,2076,0,0,zero,0,2087,0,0
1586435733237831167,first,1,2080,0,0,second,2,2076,0,0,zero,0,2088,0,0
1586435733366223902,first,1,2080,0,0,second,2,2076,0,0,zero,0,2091,0,0
1586435733429908956,first,1,2082,0,0,second,2,2076,0,0,zero,0,2092,0,0
1586435733557857250,first,1,2083,0,0,second,2,2077,0,0,zero,0,2094,0,0
1586435733621874719,first,1,2084,0,0,second,2,2076,0,0,zero,0,2096,0,0
1586435733749754602,first,1,2086,0,0,second,2,2076,0,0,zero,0,2097,0,0
1586435733877855974,first,1,2087,0,0,second,2,2076,0,0,zero,0,2096,0,0
1586435733941913220,first,1,2086,0,0,second,2,2077,0,0,zero,0,2096,0,-1
1586435734069891746,first,1,2087,0,0,second,2,2076,0,0,zero,0,2095,0,0
1586435734133993600,first,1,2087,0,0,second,2,2076,0,0,zero,0,2094,0,-1
1586435734261905748,first,1,2087,0,0,second,2,2076,0,0,zero,0,2094,0,0
1586435734325850032,first,1,2086,0,0,second,2,2076,0,0,zero,0,2093,0,-1
1586435734453969622,first,1,2087,0,0,second,2,2076,0,0,zero,0,2091,0,0
1586435734517964598,first,1,2087,0,0,second,2,2076,0,0,zero,0,2090,0,-1
1586435734645866406,first,1,2086,0,0,second,2,2076,0,0,zero,0,2089,0,0
1586435734774045844,first,1,2086,0,0,second,2,2077,0,0,zero,0,2087,0,0
1586435734837892918,first,1,2087,0,0,second,2,2077,0,0,zero,0,2087,0,0
1586435734965765632,first,1,2086,0,0,second,2,2076,0,0,zero,0,2087,0,0
1586435735029900276,first,1,2086,0,0,second,2,2076,0,0,zero,0,2087,0,-2
1586435735158087041,first,1,2086,0,0,second,2,2076,0,0,zero,0,2085,0,-1
1586435735221859860,first,1,2087,0,0,second,2,2076,0,0,zero,0,2085,0,0
1586435735349828504,first,1,2086,0,0,second,2,2076,0,0,zero,0,2084,0,0
1586435735478015989,first,1,2087,0,0,second,2,2076,0,0,zero,0,2084,0,-1
1586435735542409650,first,1,2086,0,0,second,2,2076,0,0,zero,0,2084,0,-1
1586435735670200458,first,1,2086,0,0,second,2,2076,0,0,zero,0,2084,0,-1
1586435735733897737,first,1,2087,0,0,second,2,2077,0,0,zero,0,2084,0,-1
1586435735862336428,first,1,2086,0,0,second,2,2076,0,0,zero,0,2084,0,-1
1586435735926060570,first,1,2087,0,0,second,2,2076,0,0,zero,0,2084,0,-1
1586435736053841358,first,1,2086,0,0,second,2,2076,0,0,zero,0,2084,0,-1
1586435736117857604,first,1,2086,0,0,second,2,2077,0,0,zero,0,2084,0,-1
1586435736245929598,first,1,2087,0,0,second,2,2076,0,0,zero,0,2084,0,-1
1586435736374110721,first,1,2086,0,0,second,2,2076,0,0,zero,0,2083,0,0
1586435736454525129,first,1,2086,0,0,second,2,2076,0,0,zero,0,2083,0,-1
1586435736518080233,first,1,2087,0,0,second,2,2076,0,0,zero,0,2083,0,-1
1586435736645930633,first,1,2086,0,0,second,2,2076,0,0,zero,0,2083,0,0
1586435736774131723,first,1,2086,0,0,second,2,2076,0,0,zero,0,2083,0,0
1586435736838162332,first,1,2087,0,0,second,2,2076,0,0,zero,0,2084,0,0
1586435736966093819,first,1,2086,0,0,second,2,2076,0,0,zero,0,2083,0,0
1586435737030000794,first,1,2087,0,0,second,2,2076,0,0,zero,0,2083,0,0
1586435737157970746,first,1,2086,0,0,second,2,2077,0,0,zero,0,2086,0,0
1586435737222036693,first,1,2087,0,0,second,2,2076,0,0,zero,0,2087,0,0
1586435737349947744,first,1,2087,0,0,second,2,2079,0,0,zero,0,2101,8,2
1586435737478039508,first,1,2086,0,0,second,2,2081,0,0,zero,0,2144,22,3
1586435737541888136,first,1,2087,0,0,second,2,2086,2,2,zero,0,2172,25,3
1586435737669938052,first,1,2107,10,4,second,2,2119,17,1,zero,0,2230,28,1
1586435737733994162,first,1,2130,19,3,second,2,2144,22,2,zero,0,2259,28,1
1586435737861960014,first,1,2200,34,2,second,2,2206,30,2,zero,0,2317,28,1
1586435737925938243,first,1,2242,39,3,second,2,2242,34,3,zero,0,2346,28,2
1586435738054108243,first,1,2339,47,2,second,2,2323,39,1,zero,0,2414,34,5
1586435738118012794,first,1,2390,48,1,second,2,2366,40,2,zero,0,2458,41,6
1586435738246023038,first,1,2491,49,2,second,2,2459,44,5,zero,0,2562,51,6
1586435738374114036,first,1,2595,49,1,second,2,2559,49,5,zero,0,2678,56,8
1586435738437962653,first,1,2646,49,1,second,2,2615,52,5,zero,0,2739,59,4
1586435738566085286,first,1,2750,50,3,second,2,2732,57,2,zero,0,2862,60,3
1586435738630056668,first,1,2806,52,2,second,2,2793,59,4,zero,0,2922,60,4
1586435738758203890,first,1,2922,58,3,second,2,2923,62,5,zero,0,3038,58,3
1586435738822084405,first,1,2985,60,2,second,2,2988,63,5,zero,0,3093,56,4
1586435738950091912,first,1,3117,64,4,second,2,3122,65,5,zero,0,3200,54,5
1586435739078160408,first,1,3257,68,4,second,2,3256,66,3,zero,0,3309,53,4
1586435739142216796,first,1,3327,69,3,second,2,3323,66,2,zero,0,3364,53,5
1586435739269922781,first,1,3465,68,2,second,2,3452,64,4,zero,0,3476,53,3
1586435739333974824,first,1,3530,65,3,second,2,3516,63,5,zero,0,3531,53,4
1586435739462302010,first,1,3653,60,2,second,2,3642,62,2,zero,0,3634,50,3
1586435739525375620,first,1,3714,59,2,second,2,3705,62,1,zero,0,3681,46,3
1586435739653328988,first,1,3825,54,1,second,2,3824,58,2,zero,0,3769,42,2
1586435739717407683,first,1,3875,49,1,second,2,3880,55,1,zero,0,3811,41,3
1586435739845317151,first,1,3971,47,1,second,2,3983,50,1,zero,0,3887,36,1
1586435739973335740,first,1,4014,14,0,second,2,4061,32,3,zero,0,3952,30,1
1586435740037392441,first,1,4016,1,0,second,2,4067,6,0,zero,0,3979,26,1
1586435740166165954,first,1,4035,10,1,second,2,4067,0,0,zero,0,3997,0,-1
1586435740229953372,first,1,4060,19,1,second,2,4067,0,0,zero,0,3997,0,0
1586435740357622409,first,1,4110,23,2,second,2,4070,0,0,zero,0,3998,0,0
1586435740421594273,first,1,4112,6,-1,second,2,4072,0,0,zero,0,4002,1,2
1586435740549114141,first,1,4112,0,-1,second,2,4078,2,2,zero,0,4019,7,1
1586435740677549159,first,1,4113,0,0,second,2,4102,11,1,zero,0,4024,0,0
1586435740741559645,first,1,4112,0,0,second,2,4115,11,1,zero,0,4024,0,0
1586435740869947997,first,1,4112,0,0,second,2,4123,0,0,zero,0,4024,0,0
1586435740933815198,first,1,4112,0,0,second,2,4123,0,0,zero,0,4024,0,0
1586435741061813788,first,1,4112,0,0,second,2,4123,0,0,zero,0,4024,0,0
1586435741125571846,first,1,4112,0,0,second,2,4123,0,0,zero,0,4024,0,0
1586435741253685794,first,1,4112,0,0,second,2,4122,0,0,zero,0,4023,0,-3
1586435741317713148,first,1,4112,0,0,second,2,4123,0,0,zero,0,4022,0,-2
1586435741445861186,first,1,4113,0,-1,second,2,4123,0,0,zero,0,4017,0,-5
1586435741573907510,first,1,4112,0,-1,second,2,4123,0,0,zero,0,3984,-19,-6
1586435741637721035,first,1,4112,0,-1,second,2,4123,0,-1,zero,0,3958,-24,-7
1586435741765846825,first,1,4096,-7,-2,second,2,4122,0,-3,zero,0,3895,-29,-5
1586435741829759354,first,1,4083,-10,-3,second,2,4119,0,-4,zero,0,3866,-29,-5
1586435741957813666,first,1,4050,-14,-4,second,2,4097,-11,-5,zero,0,3808,-28,-4
1586435742021688415,first,1,4033,-15,-5,second,2,4079,-15,-8,zero,0,3779,-28,-4
1586435742149759026,first,1,3995,-17,-4,second,2,4031,-25,-8,zero,0,3719,-28,-4
1586435742277686206,first,1,3951,-20,-7,second,2,3969,-30,-8,zero,0,3660,-28,-4
1586435742341855244,first,1,3925,-24,-6,second,2,3934,-32,-8,zero,0,3631,-28,-4
1586435742470322170,first,1,3857,-33,-7,second,2,3856,-37,-8,zero,0,3568,-30,-8
1586435742533671210,first,1,3818,-37,-8,second,2,3815,-39,-9,zero,0,3534,-31,-5
1586435742661785579,first,1,3734,-40,-9,second,2,3729,-41,-9,zero,0,3461,-34,-8
1586435742725746083,first,1,3690,-41,-9,second,2,3685,-42,-8,zero,0,3420,-37,-7
1586435742853782816,first,1,3603,-41,-9,second,2,3593,-44,-10,zero,0,3338,-39,-7
1586435742917771661,first,1,3560,-42,-10,second,2,3547,-45,-7,zero,0,3296,-40,-6
1586435743045759455,first,1,3467,-44,-11,second,2,3447,-49,-8,zero,0,3215,-39,-7
1586435743173674373,first,1,3372,-46,-9,second,2,3343,-50,-9,zero,0,3137,-38,-6
1586435743237714840,first,1,3323,-46,-10,second,2,3291,-50,-9,zero,0,3099,-38,-5
1586435743365758170,first,1,3223,-49,-10,second,2,3188,-50,-8,zero,0,3024,-37,-5
1586435743429698965,first,1,3172,-49,-9,second,2,3137,-50,-9,zero,0,2988,-35,-6
1586435743557751651,first,1,3069,-49,-10,second,2,3037,-49,-7,zero,0,2920,-33,-6
1586435743621723867,first,1,3018,-50,-10,second,2,2988,-47,-7,zero,0,2885,-33,-4
1586435743749923791,first,1,2919,-48,-9,second,2,2894,-45,-8,zero,0,2820,-31,-3
1586435743877792599,first,1,2824,-47,-9,second,2,2808,-41,-6,zero,0,2760,-29,-2
1586435743941830420,first,1,2778,-45,-8,second,2,2769,-39,-7,zero,0,2731,-28,-3
1586435744069913903,first,1,2690,-42,-8,second,2,2694,-36,-5,zero,0,2676,-26,-1
1586435744134039984,first,1,2650,-41,-7,second,2,2658,-35,-5,zero,0,2649,-26,-3
1586435744261790979,first,1,2572,-38,-7,second,2,2587,-34,-7,zero,0,2599,-23,-2
1586435744325841272,first,1,2534,-37,-7,second,2,2553,-33,-6,zero,0,2582,-16,-1
1586435744453783472,first,1,2460,-35,-4,second,2,2487,-31,-6,zero,0,2561,-9,-1
1586435744517775207,first,1,2427,-33,-5,second,2,2457,-29,-6,zero,0,2547,-11,-6
1586435744645828193,first,1,2367,-28,-5,second,2,2400,-26,-4,zero,0,2512,-17,-6
1586435744773887927,first,1,2323,-20,-3,second,2,2346,-26,-4,zero,0,2466,-23,-6
1586435744837788599,first,1,2306,-17,-3,second,2,2320,-25,-5,zero,0,2435,-27,-4
1586435744966094384,first,1,2275,-14,-4,second,2,2269,-24,-3,zero,0,2372,-29,-4
1586435745029877749,first,1,2258,-14,-4,second,2,2245,-23,-5,zero,0,2340,-30,-4
1586435745157843930,first,1,2221,-17,-6,second,2,2199,-22,-4,zero,0,2278,-30,-2
1586435745221933820,first,1,2201,-18,-5,second,2,2177,-21,-5,zero,0,2247,-29,-4
1586435745349852510,first,1,2160,-18,-6,second,2,2137,-18,-5,zero,0,2189,-29,-4
1586435745478005486,first,1,2116,-20,-6,second,2,2104,-15,-4,zero,0,2128,-29,-5
1586435745541757785,first,1,2093,-21,-6,second,2,2088,-14,-5,zero,0,2097,-29,-3
1586435745669892827,first,1,2046,-21,-6,second,2,2058,-14,-4,zero,0,2031,-32,-6
1586435745733807543,first,1,2023,-22,-5,second,2,2041,-14,-6,zero,0,1998,-33,-5
1586435745862039002,first,1,1975,-22,-6,second,2,1996,-23,-6,zero,0,1931,-33,-5
1586435745925918483,first,1,1950,-22,-5,second,2,1967,-27,-7,zero,0,1896,-33,-7
1586435746053765414,first,1,1894,-27,-6,second,2,1906,-29,-8,zero,0,1821,-36,-7
1586435746117875294,first,1,1862,-29,-7,second,2,1874,-30,-9,zero,0,1779,-40,-7
1586435746245825222,first,1,1792,-33,-7,second,2,1804,-34,-6,zero,0,1686,-44,-6
1586435746373839213,first,1,1715,-36,-7,second,2,1724,-39,-10,zero,0,1593,-45,-6
1586435746437791935,first,1,1676,-37,-8,second,2,1683,-40,-8,zero,0,1545,-45,-6
1586435746565872850,first,1,1593,-40,-8,second,2,1594,-43,-10,zero,0,1448,-46,-9
1586435746629933250,first,1,1549,-41,-10,second,2,1544,-47,-10,zero,0,1400,-46,-6
1586435746757766291,first,1,1461,-43,-9,second,2,1440,-52,-10,zero,0,1309,-44,-6
1586435746822010726,first,1,1415,-43,-10,second,2,1386,-53,-9,zero,0,1266,-41,-7
1586435746949846617,first,1,1318,-46,-11,second,2,1277,-53,-9,zero,0,1182,-41,-5
1586435747077873721,first,1,1218,-48,-13,second,2,1172,-51,-8,zero,0,1096,-41,-6
1586435747141790764,first,1,1166,-50,-11,second,2,1124,-49,-7,zero,0,1054,-41,-8
1586435747269861405,first,1,1061,-51,-12,second,2,1029,-47,-8,zero,0,969,-41,-6
1586435747333894695,first,1,1008,-51,-10,second,2,983,-46,-8,zero,0,928,-41,-5
1586435747462327659,first,1,906,-50,-10,second,2,889,-45,-7,zero,0,859,-33,-3
1586435747525677741,first,1,855,-50,-9,second,2,844,-44,-7,zero,0,827,-31,-5
1586435747653676422,first,1,757,-48,-8,second,2,755,-43,-8,zero,0,762,-31,-5
1586435747717729541,first,1,712,-45,-9,second,2,713,-42,-7,zero,0,730,-31,-4
1586435747846066603,first,1,626,-42,-6,second,2,632,-38,-5,zero,0,665,-31,-5
1586435747974102140,first,1,545,-40,-7,second,2,558,-36,-7,zero,0,607,-29,-2
1586435748037892558,first,1,506,-39,-6,second,2,523,-34,-6,zero,0,579,-27,-2
1586435748166097481,first,1,428,-36,-5,second,2,453,-34,-8,zero,0,532,-20,-3
1586435748230003083,first,1,393,-35,-5,second,2,417,-33,-6,zero,0,516,-15,-4
1586435748357927999,first,1,325,-32,-4,second,2,356,-29,-6,zero,0,490,-11,-4
1586435748421970078,first,1,294,-31,-5,second,2,328,-27,-4,zero,0,474,-14,-4
1586435748549983237,first,1,244,-22,-3,second,2,275,-25,-3,zero,0,440,-15,-3
1586435748678034234,first,1,210,-16,-2,second,2,225,-24,-3,zero,0,404,-17,-4
1586435748741929915,first,1,195,-14,-2,second,2,201,-23,-3,zero,0,389,-14,-2
1586435748869993925,first,1,167,-13,-1,second,2,165,-16,-2,zero,0,373,-4,-1
1586435748934015153,first,1,156,-11,-2,second,2,153,-11,-2,zero,0,371,-2,-1
1586435749062037106,first,1,134,-10,-1,second,2,137,-6,-1,zero,0,366,-2,0
1586435749126073055,first,1,124,-9,-1,second,2,131,-5,-1,zero,0,366,0,0
1586435749254336480,first,1,120,0,0,second,2,128,0,0,zero,0,367,0,0
1586435749317999263,first,1,121,0,0,second,2,128,0,0,zero,0,368,0,0
1586435749445939486,first,1,120,0,0,second,2,128,0,0,zero,0,374,2,2
1586435749574013706,first,1,121,0,0,second,2,129,0,0,zero,0,405,16,2
1586435749638109243,first,1,123,0,0,second,2,131,0,0,zero,0,428,20,3
1586435749766030018,first,1,141,9,3,second,2,150,12,1,zero,0,481,25,2
1586435749830036853,first,1,164,18,4,second,2,176,23,2,zero,0,510,26,3
1586435749958415279,first,1,232,33,4,second,2,246,36,3,zero,0,571,28,3
1586435750022037579,first,1,273,38,5,second,2,291,42,5,zero,0,601,29,3
1586435750150254415,first,1,373,48,5,second,2,393,50,4,zero,0,670,34,5
1586435750277924814,first,1,486,55,5,second,2,509,56,3,zero,0,760,45,6
1586435750342064236,first,1,547,58,3,second,2,567,56,1,zero,0,812,50,8
1586435750469904854,first,1,675,62,4,second,2,688,58,3,zero,0,925,56,6
1586435750534535924,first,1,741,64,3,second,2,750,61,3,zero,0,983,57,6
1586435750661962379,first,1,878,67,5,second,2,882,64,2,zero,0,1101,57,4
1586435750726068940,first,1,949,68,5,second,2,951,66,4,zero,0,1158,57,3
1586435750854076222,first,1,1093,71,5,second,2,1094,71,3,zero,0,1269,54,4
1586435750917941663,first,1,1166,72,6,second,2,1167,72,4,zero,0,1322,51,2
1586435751046124808,first,1,1315,72,4,second,2,1316,73,2,zero,0,1420,47,5
1586435751174164034,first,1,1459,71,3,second,2,1460,71,1,zero,0,1516,46,5
1586435751238064538,first,1,1528,69,2,second,2,1530,69,1,zero,0,1564,46,4
1586435751366425350,first,1,1662,65,2,second,2,1657,63,2,zero,0,1661,47,4
1586435751430085374,first,1,1722,61,1,second,2,1719,61,1,zero,0,1708,47,5
1586435751557986157,first,1,1837,55,1,second,2,1830,54,1,zero,0,1798,44,1
1586435751621985047,first,1,1887,51,1,second,2,1881,51,1,zero,0,1838,41,2
1586435751749963193,first,1,1969,38,-5,second,2,1963,35,3,zero,0,1905,30,1
1586435751878117157,first,1,1976,0,0,second,2,1972,0,0,zero,0,1950,17,3
1586435751941945441,first,1,1978,0,0,second,2,1974,0,0,zero,0,1950,0,0
1586435752071128727,first,1,1982,0,0,second,2,1977,0,0,zero,0,1950,0,0
1586435752134102357,first,1,1983,0,0,second,2,1979,0,0,zero,0,1950,0,0
1586435752262034953,first,1,1987,0,0,second,2,1982,0,0,zero,0,1950,0,0
1586435752326002510,first,1,1989,0,0,second,2,1983,0,0,zero,0,1950,0,0
1586435752454107711,first,1,1992,0,0,second,2,1986,0,0,zero,0,1954,0,1
1586435752518067145,first,1,1994,0,0,second,2,1988,0,0,zero,0,1963,7,3
1586435752646180232,first,1,1997,0,0,second,2,1990,0,0,zero,0,1986,10,1
1586435752774152925,first,1,2001,0,0,second,2,1994,0,0,zero,0,2010,10,1
1586435752838105777,first,1,2003,0,0,second,2,1996,0,0,zero,0,2019,10,1
1586435752966072044,first,1,2009,2,1,second,2,2014,12,1,zero,0,2047,12,3
1586435753030060015,first,1,2023,9,1,second,2,2036,20,2,zero,0,2066,16,2
1586435753158073410,first,1,2071,23,1,second,2,2090,25,1,zero,0,2108,21,4
1586435753222004835,first,1,2105,29,2,second,2,2118,25,1,zero,0,2136,25,3
1586435753350026499,first,1,2182,37,2,second,2,2173,26,2,zero,0,2205,34,5
1586435753478060787,first,1,2266,40,2,second,2,2244,34,1,zero,0,2289,42,6
1586435753541422641,first,1,2310,41,1,second,2,2284,37,4,zero,0,2336,44,4
1586435753686255584,first,1,2393,40,1,second,2,2376,45,2,zero,0,2435,48,5
1586435753750145215,first,1,2445,41,1,second,2,2438,47,3,zero,0,2500,50,6
1586435753878254751,first,1,2539,45,2,second,2,2544,51,2,zero,0,2603,50,5
1586435753942111965,first,1,2589,47,3,second,2,2598,52,1,zero,0,2656,51,4
1586435754070151071,first,1,2694,51,2,second,2,2710,54,1,zero,0,2767,54,5
1586435754134180066,first,1,2750,53,2,second,2,2768,55,3,zero,0,2823,55,6
1586435754262132094,first,1,2866,58,3,second,2,2885,56,4,zero,0,2938,56,4
1586435754326246966,first,1,2930,60,3,second,2,2945,56,1,zero,0,2996,57,7
1586435754454139640,first,1,3059,63,5,second,2,3064,58,2,zero,0,3114,58,7
1586435754518341797,first,1,3124,63,5,second,2,3124,58,1,zero,0,3172,58,6
1586435754646126161,first,1,3258,65,2,second,2,3246,59,2,zero,0,3292,58,5
1586435754790221874,first,1,3387,63,2,second,2,3370,60,2,zero,0,3408,56,3
1586435754854324040,first,1,3465,63,3,second,2,3445,60,2,zero,0,3474,51,3
1586435754918481567,first,1,3527,61,2,second,2,3507,60,2,zero,0,3525,49,2
1586435755046183167,first,1,3643,57,3,second,2,3628,60,3,zero,0,3613,43,3
1586435755174382435,first,1,3750,53,1,second,2,3749,59,2,zero,0,3700,41,4
1586435755238199440,first,1,3798,49,1,second,2,3804,56,1,zero,0,3743,42,2
1586435755366222714,first,1,3888,43,1,second,2,3906,49,1,zero,0,3830,42,3
1586435755430267460,first,1,3931,42,1,second,2,3943,36,3,zero,0,3870,40,3
1586435755558250018,first,1,4003,35,-14,second,2,3953,1,1,zero,0,3938,32,1
1586435755622316348,first,1,4008,10,0,second,2,3967,11,2,zero,0,3959,20,0
1586435755750250537,first,1,4009,0,0,second,2,4023,29,1,zero,0,3959,0,0
1586435755878507322,first,1,4013,1,1,second,2,4052,3,0,zero,0,3963,0,2
1586435755942247332,first,1,4027,9,2,second,2,4052,0,0,zero,0,3972,7,2
1586435756071178561,first,1,4067,18,1,second,2,4052,0,0,zero,0,3992,7,0
1586435756134255513,first,1,4080,16,1,second,2,4053,0,0,zero,0,3992,0,0
1586435756262372783,first,1,4081,0,0,second,2,4056,0,0,zero,0,4001,4,1
1586435756326259680,first,1,4081,0,0,second,2,4058,0,0,zero,0,4007,4,1
1586435756454351445,first,1,4081,0,0,second,2,4061,0,0,zero,0,4010,0,0
1586435756518242257,first,1,4081,0,0,second,2,4062,0,0,zero,0,4010,0,0
1586435756646212531,first,1,4081,0,0,second,2,4066,0,0,zero,0,4010,0,0
1586435756774337909,first,1,4081,0,0,second,2,4069,0,0,zero,0,4010,0,0
1586435756838326148,first,1,4081,0,0,second,2,4071,0,0,zero,0,4003,-4,-2
1586435756967273303,first,1,4081,0,-1,second,2,4073,0,0,zero,0,3981,-9,-2
1586435757030480181,first,1,4081,0,-1,second,2,4075,0,0,zero,0,3969,-9,-5
1586435757158818290,first,1,4081,0,-2,second,2,4077,0,-1,zero,0,3944,-11,-3
1586435757222347217,first,1,4081,0,-2,second,2,4077,0,0,zero,0,3930,-12,-3
1586435757350312582,first,1,4080,0,-4,second,2,4077,0,-1,zero,0,3896,-15,-5
1586435757478273167,first,1,4058,-9,-4,second,2,4077,0,-2,zero,0,3857,-17,-5
1586435757542287850,first,1,4042,-13,-3,second,2,4076,0,-2,zero,0,3834,-21,-5
1586435757670227999,first,1,4008,-15,-4,second,2,4055,-10,-7,zero,0,3776,-29,-7
1586435757734212482,first,1,3991,-15,-3,second,2,4038,-15,-7,zero,0,3742,-31,-5
1586435757862265998,first,1,3952,-18,-5,second,2,3991,-24,-6,zero,0,3677,-31,-4
1586435757926270842,first,1,3931,-19,-5,second,2,3960,-29,-8,zero,0,3646,-31,-5
1586435758054216331,first,1,3877,-26,-6,second,2,3887,-36,-7,zero,0,3583,-29,-6
1586435758118306258,first,1,3843,-31,-7,second,2,3846,-38,-10,zero,0,3551,-30,-5
1586435758246515380,first,1,3763,-38,-7,second,2,3759,-42,-9,zero,0,3482,-33,-8
1586435758374188297,first,1,3678,-42,-8,second,2,3664,-46,-8,zero,0,3402,-37,-7
1586435758438353729,first,1,3634,-42,-8,second,2,3615,-47,-9,zero,0,3361,-39,-8
1586435758567093631,first,1,3542,-44,-9,second,2,3514,-49,-7,zero,0,3277,-40,-7
1586435758630323984,first,1,3494,-46,-9,second,2,3461,-50,-10,zero,0,3235,-40,-5
1586435758758240466,first,1,3394,-49,-11,second,2,3358,-50,-9,zero,0,3150,-41,-4
1586435758822295501,first,1,3342,-50,-12,second,2,3308,-50,-6,zero,0,3109,-41,-5
1586435758950413391,first,1,3236,-51,-11,second,2,3210,-48,-9,zero,0,3035,-36,-4
1586435759078717695,first,1,3129,-52,-9,second,2,3115,-47,-8,zero,0,2963,-35,-5
1586435759141655179,first,1,3078,-51,-9,second,2,3068,-46,-8,zero,0,2925,-35,-6
1586435759270287227,first,1,2978,-49,-10,second,2,2974,-46,-7,zero,0,2854,-35,-2
1586435759334415237,first,1,2930,-48,-9,second,2,2928,-46,-8,zero,0,2823,-31,-4
1586435759462233620,first,1,2838,-44,-8,second,2,2834,-45,-8,zero,0,2764,-29,-2
1586435759526390278,first,1,2795,-43,-8,second,2,2787,-45,-7,zero,0,2735,-28,-2
1586435759654290038,first,1,2707,-42,-7,second,2,2698,-43,-6,zero,0,2678,-27,-3
1586435759718166523,first,1,2666,-41,-7,second,2,2657,-41,-6,zero,0,2650,-27,-3
1586435759846420858,first,1,2586,-40,-8,second,2,2580,-36,-5,zero,0,2595,-26,-1
1586435759974178757,first,1,2506,-38,-6,second,2,2512,-32,-5,zero,0,2562,-12,-1
1586435760038612668,first,1,2469,-37,-7,second,2,2480,-30,-5,zero,0,2549,-10,-1
1586435760166336398,first,1,2399,-33,-4,second,2,2425,-27,-6,zero,0,2521,-12,-2
1586435760230342288,first,1,2367,-31,-2,second,2,2397,-26,-4,zero,0,2505,-14,-5
1586435760358475858,first,1,2317,-23,-2,second,2,2345,-25,-4,zero,0,2463,-19,-5
1586435760422661322,first,1,2298,-19,-3,second,2,2320,-24,-3,zero,0,2440,-21,-5
1586435760550215671,first,1,2265,-15,-3,second,2,2270,-23,-2,zero,0,2379,-30,-4
1586435760678377773,first,1,2234,-14,-3,second,2,2229,-19,-3,zero,0,2314,-31,-3
1586435760742415547,first,1,2218,-14,-4,second,2,2213,-15,-2,zero,0,2283,-30,-4
1586435760870381430,first,1,2183,-15,-5,second,2,2184,-13,-3,zero,0,2224,-28,-3
1586435760934422901,first,1,2164,-17,-4,second,2,2170,-13,-3,zero,0,2197,-27,-1
1586435761062263443,first,1,2124,-17,-5,second,2,2139,-14,-4,zero,0,2143,-26,-4
1586435761126420436,first,1,2105,-17,-6,second,2,2122,-15,-5,zero,0,2114,-26,-3
1586435761254639558,first,1,2066,-18,-6,second,2,2081,-19,-5,zero,0,2053,-30,-4
1586435761318280695,first,1,2047,-18,-6,second,2,2056,-23,-5,zero,0,2021,-30,-4
1586435761446159170,first,1,2006,-18,-5,second,2,2000,-27,-6,zero,0,1955,-32,-3
1586435761574707476,first,1,1957,-23,-7,second,2,1942,-28,-4,zero,0,1884,-34,-8
1586435761639388442,first,1,1928,-26,-7,second,2,1913,-28,-5,zero,0,1847,-35,-8
1586435761766211429,first,1,1858,-33,-7,second,2,1854,-28,-7,zero,0,1768,-38,-6
1586435761830196538,first,1,1819,-36,-8,second,2,1822,-29,-7,zero,0,1724,-41,-6
1586435761958285341,first,1,1740,-38,-8,second,2,1754,-34,-7,zero,0,1635,-43,-8
1586435762022087236,first,1,1699,-38,-6,second,2,1717,-36,-8,zero,0,1587,-45,-7
1586435762150180134,first,1,1619,-38,-7,second,2,1631,-42,-9,zero,0,1490,-47,-10
1586435762278168291,first,1,1536,-40,-8,second,2,1539,-46,-11,zero,0,1392,-47,-5
1586435762342295749,first,1,1494,-41,-8,second,2,1487,-50,-9,zero,0,1346,-46,-8
1586435762470183496,first,1,1403,-44,-10,second,2,1377,-55,-9,zero,0,1252,-45,-8
1586435762534330030,first,1,1356,-44,-12,second,2,1320,-55,-8,zero,0,1206,-45,-6
1586435762662367553,first,1,1258,-48,-12,second,2,1208,-55,-8,zero,0,1114,-45,-4
1586435762726244617,first,1,1206,-50,-13,second,2,1155,-54,-7,zero,0,1070,-44,-4
1586435762854384486,first,1,1097,-53,-12,second,2,1053,-50,-7,zero,0,989,-39,-3
1586435762918131958,first,1,1042,-54,-11,second,2,1003,-50,-7,zero,0,951,-38,-5
1586435763061698017,first,1,921,-52,-9,second,2,890,-49,-5,zero,0,871,-35,-7
1586435763126505856,first,1,869,-52,-10,second,2,844,-46,-7,zero,0,839,-33,-4
1586435763254340888,first,1,769,-49,-9,second,2,756,-42,-7,zero,0,772,-32,-4
1586435763317916264,first,1,723,-46,-8,second,2,715,-40,-7,zero,0,737,-32,-6
1586435763445933129,first,1,636,-43,-7,second,2,638,-38,-6,zero,0,668,-33,-4
1586435763573707750,first,1,554,-40,-8,second,2,563,-36,-7,zero,0,608,-29,-2
1586435763638228603,first,1,514,-39,-6,second,2,527,-35,-6,zero,0,580,-28,-3
1586435763766127589,first,1,436,-37,-5,second,2,461,-31,-6,zero,0,530,-22,-1
1586435763830112581,first,1,399,-36,-6,second,2,430,-30,-5,zero,0,513,-17,-1
1586435763958148604,first,1,330,-33,-4,second,2,369,-29,-4,zero,0,491,-10,-5
1586435764022135331,first,1,299,-31,-3,second,2,342,-27,-4,zero,0,475,-13,-2
1586435764150070582,first,1,247,-23,-2,second,2,288,-26,-4,zero,0,436,-18,-3
1586435764278963334,first,1,211,-16,-3,second,2,235,-24,-4,zero,0,393,-20,-2
1586435764342370181,first,1,196,-15,-3,second,2,211,-24,-4,zero,0,377,-17,-1
1586435764470055597,first,1,168,-14,-1,second,2,165,-20,-1,zero,0,362,-5,-1
1586435764534068979,first,1,154,-13,-2,second,2,150,-16,-2,zero,0,358,-4,-1
1586435764662077547,first,1,130,-11,-1,second,2,132,-7,-1,zero,0,352,-2,-1
1586435764726035537,first,1,119,-11,-1,second,2,125,-6,-1,zero,0,351,-1,0
1586435764854218253,first,1,105,-6,0,second,2,122,0,0,zero,0,350,0,0
1586435764918151650,first,1,106,0,0,second,2,122,0,0,zero,0,350,0,0
1586435765046073627,first,1,105,0,0,second,2,122,0,0,zero,0,355,1,1
1586435765174231467,first,1,106,0,0,second,2,122,0,0,zero,0,383,15,2
1586435765238100507,first,1,108,0,0,second,2,123,0,0,zero,0,404,19,1
1586435765366132204,first,1,128,10,1,second,2,129,1,1,zero,0,449,21,3
1586435765430066244,first,1,153,20,2,second,2,143,12,2,zero,0,476,24,3
1586435765558120921,first,1,222,34,3,second,2,203,32,2,zero,0,532,26,2
1586435765622185725,first,1,263,38,2,second,2,245,40,4,zero,0,564,28,5
1586435765750188462,first,1,355,44,3,second,2,352,53,5,zero,0,630,32,4
1586435765878072698,first,1,460,51,3,second,2,475,60,2,zero,0,713,42,8
1586435765942130682,first,1,518,54,5,second,2,538,61,2,zero,0,765,50,9
1586435766070167249,first,1,638,59,6,second,2,664,61,2,zero,0,884,59,5
1586435766134217851,first,1,704,62,5,second,2,727,61,1,zero,0,945,60,5
1586435766262124810,first,1,843,68,4,second,2,856,63,4,zero,0,1067,60,6
1586435766326156753,first,1,917,71,4,second,2,923,65,5,zero,0,1126,59,3
1586435766454344622,first,1,1069,75,4,second,2,1065,68,4,zero,0,1235,53,3
1586435766518163183,first,1,1146,76,3,second,2,1135,69,4,zero,0,1288,52,3
1586435766646175688,first,1,1301,76,3,second,2,1280,72,4,zero,0,1393,51,4
1586435766774079847,first,1,1446,72,1,second,2,1428,73,3,zero,0,1497,51,4
1586435766838072383,first,1,1514,69,3,second,2,1502,73,2,zero,0,1550,51,5
1586435766966169867,first,1,1645,64,1,second,2,1643,70,2,zero,0,1654,50,5
1586435767030136098,first,1,1707,62,1,second,2,1710,66,3,zero,0,1704,50,3
1586435767158295008,first,1,1823,56,1,second,2,1829,57,1,zero,0,1794,43,2
1586435767222096163,first,1,1875,52,1,second,2,1883,53,1,zero,0,1833,39,1
1586435767350078379,first,1,1961,41,7,second,2,1929,9,0,zero,0,1903,33,1
1586435767478203895,first,1,1970,0,0,second,2,1935,2,1,zero,0,1953,19,2
1586435767542126949,first,1,1970,0,0,second,2,1950,13,2,zero,0,1954,1,-1
1586435767670145458,first,1,1971,0,0,second,2,2002,26,1,zero,0,1954,0,0
1586435767734157953,first,1,1973,0,0,second,2,2024,22,7,zero,0,1954,0,0
1586435767862076101,first,1,1992,10,3,second,2,2027,0,0,zero,0,1956,0,0
1586435767926118830,first,1,2013,18,1,second,2,2027,0,0,zero,0,1959,0,1
1586435768054143681,first,1,2029,3,0,second,2,2026,0,0,zero,0,1985,13,1
1586435768118081623,first,1,2030,0,0,second,2,2027,0,0,zero,0,1994,8,0
1586435768246296928,first,1,2029,0,0,second,2,2027,0,0,zero,0,1995,0,0
1586435768374170434,first,1,2030,0,0,second,2,2027,0,0,zero,0,2010,9,2
1586435768438144584,first,1,2030,0,0,second,2,2026,0,0,zero,0,2023,13,1
1586435768566515720,first,1,2033,0,0,second,2,2029,0,0,zero,0,2065,19,1
1586435768630138807,first,1,2034,0,0,second,2,2033,1,1,zero,0,2085,19,1
1586435768758131969,first,1,2054,10,2,second,2,2069,19,2,zero,0,2127,19,1
1586435768822067198,first,1,2078,19,2,second,2,2098,26,1,zero,0,2148,19,1
1586435768950183371,first,1,2151,36,3,second,2,2166,32,1,zero,0,2193,22,3
1586435769078429111,first,1,2241,43,2,second,2,2235,32,1,zero,0,2257,33,4
1586435769142095386,first,1,2289,45,1,second,2,2270,32,2,zero,0,2301,39,5
1586435769270186429,first,1,2380,45,1,second,2,2349,38,2,zero,0,2398,49,5
1586435769334169715,first,1,2425,44,1,second,2,2391,40,3,zero,0,2454,52,8
1586435769462270349,first,1,2515,43,1,second,2,2487,47,4,zero,0,2573,58,4
1586435769526145708,first,1,2561,43,2,second,2,2540,50,4,zero,0,2634,59,5
1586435769654350586,first,1,2656,47,4,second,2,2656,56,4,zero,0,2751,57,3
1586435769718137267,first,1,2708,49,1,second,2,2718,59,2,zero,0,2805,55,3
1586435769846287330,first,1,2824,57,4,second,2,2842,60,1,zero,0,2907,50,6
1586435769974264946,first,1,2954,64,3,second,2,2965,60,1,zero,0,3012,52,5
1586435770038085085,first,1,3023,67,1,second,2,3028,60,2,zero,0,3069,55,6
1586435770166091050,first,1,3160,67,3,second,2,3150,60,4,zero,0,3190,61,5
1586435770230179749,first,1,3229,68,1,second,2,3209,60,3,zero,0,3254,62,5
1586435770358113972,first,1,3359,64,1,second,2,3335,61,3,zero,0,3381,62,5
1586435770422307088,first,1,3422,62,1,second,2,3399,63,4,zero,0,3444,61,3
1586435770550167593,first,1,3545,60,1,second,2,3533,65,3,zero,0,3556,53,3
1586435770678413272,first,1,3664,58,2,second,2,3668,66,2,zero,0,3652,44,3
1586435770742188345,first,1,3724,58,1,second,2,3733,65,1,zero,0,3694,42,2
1586435770870349200,first,1,3839,57,1,second,2,3854,59,1,zero,0,3776,39,2
1586435770934236550,first,1,3893,54,1,second,2,3908,54,1,zero,0,3816,39,3
1586435771062188825,first,1,3983,44,-5,second,2,3956,8,0,zero,0,3898,39,3
1586435771126172663,first,1,3992,15,0,second,2,3959,1,1,zero,0,3938,39,1
1586435771254464757,first,1,3993,0,0,second,2,3994,19,1,zero,0,3968,2,-3
1586435771318225918,first,1,3995,0,0,second,2,4022,26,2,zero,0,3965,0,0
1586435771446187574,first,1,4002,1,2,second,2,4048,3,0,zero,0,3968,0,0
1586435771574280618,first,1,4038,18,1,second,2,4048,0,0,zero,0,3973,1,1
1586435771638289114,first,1,4054,18,1,second,2,4048,0,0,zero,0,3981,7,1
1586435771766720222,first,1,4055,0,0,second,2,4048,0,0,zero,0,3998,7,1
1586435771830177172,first,1,4055,0,0,second,2,4049,0,0,zero,0,4002,4,0
1586435771958226816,first,1,4055,0,0,second,2,4052,0,0,zero,0,4001,0,0
1586435772022269293,first,1,4055,0,0,second,2,4053,0,0,zero,0,4001,0,0
1586435772150238383,first,1,4055,0,0,second,2,4056,0,0,zero,0,4002,0,0
1586435772278161194,first,1,4055,0,0,second,2,4059,0,0,zero,0,4001,0,0
1586435772342180357,first,1,4055,0,0,second,2,4060,0,0,zero,0,4002,0,-1
1586435772470541605,first,1,4055,0,0,second,2,4064,0,0,zero,0,3994,-3,-5
1586435772534238822,first,1,4055,0,0,second,2,4065,0,0,zero,0,3985,-6,-1
1586435772662278968,first,1,4055,0,0,second,2,4068,0,0,zero,0,3959,-12,-1
1586435772726194709,first,1,4055,0,0,second,2,4069,0,0,zero,0,3946,-12,-1
1586435772854279563,first,1,4055,0,-1,second,2,4069,0,-1,zero,0,3915,-13,-3
1586435772918278731,first,1,4055,0,-1,second,2,4068,0,-1,zero,0,3899,-14,-3
1586435773046274022,first,1,4055,0,-2,second,2,4064,-1,-4,zero,0,3864,-16,-5
1586435773174229847,first,1,4044,-5,-4,second,2,4043,-10,-4,zero,0,3824,-18,-4
1586435773238092563,first,1,4030,-11,-4,second,2,4030,-11,-2,zero,0,3801,-21,-4
1586435773366154592,first,1,3994,-17,-4,second,2,4001,-13,-5,zero,0,3741,-30,-7
1586435773430300308,first,1,3973,-18,-4,second,2,3986,-15,-4,zero,0,3707,-32,-5
1586435773558300485,first,1,3926,-22,-6,second,2,3940,-23,-6,zero,0,3637,-33,-4
1586435773622224475,first,1,3898,-25,-6,second,2,3910,-27,-8,zero,0,3603,-32,-5
1586435773750237835,first,1,3828,-34,-7,second,2,3841,-33,-10,zero,0,3541,-30,-4
1586435773878250181,first,1,3748,-38,-7,second,2,3763,-39,-8,zero,0,3469,-33,-8
1586435773942155028,first,1,3707,-39,-7,second,2,3719,-41,-8,zero,0,3433,-35,-7
1586435774073134227,first,1,3624,-40,-9,second,2,3626,-45,-9,zero,0,3354,-37,-7
1586435774134187380,first,1,3581,-40,-8,second,2,3576,-48,-11,zero,0,3312,-39,-6
1586435774262248410,first,1,3491,-43,-9,second,2,3471,-51,-8,zero,0,3229,-39,-8
1586435774326235457,first,1,3445,-44,-9,second,2,3417,-52,-9,zero,0,3187,-40,-7
1586435774454321707,first,1,3348,-46,-9,second,2,3309,-53,-7,zero,0,3108,-39,-6
1586435774518176179,first,1,3297,-48,-11,second,2,3254,-53,-7,zero,0,3071,-37,-4
1586435774646209041,first,1,3194,-50,-10,second,2,3147,-52,-8,zero,0,2999,-35,-6
1586435774774342788,first,1,3087,-52,-11,second,2,3046,-50,-7,zero,0,2925,-36,-6
1586435774838542025,first,1,3033,-52,-11,second,2,2996,-49,-7,zero,0,2888,-36,-5
1586435774966449518,first,1,2930,-51,-8,second,2,2903,-44,-7,zero,0,2815,-34,-3
1586435775030245110,first,1,2878,-50,-10,second,2,2860,-42,-7,zero,0,2784,-31,-4
1586435775158294253,first,1,2782,-47,-8,second,2,2778,-40,-6,zero,0,2724,-29,-4
1586435775222276511,first,1,2737,-45,-8,second,2,2739,-38,-8,zero,0,2694,-29,-1
1586435775350220238,first,1,2652,-41,-6,second,2,2661,-37,-5,zero,0,2642,-25,-2
1586435775477889927,first,1,2574,-38,-7,second,2,2586,-36,-8,zero,0,2602,-18,-1
1586435775542317463,first,1,2536,-37,-5,second,2,2550,-36,-7,zero,0,2585,-15,-4
1586435775670361331,first,1,2463,-35,-4,second,2,2481,-32,-6,zero,0,2554,-15,-2
1586435775734233781,first,1,2429,-34,-4,second,2,2450,-31,-5,zero,0,2537,-15,-3
1586435775862386930,first,1,2367,-29,-4,second,2,2392,-27,-5,zero,0,2497,-18,-5
1586435775926234473,first,1,2341,-26,-3,second,2,2365,-26,-3,zero,0,2475,-21,-5
1586435776054273199,first,1,2302,-18,-3,second,2,2314,-24,-3,zero,0,2418,-27,-4
1586435776118369915,first,1,2286,-15,-1,second,2,2288,-24,-4,zero,0,2389,-28,-3
1586435776246323570,first,1,2252,-15,-2,second,2,2238,-24,-1,zero,0,2329,-28,-2
1586435776374277355,first,1,2216,-16,-6,second,2,2194,-19,-1,zero,0,2270,-28,-4
1586435776438234273,first,1,2196,-18,-6,second,2,2179,-15,-3,zero,0,2241,-28,-3
1586435776566237963,first,1,2155,-18,-3,second,2,2150,-13,-4,zero,0,2184,-27,-2
1586435776630289250,first,1,2135,-18,-3,second,2,2136,-13,-3,zero,0,2157,-27,-1
1586435776758452557,first,1,2094,-19,-4,second,2,2103,-14,-4,zero,0,2099,-27,-2
1586435776822365158,first,1,2073,-19,-4,second,2,2085,-15,-4,zero,0,2070,-27,-3
1586435776950284739,first,1,2033,-19,-5,second,2,2046,-19,-6,zero,0,2008,-30,-4
1586435777077945776,first,1,1990,-20,-5,second,2,1994,-25,-6,zero,0,1942,-31,-7
1586435777142269571,first,1,1966,-21,-5,second,2,1964,-27,-5,zero,0,1908,-32,-7
1586435777270234263,first,1,1913,-26,-5,second,2,1906,-28,-7,zero,0,1837,-33,-7
1586435777334204835,first,1,1880,-29,-7,second,2,1875,-29,-6,zero,0,1799,-36,-5
1586435777462263522,first,1,1809,-35,-8,second,2,1810,-31,-7,zero,0,1716,-41,-8
1586435777526343936,first,1,1770,-36,-8,second,2,1775,-32,-8,zero,0,1670,-44,-7
1586435777654279547,first,1,1690,-38,-7,second,2,1702,-36,-8,zero,0,1573,-47,-8
1586435777718234464,first,1,1649,-38,-7,second,2,1660,-38,-9,zero,0,1524,-47,-5
1586435777846407148,first,1,1565,-40,-9,second,2,1574,-43,-8,zero,0,1424,-48,-5
1586435777974739705,first,1,1480,-41,-9,second,2,1474,-50,-9,zero,0,1332,-44,-5
1586435778038205227,first,1,1434,-43,-9,second,2,1420,-52,-10,zero,0,1287,-42,-6
1586435778166363311,first,1,1340,-45,-11,second,2,1307,-55,-9,zero,0,1199,-42,-6
1586435778230366029,first,1,1292,-47,-11,second,2,1251,-56,-7,zero,0,1155,-43,-7
1586435778358339423,first,1,1190,-49,-11,second,2,1141,-54,-9,zero,0,1070,-42,-4
1586435778422293610,first,1,1138,-50,-9,second,2,1088,-52,-6,zero,0,1030,-39,-5
1586435778550429438,first,1,1035,-50,-11,second,2,989,-48,-7,zero,0,949,-39,-6
1586435778677970317,first,1,931,-51,-11,second,2,896,-44,-7,zero,0,874,-37,-6
1586435778742252796,first,1,878,-51,-10,second,2,853,-43,-6,zero,0,838,-36,-6
1586435778870594938,first,1,776,-50,-9,second,2,770,-40,-7,zero,0,767,-34,-6
1586435778934261214,first,1,727,-49,-8,second,2,730,-39,-4,zero,0,733,-34,-4
1586435779062413324,first,1,636,-44,-7,second,2,652,-38,-5,zero,0,667,-32,-5
1586435779126259494,first,1,593,-42,-7,second,2,615,-37,-5,zero,0,636,-30,-3
1586435779254294988,first,1,513,-39,-7,second,2,541,-36,-6,zero,0,580,-27,-1
1586435779318262755,first,1,473,-38,-7,second,2,505,-35,-6,zero,0,555,-23,-2
1586435779446340895,first,1,398,-36,-6,second,2,433,-35,-6,zero,0,519,-15,-5
1586435779574333995,first,1,329,-33,-3,second,2,366,-32,-7,zero,0,486,-15,-2
1586435779638408605,first,1,298,-30,-4,second,2,334,-31,-4,zero,0,468,-16,-1
1586435779766615734,first,1,248,-23,-2,second,2,278,-27,-3,zero,0,433,-16,-4
1586435779830773930,first,1,229,-18,-3,second,2,252,-25,-3,zero,0,414,-17,-6
1586435779958693224,first,1,197,-15,-3,second,2,202,-24,-3,zero,0,377,-17,-4
1586435780022668885,first,1,183,-14,-1,second,2,180,-22,-4,zero,0,365,-12,-1
1586435780150623885,first,1,154,-13,-2,second,2,146,-14,-2,zero,0,354,-3,-1
1586435780278313770,first,1,131,-11,-1,second,2,129,-6,-1,zero,0,349,-1,0
1586435780342809548,first,1,120,-10,-1,second,2,122,-6,-1,zero,0,349,0,0
1586435780470600557,first,1,107,-6,0,second,2,119,0,0,zero,0,349,0,0
1586435780534661053,first,1,106,0,0,second,2,119,0,0,zero,0,349,0,0
1586435780662720245,first,1,106,0,0,second,2,119,0,0,zero,0,353,1,1
1586435780726646326,first,1,106,0,0,second,2,119,0,0,zero,0,365,10,2
1586435780854127293,first,1,109,0,0,second,2,120,0,0,zero,0,410,21,1
1586435780918089904,first,1,113,1,2,second,2,124,2,1,zero,0,434,23,1
1586435781046644377,first,1,150,18,1,second,2,166,22,3,zero,0,483,23,1
1586435781174661245,first,1,216,32,3,second,2,239,38,1,zero,0,534,24,2
1586435781238403198,first,1,257,38,4,second,2,287,43,3,zero,0,565,27,4
1586435781366554880,first,1,353,47,5,second,2,389,50,2,zero,0,637,37,4
1586435781430475376,first,1,407,51,6,second,2,444,52,2,zero,0,680,41,6
1586435781558510836,first,1,525,58,5,second,2,554,53,2,zero,0,784,53,5
1586435781622503047,first,1,589,60,6,second,2,610,53,2,zero,0,843,57,4
1586435781750485560,first,1,722,65,4,second,2,728,58,2,zero,0,966,60,5
1586435781878367067,first,1,862,68,5,second,2,859,65,3,zero,0,1088,60,3
1586435781942373991,first,1,934,70,5,second,2,929,68,6,zero,0,1146,58,5
1586435782070430931,first,1,1082,73,4,second,2,1082,75,3,zero,0,1258,54,3
1586435782134669627,first,1,1158,74,5,second,2,1161,77,4,zero,0,1310,52,2
1586435782262663279,first,1,1312,75,4,second,2,1320,79,2,zero,0,1414,50,4
1586435782326475152,first,1,1388,75,3,second,2,1397,78,2,zero,0,1465,50,6
1586435782454429813,first,1,1536,73,3,second,2,1546,73,2,zero,0,1572,52,5
1586435782518435970,first,1,1607,71,2,second,2,1616,70,1,zero,0,1627,53,3
1586435782646407222,first,1,1746,68,2,second,2,1739,60,1,zero,0,1733,51,2
1586435782774539474,first,1,1871,61,1,second,2,1850,54,1,zero,0,1823,43,3
1586435782838658099,first,1,1915,50,-5,second,2,1902,52,1,zero,0,1862,38,1
1586435782965725090,first,1,1926,1,0,second,2,1952,10,0,zero,0,1921,24,2
1586435783030615236,first,1,1931,1,1,second,2,1952,0,0,zero,0,1923,2,0
1586435783158766775,first,1,1965,17,2,second,2,1952,0,0,zero,0,1926,0,0
1586435783222475516,first,1,1990,22,1,second,2,1952,0,0,zero,0,1927,0,0
1586435783350099795,first,1,2011,5,0,second,2,1954,0,0,zero,0,1930,0,0
1586435783477960691,first,1,2011,0,0,second,2,1958,0,0,zero,0,1935,1,1
1586435783541811916,first,1,2011,0,0,second,2,1960,0,0,zero,0,1945,8,1
1586435783670454412,first,1,2011,0,0,second,2,1980,13,2,zero,0,1968,8,0
1586435783734316722,first,1,2011,0,0,second,2,2002,21,1,zero,0,1969,0,0
1586435783862337876,first,1,2011,0,0,second,2,2021,1,0,zero,0,1975,1,2
1586435783926430755,first,1,2011,0,0,second,2,2021,0,0,zero,0,1988,10,3
1586435784054899719,first,1,2012,0,0,second,2,2021,0,0,zero,0,2025,18,1
1586435784118360104,first,1,2014,0,0,second,2,2022,0,0,zero,0,2045,18,1
1586435784246558556,first,1,2020,1,2,second,2,2028,2,1,zero,0,2078,13,0
1586435784374819713,first,1,2054,17,1,second,2,2066,20,1,zero,0,2083,2,4
1586435784438654906,first,1,2082,24,2,second,2,2090,22,1,zero,0,2098,12,7
1586435784566367746,first,1,2143,29,1,second,2,2138,22,1,zero,0,2159,34,6
1586435784630592195,first,1,2173,29,1,second,2,2162,22,1,zero,0,2204,42,6
1586435784758447443,first,1,2234,29,2,second,2,2220,30,2,zero,0,2303,48,6
1586435784822481297,first,1,2270,32,1,second,2,2259,37,1,zero,0,2354,49,4
1586435784950309960,first,1,2353,40,3,second,2,2355,47,1,zero,0,2454,49,2
1586435785078100002,first,1,2451,48,1,second,2,2464,53,1,zero,0,2551,47,4
1586435785142483796,first,1,2506,52,4,second,2,2522,55,3,zero,0,2599,47,5
1586435785271435040,first,1,2626,58,5,second,2,2643,59,2,zero,0,2704,51,4
1586435785334471988,first,1,2688,61,4,second,2,2705,60,2,zero,0,2760,55,6
1586435785462123009,first,1,2820,64,5,second,2,2834,62,2,zero,0,2879,58,5
1586435785526534217,first,1,2888,66,5,second,2,2899,63,3,zero,0,2941,60,7
1586435785654495146,first,1,3025,67,3,second,2,3030,63,2,zero,0,3069,64,6
1586435785718488833,first,1,3092,66,3,second,2,3095,63,3,zero,0,3137,67,6
1586435785846574567,first,1,3226,66,2,second,2,3230,66,3,zero,0,3274,67,3
1586435785974460952,first,1,3357,65,3,second,2,3369,67,3,zero,0,3395,58,3
1586435786038487110,first,1,3425,65,5,second,2,3437,68,2,zero,0,3451,54,4
1586435786166590733,first,1,3561,66,3,second,2,3570,65,2,zero,0,3555,49,4
1586435786230336428,first,1,3629,66,2,second,2,3633,63,1,zero,0,3603,47,4
1586435786358377456,first,1,3757,63,1,second,2,3752,57,1,zero,0,3699,46,4
1586435786422420072,first,1,3819,60,1,second,2,3807,55,1,zero,0,3748,46,4
1586435786550507306,first,1,3913,46,10,second,2,3912,52,1,zero,0,3841,46,2
1586435786678133167,first,1,3926,2,2,second,2,3961,9,0,zero,0,3924,39,1
1586435786742478015,first,1,3942,10,2,second,2,3961,0,0,zero,0,3950,26,-3
1586435786870349639,first,1,4000,29,1,second,2,3967,2,1,zero,0,3953,0,0
1586435786934496451,first,1,4035,33,1,second,2,3983,13,2,zero,0,3953,0,0
1586435787062742902,first,1,4067,8,0,second,2,4038,29,1,zero,0,3956,0,2
1586435787126446905,first,1,4067,0,0,second,2,4072,32,1,zero,0,3966,7,1
1586435787254720841,first,1,4068,0,0,second,2,4103,4,0,zero,0,4001,17,2
1586435787318480289,first,1,4070,0,0,second,2,4103,0,0,zero,0,4022,19,1
1586435787446498673,first,1,4073,0,0,second,2,4103,0,0,zero,0,4036,0,0
1586435787574935070,first,1,4077,0,0,second,2,4103,0,0,zero,0,4036,0,0
1586435787638482235,first,1,4078,0,0,second,2,4103,0,0,zero,0,4036,0,0
1586435787766362837,first,1,4082,0,0,second,2,4103,0,0,zero,0,4036,0,0
1586435787830597831,first,1,4084,0,0,second,2,4103,0,0,zero,0,4036,0,0
1586435787958455172,first,1,4088,0,0,second,2,4103,0,0,zero,0,4036,0,-1
1586435788022498235,first,1,4089,0,0,second,2,4103,0,0,zero,0,4030,-3,-3
1586435788150452514,first,1,4092,0,0,second,2,4103,0,-1,zero,0,4006,-10,-4
1586435788278534956,first,1,4095,0,0,second,2,4103,0,-1,zero,0,3979,-12,-3
1586435788342536370,first,1,4097,0,0,second,2,4103,0,-1,zero,0,3968,-11,-2
1586435788470612793,first,1,4098,0,-1,second,2,4103,0,-3,zero,0,3938,-13,-2
1586435788534485623,first,1,4098,0,-2,second,2,4103,0,-3,zero,0,3922,-14,-4
1586435788662503749,first,1,4096,0,-2,second,2,4095,-5,-5,zero,0,3888,-15,-4
1586435788726428698,first,1,4089,-4,-3,second,2,4083,-10,-4,zero,0,3869,-16,-4
1586435788854514491,first,1,4059,-13,-4,second,2,4052,-14,-6,zero,0,3828,-19,-5
1586435788918613963,first,1,4041,-15,-2,second,2,4036,-15,-5,zero,0,3802,-23,-6
1586435789046370822,first,1,4004,-18,-3,second,2,3998,-18,-6,zero,0,3732,-34,-6
1586435789174590692,first,1,3957,-22,-6,second,2,3946,-26,-6,zero,0,3661,-34,-4
1586435789238400755,first,1,3928,-26,-6,second,2,3914,-30,-8,zero,0,3628,-32,-4
1586435789366699085,first,1,3853,-37,-6,second,2,3843,-34,-7,zero,0,3562,-31,-4
1586435789430766870,first,1,3811,-39,-7,second,2,3805,-35,-9,zero,0,3528,-31,-7
1586435789559300649,first,1,3727,-41,-7,second,2,3721,-41,-9,zero,0,3451,-36,-6
1586435789622633652,first,1,3682,-41,-9,second,2,3675,-44,-8,zero,0,3410,-38,-7
1586435789750734270,first,1,3592,-44,-9,second,2,3580,-47,-8,zero,0,3326,-40,-10
1586435789878435224,first,1,3499,-45,-9,second,2,3477,-51,-9,zero,0,3240,-41,-6
1586435789942689074,first,1,3451,-46,-11,second,2,3420,-54,-10,zero,0,3196,-42,-4
1586435790070666043,first,1,3351,-48,-12,second,2,3310,-54,-8,zero,0,3112,-42,-7
1586435790134560890,first,1,3298,-51,-11,second,2,3253,-54,-8,zero,0,3073,-40,-5
1586435790262566384,first,1,3189,-53,-9,second,2,3143,-54,-8,zero,0,2999,-36,-6
1586435790326520137,first,1,3132,-54,-12,second,2,3089,-53,-8,zero,0,2962,-36,-7
1586435790454448749,first,1,3022,-54,-10,second,2,2984,-51,-6,zero,0,2887,-36,-5
1586435790518571449,first,1,2970,-53,-9,second,2,2934,-50,-6,zero,0,2849,-36,-3
1586435790646643278,first,1,2865,-51,-8,second,2,2840,-45,-5,zero,0,2784,-31,-3
1586435790774727693,first,1,2770,-47,-8,second,2,2753,-41,-7,zero,0,2722,-30,-4
1586435790838514096,first,1,2724,-45,-7,second,2,2712,-40,-6,zero,0,2691,-29,-4
1586435790966761540,first,1,2639,-41,-7,second,2,2633,-38,-6,zero,0,2632,-28,-2
1586435791030585387,first,1,2598,-41,-6,second,2,2596,-36,-6,zero,0,2606,-27,-1
1586435791158479862,first,1,2518,-38,-6,second,2,2529,-32,-6,zero,0,2568,-14,-1
1586435791222679393,first,1,2482,-36,-6,second,2,2496,-31,-4,zero,0,2557,-11,-2
1586435791350544781,first,1,2412,-34,-4,second,2,2437,-28,-4,zero,0,2525,-14,-4
1586435791414542319,first,1,2381,-31,-3,second,2,2410,-27,-4,zero,0,2508,-15,-2
1586435791542680899,first,1,2331,-23,-2,second,2,2354,-26,-4,zero,0,2471,-17,-4
1586435791670715895,first,1,2294,-16,-2,second,2,2302,-24,-4,zero,0,2418,-26,-5
1586435791734578507,first,1,2279,-15,-3,second,2,2277,-24,-3,zero,0,2387,-29,-5
1586435791862539192,first,1,2245,-15,-5,second,2,2229,-22,-3,zero,0,2326,-29,-3
1586435791926539334,first,1,2226,-16,-2,second,2,2208,-20,-4,zero,0,2297,-28,-3
1586435792054766618,first,1,2188,-18,-4,second,2,2176,-14,-3,zero,0,2239,-27,-1
1586435792118632947,first,1,2167,-18,-3,second,2,2162,-13,-4,zero,0,2213,-25,-4
1586435792246583334,first,1,2126,-19,-5,second,2,2133,-13,-5,zero,0,2166,-23,-2
1586435792374722480,first,1,2087,-18,-4,second,2,2104,-13,-4,zero,0,2114,-26,-4
1586435792438637977,first,1,2070,-17,-3,second,2,2087,-14,-5,zero,0,2081,-29,-8
1586435792567001606,first,1,2033,-17,-6,second,2,2050,-16,-7,zero,0,2015,-32,-5
1586435792630738280,first,1,2014,-17,-6,second,2,2029,-19,-6,zero,0,1980,-33,-4
1586435792758983458,first,1,1972,-20,-4,second,2,1975,-26,-7,zero,0,1910,-33,-6
1586435792822714097,first,1,1948,-21,-5,second,2,1945,-28,-6,zero,0,1873,-35,-6
1586435792950567393,first,1,1890,-28,-7,second,2,1880,-31,-8,zero,0,1797,-37,-6
1586435793014628542,first,1,1855,-31,-8,second,2,1846,-32,-6,zero,0,1755,-38,-7
1586435793142694979,first,1,1779,-36,-7,second,2,1778,-33,-7,zero,0,1670,-41,-9
1586435793270722152,first,1,1698,-39,-8,second,2,1702,-37,-8,zero,0,1578,-44,-9
1586435793334680507,first,1,1657,-39,-8,second,2,1661,-38,-10,zero,0,1531,-46,-7
1586435793463157541,first,1,1571,-41,-9,second,2,1573,-43,-7,zero,0,1432,-47,-7
1586435793526600801,first,1,1527,-42,-8,second,2,1526,-46,-8,zero,0,1384,-47,-7
1586435793654710753,first,1,1438,-43,-9,second,2,1426,-49,-8,zero,0,1291,-44,-7
1586435793718577312,first,1,1392,-44,-9,second,2,1374,-50,-7,zero,0,1245,-44,-6
1586435793846679459,first,1,1297,-46,-10,second,2,1268,-52,-9,zero,0,1152,-44,-6
1586435793974569980,first,1,1197,-48,-10,second,2,1160,-53,-7,zero,0,1066,-42,-8
1586435794038708845,first,1,1145,-50,-10,second,2,1106,-53,-8,zero,0,1026,-40,-7
1586435794166586801,first,1,1040,-51,-11,second,2,1001,-52,-8,zero,0,947,-38,-4
1586435794230691072,first,1,988,-51,-10,second,2,950,-51,-8,zero,0,911,-37,-5
1586435794358687800,first,1,883,-51,-9,second,2,851,-47,-5,zero,0,840,-34,-5
1586435794422612251,first,1,832,-51,-10,second,2,805,-44,-6,zero,0,805,-34,-6
1586435794550707122,first,1,731,-49,-8,second,2,720,-41,-6,zero,0,737,-33,-6
1586435794614600864,first,1,684,-46,-8,second,2,679,-40,-8,zero,0,703,-33,-4
1586435794742733349,first,1,597,-43,-8,second,2,601,-37,-7,zero,0,639,-31,-5
1586435794870870298,first,1,513,-41,-6,second,2,529,-34,-6,zero,0,580,-28,-3
1586435794934610455,first,1,472,-39,-5,second,2,496,-32,-6,zero,0,553,-27,-2
1586435795062678446,first,1,396,-37,-7,second,2,435,-29,-6,zero,0,508,-18,-1
1586435795126731841,first,1,360,-36,-4,second,2,403,-29,-7,zero,0,497,-10,-1
1586435795254639747,first,1,295,-31,-4,second,2,344,-29,-5,zero,0,470,-12,-4
1586435795318583335,first,1,265,-28,-2,second,2,315,-28,-5,zero,0,454,-14,-3
1586435795446621240,first,1,226,-18,-2,second,2,261,-26,-4,zero,0,417,-17,-4
1586435795574871621,first,1,198,-12,-1,second,2,209,-25,-4,zero,0,378,-18,-2
1586435795638703490,first,1,186,-12,-1,second,2,184,-24,-3,zero,0,363,-15,-1
1586435795766601582,first,1,158,-12,-1,second,2,147,-16,-2,zero,0,359,0,0
1586435795830612002,first,1,145,-12,-1,second,2,135,-11,-1,zero,0,359,0,0
1586435795958858377,first,1,123,-10,-1,second,2,124,-3,0,zero,0,359,0,0
1586435796022579286,first,1,118,-5,0,second,2,124,0,0,zero,0,359,0,0
1586435796150836640,first,1,119,0,0,second,2,124,0,0,zero,0,359,0,0
1586435796214640670,first,1,119,0,0,second,2,125,0,0,zero,0,360,0,0
1586435796342666717,first,1,119,0,0,second,2,124,0,0,zero,0,366,2,1
1586435796471066017,first,1,119,0,0,second,2,125,0,0,zero,0,403,20,1
1586435796534340120,first,1,124,1,1,second,2,127,0,0,zero,0,430,24,2
1586435796662569329,first,1,162,19,2,second,2,147,13,2,zero,0,484,25,1
1586435796726832018,first,1,193,27,4,second,2,175,25,4,zero,0,509,25,1
1586435796854766865,first,1,270,38,2,second,2,259,43,5,zero,0,568,28,3
1586435796918944997,first,1,314,41,2,second,2,312,50,4,zero,0,602,32,4
1586435797046657672,first,1,414,49,4,second,2,432,60,4,zero,0,684,42,7
1586435797174564900,first,1,528,56,5,second,2,563,65,1,zero,0,790,53,8
1586435797238766292,first,1,592,60,4,second,2,632,65,3,zero,0,849,57,6
1586435797366787322,first,1,728,67,6,second,2,769,66,2,zero,0,970,60,5
1586435797430762426,first,1,804,72,5,second,2,838,67,2,zero,0,1030,60,4
1586435797558706020,first,1,961,77,4,second,2,979,68,2,zero,0,1151,59,4
1586435797622688382,first,1,1042,79,3,second,2,1048,68,2,zero,0,1212,59,3
1586435797750776257,first,1,1203,80,4,second,2,1192,72,5,zero,0,1330,57,2
1586435797814791008,first,1,1281,79,1,second,2,1267,74,4,zero,0,1387,56,2
1586435797942731086,first,1,1432,75,2,second,2,1419,75,2,zero,0,1497,54,5
1586435798071171355,first,1,1576,70,2,second,2,1565,73,2,zero,0,1603,52,4
1586435798134688832,first,1,1644,68,1,second,2,1636,71,2,zero,0,1657,52,5
1586435798262912604,first,1,1774,64,1,second,2,1773,67,1,zero,0,1757,48,2
1586435798326742919,first,1,1833,59,1,second,2,1835,63,1,zero,0,1804,46,2
1586435798454618018,first,1,1930,47,11,second,2,1896,13,1,zero,0,1889,40,1
1586435798518742585,first,1,1941,17,0,second,2,1904,6,1,zero,0,1916,27,1
1586435798646641447,first,1,1941,0,0,second,2,1949,24,1,zero,0,1920,0,0
1586435798774678592,first,1,1944,0,0,second,2,1972,3,0,zero,0,1925,1,1
1586435798838741680,first,1,1946,0,0,second,2,1972,0,0,zero,0,1933,6,1
1586435798966891868,first,1,1949,0,0,second,2,1971,0,0,zero,0,1937,0,0
1586435799030762426,first,1,1951,0,0,second,2,1972,0,0,zero,0,1937,0,0
1586435799159190609,first,1,1955,0,0,second,2,1972,0,0,zero,0,1939,0,0
1586435799223171621,first,1,1956,0,0,second,2,1972,0,0,zero,0,1941,0,0
1586435799350836351,first,1,1959,0,0,second,2,1972,0,0,zero,0,1946,1,1
1586435799414727583,first,1,1961,0,0,second,2,1972,0,0,zero,0,1957,8,3
1586435799543015964,first,1,1967,1,2,second,2,1972,0,0,zero,0,1985,12,1
1586435799671590101,first,1,2003,18,1,second,2,1974,0,0,zero,0,1994,0,0
1586435799734654482,first,1,2018,17,-1,second,2,1979,2,2,zero,0,1997,1,1
1586435799862062950,first,1,2019,0,0,second,2,2015,20,1,zero,0,2028,17,4
1586435799926033967,first,1,2020,0,0,second,2,2037,20,1,zero,0,2055,24,3
1586435800055251187,first,1,2041,10,1,second,2,2081,20,1,zero,0,2120,33,2
1586435800118701828,first,1,2067,22,3,second,2,2104,20,1,zero,0,2156,33,2
1586435800246563219,first,1,2152,42,4,second,2,2150,21,1,zero,0,2223,33,2
1586435800374650155,first,1,2260,52,2,second,2,2218,33,4,zero,0,2292,32,3
1586435800440132782,first,1,2316,53,1,second,2,2260,40,3,zero,0,2332,37,5
1586435800567028843,first,1,2422,52,1,second,2,2361,50,5,zero,0,2427,47,6
1586435800630693202,first,1,2462,45,-3,second,2,2419,55,2,zero,0,2483,53,7
1586435800758409072,first,1,2476,2,4,second,2,2545,61,1,zero,0,2606,60,5
1586435800822784281,first,1,2495,13,5,second,2,2607,61,1,zero,0,2669,62,4
1586435800951019211,first,1,2586,47,9,second,2,2709,43,8,zero,0,2784,55,1
1586435801014988244,first,1,2656,63,7,second,2,2721,12,0,zero,0,2833,49,2
1586435801142771748,first,1,2826,85,5,second,2,2740,13,5,zero,0,2919,41,4
1586435801270980903,first,1,2999,86,1,second,2,2820,44,9,zero,0,3004,41,4
1586435801334816291,first,1,3064,72,8,second,2,2884,61,11,zero,0,3051,44,4
1586435801462617802,first,1,3086,5,0,second,2,3054,86,6,zero,0,3153,51,6
1586435801526632255,first,1,3091,2,3,second,2,3149,92,4,zero,0,3209,54,4
1586435801654622367,first,1,3150,31,8,second,2,3332,89,1,zero,0,3322,55,3
1586435801718696840,first,1,3207,50,8,second,2,3398,67,-34,zero,0,3378,55,4
1586435801846781607,first,1,3370,83,10,second,2,3420,2,0,zero,0,3481,48,1
1586435801975301830,first,1,3569,98,4,second,2,3443,16,6,zero,0,3559,36,1
1586435802038722352,first,1,3663,95,1,second,2,3479,34,7,zero,0,3593,33,1
1586435802166802518,first,1,3759,35,1,second,2,3598,65,9,zero,0,3657,30,3
1586435802230727059,first,1,3763,8,-1,second,2,3679,78,6,zero,0,3692,33,1
1586435802358692300,first,1,3766,0,1,second,2,3855,87,3,zero,0,3766,35,2
1586435802422829680,first,1,3782,10,5,second,2,3926,71,9,zero,0,3801,34,1
1586435802550897252,first,1,3861,40,6,second,2,3952,3,0,zero,0,3859,28,1
1586435802614768281,first,1,3920,54,4,second,2,3952,0,0,zero,0,3878,19,2
1586435802742784534,first,1,4049,63,1,second,2,3958,2,1,zero,0,3881,0,4
1586435802870769465,first,1,4111,21,-2,second,2,4001,25,3,zero,0,3911,16,2
1586435802934818282,first,1,4109,1,-1,second,2,4037,34,4,zero,0,3936,23,3
1586435803062816688,first,1,4095,-7,0,second,2,4123,42,1,zero,0,3992,26,1
1586435803126865092,first,1,4096,0,0,second,2,4156,33,3,zero,0,4011,19,-2
1586435803255277791,first,1,4114,10,1,second,2,4164,0,1,zero,0,4012,0,0
1586435803318727194,first,1,4128,12,1,second,2,4164,0,0,zero,0,4012,0,0
1586435803446814206,first,1,4137,0,0,second,2,4164,0,-1,zero,0,4015,0,0
1586435803574281213,first,1,4137,0,0,second,2,4164,0,0,zero,0,4018,0,0
1586435803638738442,first,1,4138,0,0,second,2,4164,0,0,zero,0,4019,0,0
1586435803766868199,first,1,4138,0,0,second,2,4164,0,-1,zero,0,4019,0,-1
1586435803830739295,first,1,4137,0,0,second,2,4164,0,-1,zero,0,4017,0,-4
1586435803958736999,first,1,4137,0,0,second,2,4164,0,-1,zero,0,3989,-14,-4
1586435804022723992,first,1,4137,0,0,second,2,4164,0,-3,zero,0,3973,-15,-3
1586435804150886902,first,1,4137,0,0,second,2,4163,0,-3,zero,0,3942,-14,-1
1586435804214958402,first,1,4138,0,-2,second,2,4156,-4,-5,zero,0,3926,-14,-2
1586435804342767168,first,1,4127,-4,-1,second,2,4128,-13,-4,zero,0,3891,-16,-3
1586435804470739308,first,1,4098,-13,-4,second,2,4095,-15,-4,zero,0,3849,-20,-7
1586435804534896489,first,1,4080,-16,-6,second,2,4076,-16,-8,zero,0,3822,-25,-6
1586435804662832382,first,1,4035,-20,-4,second,2,4031,-23,-7,zero,0,3756,-32,-6
1586435804726727139,first,1,4010,-22,-6,second,2,4002,-27,-7,zero,0,3719,-33,-5
1586435804854785108,first,1,3950,-29,-7,second,2,3940,-30,-6,zero,0,3647,-35,-5
1586435804918147613,first,1,3915,-33,-7,second,2,3904,-33,-7,zero,0,3610,-35,-6
1586435805046865888,first,1,3833,-40,-7,second,2,3828,-37,-8,zero,0,3536,-35,-6
1586435805174879830,first,1,3746,-41,-8,second,2,3742,-43,-8,zero,0,3457,-37,-6
1586435805238686129,first,1,3702,-43,-8,second,2,3695,-45,-9,zero,0,3416,-38,-7
1586435805366722695,first,1,3609,-44,-8,second,2,3593,-50,-10,zero,0,3334,-39,-8
1586435805430787177,first,1,3562,-45,-10,second,2,3539,-53,-10,zero,0,3291,-41,-8
1586435805558825636,first,1,3463,-48,-10,second,2,3429,-53,-8,zero,0,3204,-41,-6
1586435805622837051,first,1,3411,-49,-9,second,2,3375,-54,-8,zero,0,3161,-42,-6
1586435805750769196,first,1,3305,-52,-9,second,2,3262,-54,-9,zero,0,3075,-41,-4
1586435805814640313,first,1,3250,-53,-12,second,2,3205,-55,-9,zero,0,3037,-39,-5
1586435805942612474,first,1,3139,-54,-11,second,2,3095,-53,-6,zero,0,2963,-37,-7
1586435806070731584,first,1,3028,-54,-8,second,2,2989,-51,-8,zero,0,2888,-36,-3
1586435806134775355,first,1,2975,-53,-8,second,2,2939,-50,-6,zero,0,2851,-36,-5
1586435806263454522,first,1,2869,-51,-10,second,2,2843,-46,-6,zero,0,2785,-32,-4
1586435806326699981,first,1,2819,-50,-7,second,2,2798,-44,-5,zero,0,2754,-31,-3
1586435806455384270,first,1,2725,-46,-8,second,2,2713,-41,-6,zero,0,2694,-29,-3
1586435806518644548,first,1,2680,-43,-7,second,2,2674,-39,-7,zero,0,2665,-28,-4
1586435806646618669,first,1,2597,-41,-6,second,2,2601,-35,-5,zero,0,2609,-26,-2
1586435806774704108,first,1,2517,-38,-5,second,2,2535,-32,-4,zero,0,2572,-14,-4
1586435806838667404,first,1,2480,-37,-5,second,2,2503,-30,-6,zero,0,2559,-12,-2
1586435806966693250,first,1,2409,-34,-4,second,2,2443,-29,-4,zero,0,2530,-13,-5
1586435807030770652,first,1,2377,-31,-3,second,2,2415,-27,-5,zero,0,2512,-15,-4
1586435807158690694,first,1,2325,-24,-3,second,2,2358,-27,-3,zero,0,2471,-19,-6
1586435807222924484,first,1,2305,-20,-4,second,2,2331,-26,-3,zero,0,2447,-21,-3
1586435807350687626,first,1,2271,-15,-1,second,2,2279,-25,-3,zero,0,2390,-27,-5
1586435807414778143,first,1,2255,-15,-1,second,2,2253,-24,-3,zero,0,2359,-29,-3
1586435807542744864,first,1,2222,-15,-5,second,2,2207,-22,-4,zero,0,2298,-29,-3
1586435807670778529,first,1,2186,-16,-4,second,2,2170,-16,-1,zero,0,2239,-28,-3
1586435807734729806,first,1,2166,-17,-4,second,2,2156,-13,-4,zero,0,2210,-28,-2
1586435807862755531,first,1,2124,-18,-4,second,2,2130,-12,-3,zero,0,2153,-28,-2
1586435807926699423,first,1,2104,-19,-5,second,2,2115,-12,-4,zero,0,2123,-28,-3
1586435808054759558,first,1,2063,-19,-4,second,2,2080,-15,-5,zero,0,2063,-28,-4
1586435808118724428,first,1,2042,-19,-5,second,2,2061,-16,-6,zero,0,2032,-29,-5
1586435808246884716,first,1,2002,-19,-6,second,2,2016,-23,-6,zero,0,1968,-31,-5
1586435808374814581,first,1,1957,-20,-5,second,2,1957,-29,-6,zero,0,1902,-31,-7
1586435808438776227,first,1,1933,-22,-7,second,2,1925,-30,-5,zero,0,1867,-32,-6
1586435808566878337,first,1,1875,-27,-6,second,2,1864,-30,-7,zero,0,1790,-37,-8
1586435808630779804,first,1,1842,-30,-7,second,2,1832,-30,-6,zero,0,1746,-41,-9
1586435808758715396,first,1,1765,-37,-8,second,2,1764,-33,-7,zero,0,1657,-43,-8
1586435808822697504,first,1,1725,-38,-7,second,2,1726,-35,-6,zero,0,1611,-44,-6
1586435808950945410,first,1,1642,-39,-8,second,2,1647,-39,-7,zero,0,1519,-45,-8
1586435809014737753,first,1,1600,-39,-8,second,2,1604,-41,-8,zero,0,1470,-45,-8
1586435809142830534,first,1,1514,-42,-9,second,2,1510,-46,-8,zero,0,1377,-45,-6
1586435809271035479,first,1,1424,-44,-9,second,2,1408,-50,-9,zero,0,1284,-45,-8
1586435809334810953,first,1,1376,-45,-9,second,2,1355,-51,-8,zero,0,1238,-45,-7
1586435809462818554,first,1,1280,-46,-12,second,2,1247,-53,-8,zero,0,1144,-45,-5
1586435809526877917,first,1,1230,-48,-10,second,2,1192,-53,-7,zero,0,1101,-43,-7
1586435809654791886,first,1,1125,-50,-11,second,2,1086,-52,-8,zero,0,1018,-40,-7
1586435809719398765,first,1,1073,-51,-12,second,2,1035,-51,-7,zero,0,976,-40,-3
1586435809846787977,first,1,966,-52,-11,second,2,931,-50,-7,zero,0,894,-40,-4
1586435809974892357,first,1,862,-51,-11,second,2,832,-47,-8,zero,0,822,-36,-5
1586435810038732320,first,1,811,-50,-9,second,2,787,-45,-6,zero,0,786,-35,-6
1586435810166882545,first,1,712,-49,-9,second,2,699,-42,-7,zero,0,714,-35,-7
1586435810230731477,first,1,665,-47,-7,second,2,657,-41,-6,zero,0,679,-35,-3
1586435810358812595,first,1,576,-43,-8,second,2,577,-38,-4,zero,0,615,-30,-3
1586435810422784297,first,1,534,-41,-8,second,2,540,-36,-6,zero,0,588,-28,-2
1586435810550881824,first,1,452,-39,-6,second,2,472,-32,-4,zero,0,540,-21,-1
1586435810614878966,first,1,413,-38,-6,second,2,441,-31,-6,zero,0,523,-16,-3
1586435810742783545,first,1,341,-35,-5,second,2,378,-30,-4,zero,0,493,-14,-2
1586435810871156195,first,1,276,-30,-2,second,2,323,-26,-4,zero,0,459,-16,-3
1586435810934493363,first,1,250,-26,-3,second,2,295,-26,-5,zero,0,440,-17,-4
1586435811062718739,first,1,214,-16,-1,second,2,241,-25,-4,zero,0,397,-20,-3
1586435811126716626,first,1,200,-13,-2,second,2,216,-25,-4,zero,0,377,-19,-1
1586435811254662572,first,1,172,-12,-3,second,2,169,-22,-3,zero,0,350,-11,-1
1586435811318720694,first,1,158,-12,-2,second,2,149,-19,-1,zero,0,342,-7,-1
1586435811446719862,first,1,131,-12,-2,second,2,128,-8,-1,zero,0,330,-3,0
1586435811574828166,first,1,108,-11,-1,second,2,114,-6,-1,zero,0,330,0,0
1586435811639199305,first,1,98,-9,-1,second,2,111,-2,0,zero,0,331,0,0
1586435811766973274,first,1,94,0,0,second,2,111,0,0,zero,0,332,0,0
1586435811830851653,first,1,94,0,0,second,2,111,0,0,zero,0,335,1,1
1586435811959163673,first,1,94,0,0,second,2,111,0,0,zero,0,362,13,1
1586435812022859192,first,1,96,0,0,second,2,110,0,0,zero,0,380,16,2
1586435812150908108,first,1,114,9,2,second,2,116,2,1,zero,0,422,19,3
1586435812214936800,first,1,135,17,1,second,2,132,14,2,zero,0,446,22,1
1586435812342919080,first,1,195,29,2,second,2,195,33,2,zero,0,498,25,2
1586435812470792832,first,1,272,37,4,second,2,283,44,2,zero,0,561,30,3
1586435812534943986,first,1,316,40,3,second,2,333,47,3,zero,0,595,32,5
1586435812662594102,first,1,415,48,3,second,2,443,54,4,zero,0,675,40,7
1586435812726821117,first,1,467,50,5,second,2,500,55,1,zero,0,723,46,7
1586435812855186115,first,1,586,57,6,second,2,622,59,1,zero,0,834,55,6
1586435812918783121,first,1,649,60,5,second,2,684,60,3,zero,0,893,58,6
1586435813046922918,first,1,783,66,4,second,2,813,62,3,zero,0,1018,61,6
1586435813174886691,first,1,929,72,7,second,2,946,64,1,zero,0,1140,61,4
1586435813238847922,first,1,1005,75,3,second,2,1015,66,4,zero,0,1198,57,3
1586435813366807487,first,1,1160,76,4,second,2,1160,72,4,zero,0,1305,52,4
1586435813430857223,first,1,1238,76,4,second,2,1235,74,3,zero,0,1357,50,3
1586435813558954851,first,1,1388,74,3,second,2,1382,74,2,zero,0,1458,49,4
1586435813622932239,first,1,1459,71,3,second,2,1454,73,1,zero,0,1510,49,5
1586435813750881641,first,1,1596,68,2,second,2,1593,69,2,zero,0,1613,49,4
1586435813814934988,first,1,1661,64,1,second,2,1659,66,1,zero,0,1663,49,2
1586435813943307384,first,1,1781,59,2,second,2,1779,58,1,zero,0,1759,47,2
1586435814070851918,first,1,1891,52,1,second,2,1876,42,5,zero,0,1845,41,3
1586435814134770514,first,1,1928,43,9,second,2,1887,11,1,zero,0,1883,37,1
1586435814262874089,first,1,1936,0,0,second,2,1912,15,1,zero,0,1908,1,0
1586435814326792705,first,1,1936,0,0,second,2,1938,23,1,zero,0,1909,0,0
1586435814455432548,first,1,1939,0,0,second,2,1959,2,0,zero,0,1914,1,1
1586435814518931497,first,1,1941,0,0,second,2,1959,0,0,zero,0,1924,8,2
1586435814647005987,first,1,1947,1,2,second,2,1959,0,0,zero,0,1932,0,0
1586435814775028851,first,1,1968,9,1,second,2,1959,0,0,zero,0,1932,0,0
1586435814838882986,first,1,1974,8,0,second,2,1959,0,0,zero,0,1934,0,1
1586435814966908162,first,1,1974,0,0,second,2,1960,0,0,zero,0,1953,10,1
1586435815030946417,first,1,1975,0,0,second,2,1961,0,0,zero,0,1962,9,0
1586435815159039353,first,1,1978,0,0,second,2,1964,0,0,zero,0,1966,0,2
1586435815222779685,first,1,1980,0,0,second,2,1966,0,0,zero,0,1976,7,2
1586435815350925675,first,1,1983,0,0,second,2,1970,0,0,zero,0,2004,13,1
1586435815414924366,first,1,1985,0,0,second,2,1974,2,2,zero,0,2020,15,1
1586435815542960911,first,1,2003,9,2,second,2,2014,23,1,zero,0,2057,17,1
1586435815671206832,first,1,2053,25,3,second,2,2080,33,1,zero,0,2102,21,3
1586435815734870881,first,1,2089,32,2,second,2,2116,33,1,zero,0,2128,24,3
1586435815862845583,first,1,2176,42,3,second,2,2185,33,1,zero,0,2199,35,5
1586435815926909444,first,1,2223,45,1,second,2,2220,33,1,zero,0,2239,38,5
1586435816054869710,first,1,2319,46,1,second,2,2290,33,1,zero,0,2334,47,5
1586435816118977211,first,1,2365,44,1,second,2,2331,38,4,zero,0,2388,51,6
1586435816246935786,first,1,2451,42,2,second,2,2426,46,3,zero,0,2503,55,5
1586435816374900665,first,1,2544,44,3,second,2,2534,52,4,zero,0,2618,56,4
1586435816438936513,first,1,2593,47,3,second,2,2591,55,3,zero,0,2671,53,4
1586435816566845385,first,1,2699,52,4,second,2,2712,58,2,zero,0,2775,51,5
1586435816630891320,first,1,2756,54,3,second,2,2775,60,4,zero,0,2828,51,7
1586435816758784759,first,1,2877,59,4,second,2,2901,61,1,zero,0,2938,54,6
1586435816822816473,first,1,2942,62,3,second,2,2963,60,1,zero,0,2996,56,6
1586435816950950873,first,1,3075,65,4,second,2,3083,59,2,zero,0,3119,61,6
1586435817014859569,first,1,3144,66,1,second,2,3144,59,1,zero,0,3184,64,6
1586435817142869951,first,1,3279,67,2,second,2,3266,60,3,zero,0,3313,64,3
1586435817270915196,first,1,3411,65,4,second,2,3394,63,2,zero,0,3431,56,3
1586435817334874556,first,1,3478,65,3,second,2,3460,63,1,zero,0,3485,53,3
1586435817462469978,first,1,3605,62,2,second,2,3592,65,2,zero,0,3586,49,4
1586435817526268708,first,1,3666,60,3,second,2,3659,65,1,zero,0,3634,47,4
1586435817655008862,first,1,3781,56,1,second,2,3788,63,1,zero,0,3727,45,5
1586435817719298207,first,1,3834,52,1,second,2,3846,59,1,zero,0,3774,44,2
1586435817846985213,first,1,3928,45,1,second,2,3903,13,0,zero,0,3857,41,1
1586435817975050131,first,1,3970,13,0,second,2,3910,3,3,zero,0,3923,26,1
1586435818039002182,first,1,3969,0,0,second,2,3928,16,4,zero,0,3925,2,0
1586435818167113932,first,1,3970,0,0,second,2,3995,35,2,zero,0,3927,0,0
1586435818231047411,first,1,3972,0,0,second,2,4026,31,3,zero,0,3930,0,1
1586435818359054448,first,1,3991,9,2,second,2,4032,0,-1,zero,0,3955,13,1
1586435818422933032,first,1,4012,18,2,second,2,4032,0,0,zero,0,3965,10,0
1586435818551033593,first,1,4059,22,1,second,2,4032,0,0,zero,0,3969,0,2
1586435818615086697,first,1,4060,5,0,second,2,4033,0,0,zero,0,3978,7,1
1586435818743045919,first,1,4060,0,0,second,2,4036,0,0,zero,0,4001,10,0
1586435818871077071,first,1,4060,0,0,second,2,4040,0,0,zero,0,4001,0,0
1586435818935018455,first,1,4060,0,0,second,2,4041,0,0,zero,0,4001,0,0
1586435819062999534,first,1,4060,0,0,second,2,4044,0,0,zero,0,4001,0,0
1586435819126937575,first,1,4060,0,0,second,2,4046,0,0,zero,0,4001,0,0
1586435819255378990,first,1,4060,0,0,second,2,4049,0,0,zero,0,4000,0,-3
1586435819319617654,first,1,4060,0,0,second,2,4048,0,0,zero,0,3998,0,-1
1586435819447038714,first,1,4060,0,0,second,2,4049,0,0,zero,0,3972,-13,-3
1586435819575103509,first,1,4060,0,0,second,2,4049,0,0,zero,0,3942,-13,-4
1586435819639024087,first,1,4060,0,0,second,2,4048,0,0,zero,0,3926,-13,-2
1586435819767080167,first,1,4060,0,-2,second,2,4048,0,0,zero,0,3893,-15,-2
1586435819831074660,first,1,4059,0,-1,second,2,4048,0,-1,zero,0,3876,-15,-3
1586435819959159494,first,1,4037,-10,-2,second,2,4048,0,-3,zero,0,3839,-17,-6
1586435820022987194,first,1,4022,-13,-5,second,2,4048,0,-2,zero,0,3818,-19,-4
1586435820151069061,first,1,3985,-16,-2,second,2,4026,-10,-5,zero,0,3763,-27,-7
1586435820215052889,first,1,3967,-17,-4,second,2,4011,-13,-6,zero,0,3728,-31,-4
1586435820343140775,first,1,3925,-19,-4,second,2,3969,-22,-7,zero,0,3662,-31,-5
1586435820471058140,first,1,3877,-23,-5,second,2,3903,-33,-8,zero,0,3597,-31,-4
1586435820534413133,first,1,3848,-26,-7,second,2,3868,-34,-8,zero,0,3565,-30,-3
1586435820662547790,first,1,3775,-35,-6,second,2,3788,-39,-8,zero,0,3499,-31,-5
1586435820726529970,first,1,3736,-38,-8,second,2,3744,-42,-9,zero,0,3463,-32,-7
1586435820854580356,first,1,3651,-41,-7,second,2,3648,-47,-8,zero,0,3383,-39,-9
1586435820918574541,first,1,3608,-41,-8,second,2,3599,-48,-10,zero,0,3340,-40,-6
1586435821046528844,first,1,3517,-44,-8,second,2,3497,-49,-9,zero,0,3255,-41,-5
1586435821174945407,first,1,3421,-46,-11,second,2,3390,-52,-8,zero,0,3168,-42,-6
1586435821239060586,first,1,3370,-48,-8,second,2,3336,-53,-8,zero,0,3125,-42,-8
1586435821366976592,first,1,3268,-50,-11,second,2,3231,-51,-7,zero,0,3042,-41,-6
1586435821430996382,first,1,3214,-52,-11,second,2,3180,-51,-7,zero,0,3004,-38,-6
1586435821558917295,first,1,3105,-53,-11,second,2,3080,-49,-8,zero,0,2932,-35,-7
1586435821622848790,first,1,3051,-53,-10,second,2,3030,-49,-8,zero,0,2896,-35,-7
1586435821767088392,first,1,2933,-52,-9,second,2,2917,-48,-7,zero,0,2814,-35,-3
1586435821830968050,first,1,2881,-51,-9,second,2,2868,-48,-7,zero,0,2783,-32,-5
1586435821959211553,first,1,2784,-47,-9,second,2,2772,-46,-7,zero,0,2722,-29,-3
1586435822022928210,first,1,2739,-45,-7,second,2,2727,-44,-6,zero,0,2693,-29,-1
1586435822151053009,first,1,2652,-42,-7,second,2,2644,-39,-6,zero,0,2634,-28,-3
1586435822214995043,first,1,2610,-42,-7,second,2,2606,-36,-6,zero,0,2605,-28,-2
1586435822343082869,first,1,2530,-38,-7,second,2,2537,-33,-4,zero,0,2562,-17,-3
1586435822470958122,first,1,2453,-37,-4,second,2,2473,-30,-6,zero,0,2536,-12,-2
1586435822534924730,first,1,2418,-35,-5,second,2,2444,-28,-4,zero,0,2521,-12,-3
1586435822663049982,first,1,2353,-30,-2,second,2,2387,-27,-4,zero,0,2487,-15,-5
1586435822727249395,first,1,2327,-27,-2,second,2,2360,-26,-4,zero,0,2468,-16,-3
1586435822854940750,first,1,2287,-18,-1,second,2,2309,-25,-3,zero,0,2425,-20,-5
1586435822919168279,first,1,2269,-16,-1,second,2,2282,-25,-3,zero,0,2399,-24,-5
1586435823046788940,first,1,2237,-15,-1,second,2,2232,-23,-3,zero,0,2338,-29,-2
1586435823174930727,first,1,2202,-15,-2,second,2,2190,-19,-3,zero,0,2278,-29,-3
1586435823238755792,first,1,2184,-16,-4,second,2,2174,-16,-3,zero,0,2248,-28,-4
1586435823367551280,first,1,2148,-16,-2,second,2,2147,-12,-3,zero,0,2191,-28,-2
1586435823431121414,first,1,2131,-16,-4,second,2,2135,-12,-3,zero,0,2162,-28,-4
1586435823559280016,first,1,2094,-16,-3,second,2,2106,-13,-5,zero,0,2104,-28,-4
1586435823623078959,first,1,2077,-16,-5,second,2,2087,-14,-4,zero,0,2074,-28,-4
1586435823751195856,first,1,2038,-18,-4,second,2,2051,-16,-4,zero,0,2016,-28,-5
1586435823815136632,first,1,2018,-18,-5,second,2,2029,-20,-6,zero,0,1986,-28,-4
1586435823943186230,first,1,1976,-19,-6,second,2,1974,-26,-4,zero,0,1922,-30,-5
1586435824071097624,first,1,1926,-23,-5,second,2,1914,-28,-4,zero,0,1851,-34,-8
1586435824135229118,first,1,1897,-27,-7,second,2,1885,-28,-5,zero,0,1813,-36,-4
1586435824263363690,first,1,1828,-32,-6,second,2,1823,-28,-6,zero,0,1734,-38,-6
1586435824327710789,first,1,1791,-35,-8,second,2,1793,-30,-7,zero,0,1692,-39,-6
1586435824455170101,first,1,1711,-38,-8,second,2,1723,-33,-8,zero,0,1605,-42,-6
1586435824519317727,first,1,1670,-39,-7,second,2,1687,-35,-7,zero,0,1558,-43,-6
1586435824647158896,first,1,1587,-39,-8,second,2,1605,-41,-7,zero,0,1459,-48,-7
1586435824775197625,first,1,1504,-40,-8,second,2,1511,-47,-10,zero,0,1362,-48,-4
1586435824839473125,first,1,1460,-41,-9,second,2,1457,-51,-10,zero,0,1314,-47,-5
1586435824967523666,first,1,1368,-44,-9,second,2,1348,-54,-10,zero,0,1217,-47,-5
1586435825031033666,first,1,1321,-45,-9,second,2,1291,-55,-7,zero,0,1170,-46,-7
1586435825159037427,first,1,1222,-48,-12,second,2,1178,-55,-7,zero,0,1086,-41,-3
1586435825223075189,first,1,1170,-50,-10,second,2,1124,-54,-6,zero,0,1046,-40,-5
1586435825351110753,first,1,1065,-51,-12,second,2,1019,-52,-5,zero,0,963,-39,-5
1586435825415165635,first,1,1010,-52,-12,second,2,969,-49,-7,zero,0,923,-40,-4
1586435825543115814,first,1,904,-52,-10,second,2,875,-45,-6,zero,0,850,-36,-3
1586435825671138857,first,1,800,-51,-10,second,2,787,-42,-7,zero,0,778,-35,-4
1586435825735120458,first,1,748,-50,-8,second,2,746,-40,-6,zero,0,743,-34,-3
1586435825863099957,first,1,655,-46,-7,second,2,664,-39,-5,zero,0,676,-32,-3
1586435825927058861,first,1,611,-43,-7,second,2,625,-38,-7,zero,0,645,-31,-3
1586435826055980287,first,1,528,-40,-5,second,2,547,-37,-6,zero,0,586,-28,-4
1586435826119166556,first,1,489,-39,-7,second,2,510,-36,-7,zero,0,558,-27,-1
1586435826247519454,first,1,411,-37,-5,second,2,438,-35,-4,zero,0,513,-19,-1
1586435826375943678,first,1,339,-35,-4,second,2,370,-32,-5,zero,0,489,-11,-1
1586435826439181257,first,1,305,-34,-4,second,2,340,-29,-4,zero,0,472,-15,-5
1586435826567096073,first,1,247,-27,-2,second,2,284,-27,-4,zero,0,426,-22,-5
1586435826631274121,first,1,225,-22,-2,second,2,257,-26,-3,zero,0,400,-24,-5
1586435826759347610,first,1,190,-16,-3,second,2,205,-25,-3,zero,0,351,-22,-1
1586435826823468273,first,1,174,-15,-2,second,2,181,-24,-2,zero,0,343,-8,0
1586435826951026053,first,1,144,-14,-1,second,2,137,-21,-2,zero,0,343,0,-1
1586435827015034598,first,1,131,-12,-2,second,2,123,-14,-1,zero,0,343,0,-1
1586435827143200724,first,1,110,-10,-1,second,2,111,-3,0,zero,0,339,-1,-1
1586435827271238668,first,1,105,0,0,second,2,111,0,0,zero,0,335,-1,0
1586435827335030311,first,1,105,0,0,second,2,111,0,0,zero,0,335,0,0
1586435827463056757,first,1,105,0,0,second,2,111,0,0,zero,0,337,0,1
1586435827527142090,first,1,105,0,0,second,2,111,0,0,zero,0,346,6,1
1586435827655244146,first,1,106,0,0,second,2,112,0,0,zero,0,380,16,1
1586435827719064175,first,1,108,0,0,second,2,113,0,0,zero,0,399,18,2
1586435827847121240,first,1,128,10,2,second,2,132,12,4,zero,0,445,22,2
1586435827975254520,first,1,187,29,3,second,2,188,29,2,zero,0,496,23,1
1586435828038579074,first,1,227,37,4,second,2,226,35,4,zero,0,523,25,2
1586435828167393648,first,1,323,46,5,second,2,319,46,3,zero,0,585,30,5
1586435828231254677,first,1,376,51,4,second,2,372,50,2,zero,0,621,34,5
1586435828359144864,first,1,487,53,3,second,2,488,57,2,zero,0,714,48,7
1586435828423112839,first,1,544,55,4,second,2,548,58,2,zero,0,771,54,7
1586435828551782052,first,1,667,60,4,second,2,678,62,2,zero,0,892,60,7
1586435828615336058,first,1,731,62,4,second,2,744,64,4,zero,0,956,63,4
1586435828743232360,first,1,868,67,5,second,2,883,68,4,zero,0,1085,63,5
1586435828871062787,first,1,1016,73,3,second,2,1027,70,2,zero,0,1205,58,4
1586435828935221216,first,1,1095,76,4,second,2,1100,72,3,zero,0,1261,55,4
1586435829063405886,first,1,1253,78,5,second,2,1249,73,3,zero,0,1367,51,5
1586435829127422767,first,1,1331,78,2,second,2,1323,74,3,zero,0,1418,50,5
1586435829255210023,first,1,1482,74,2,second,2,1465,71,3,zero,0,1520,49,5
1586435829319153223,first,1,1553,71,2,second,2,1536,70,2,zero,0,1570,49,4
1586435829447486277,first,1,1684,64,1,second,2,1670,66,1,zero,0,1673,50,4
1586435829575154005,first,1,1796,55,1,second,2,1793,60,1,zero,0,1771,47,2
1586435829639318967,first,1,1849,52,1,second,2,1847,55,1,zero,0,1817,45,2
1586435829767258526,first,1,1939,44,7,second,2,1946,48,1,zero,0,1896,36,1
1586435829831433126,first,1,1948,15,0,second,2,1981,35,3,zero,0,1927,30,1
1586435829959169870,first,1,1955,1,3,second,2,1989,0,0,zero,0,1949,1,0
1586435830023265321,first,1,1969,10,2,second,2,1989,0,0,zero,0,1948,0,0
1586435830150569789,first,1,2008,18,1,second,2,1989,0,0,zero,0,1951,0,0
1586435830214942537,first,1,2010,4,0,second,2,1989,0,0,zero,0,1952,0,0
1586435830343048465,first,1,2010,0,0,second,2,1993,0,0,zero,0,1955,0,0
1586435830470390608,first,1,2010,0,0,second,2,1996,0,0,zero,0,1958,0,0
1586435830534463255,first,1,2010,0,0,second,2,1998,0,0,zero,0,1959,0,0
1586435830663064389,first,1,2010,0,0,second,2,2000,0,0,zero,0,1962,0,0
1586435830726976167,first,1,2010,0,0,second,2,2001,0,0,zero,0,1963,0,0
1586435830854865300,first,1,2010,0,0,second,2,2003,0,0,zero,0,1966,0,0
1586435830918966737,first,1,2010,0,0,second,2,2005,0,0,zero,0,1967,0,0
1586435831047082874,first,1,2010,0,0,second,2,2008,0,0,zero,0,1971,0,0
1586435831174913992,first,1,2010,0,0,second,2,2011,0,0,zero,0,1974,0,0
1586435831239023598,first,1,2010,0,0,second,2,2012,0,0,zero,0,1975,0,0
1586435831367028375,first,1,2010,0,0,second,2,2015,0,0,zero,0,1978,0,0
1586435831430900077,first,1,2010,0,0,second,2,2017,0,0,zero,0,1980,0,0
1586435831559146488,first,1,2010,0,0,second,2,2020,0,0,zero,0,1984,0,2
1586435831622923926,first,1,2009,0,0,second,2,2021,0,0,zero,0,1987,3,0
1586435831751032611,first,1,2010,0,0,second,2,2024,0,0,zero,0,1988,0,0
1586435831814978479,first,1,2010,0,0,second,2,2026,0,0,zero,0,1989,0,0
1586435831943052472,first,1,2010,0,0,second,2,2029,0,0,zero,0,1992,0,0
1586435832071075713,first,1,2010,0,0,second,2,2031,0,0,zero,0,1995,0,0
1586435832135086680,first,1,2010,0,0,second,2,2033,0,0,zero,0,1996,0,0
1586435832262907960,first,1,2010,0,0,second,2,2035,0,0,zero,0,1999,0,0
1586435832326925722,first,1,2010,0,0,second,2,2035,0,0,zero,0,2001,0,0
1586435832455106541,first,1,2010,0,0,second,2,2035,0,0,zero,0,2003,0,0
1586435832519043201,first,1,2010,0,0,second,2,2035,0,-1,zero,0,2005,0,0
1586435832646951820,first,1,2013,0,0,second,2,2035,0,0,zero,0,2008,0,0
1586435832774983433,first,1,2015,0,0,second,2,2035,0,-1,zero,0,2010,0,0
1586435832838940914,first,1,2015,0,0,second,2,2035,0,-1,zero,0,2011,0,0
1586435832967018977,first,1,2018,0,0,second,2,2035,0,0,zero,0,2014,0,0
1586435833031303056,first,1,2020,0,0,second,2,2035,0,0,zero,0,2015,0,0
1586435833158896511,first,1,2021,0,0,second,2,2035,0,0,zero,0,2017,0,0
1586435833223042960,first,1,2021,0,0,second,2,2035,0,0,zero,0,2018,0,0
1586435833351039855,first,1,2024,0,0,second,2,2035,0,0,zero,0,2021,0,0
1586435833415001465,first,1,2025,0,0,second,2,2035,0,0,zero,0,2022,0,0
1586435833543011008,first,1,2025,0,0,second,2,2035,0,0,zero,0,2024,0,0
1586435833671020327,first,1,2027,0,0,second,2,2035,0,0,zero,0,2028,0,0
1586435833735014868,first,1,2029,0,0,second,2,2035,0,-1,zero,0,2029,0,0
1586435833863034004,first,1,2030,0,0,second,2,2035,0,0,zero,0,2031,0,0
1586435833926959502,first,1,2030,0,0,second,2,2035,0,0,zero,0,2033,0,0
1586435834055527083,first,1,2033,0,0,second,2,2035,0,0,zero,0,2035,0,0
1586435834119055039,first,1,2033,0,0,second,2,2035,0,0,zero,0,2036,0,0
1586435834247059336,first,1,2034,0,0,second,2,2035,0,0,zero,0,2038,0,0
1586435834374941875,first,1,2035,0,0,second,2,2035,0,0,zero,0,2040,0,0
1586435834439082588,first,1,2037,0,0,second,2,2035,0,0,zero,0,2042,0,0
1586435834567082626,first,1,2038,0,0,second,2,2035,0,0,zero,0,2044,0,0
1586435834631087297,first,1,2037,0,0,second,2,2035,0,0,zero,0,2045,0,0
1586435834759069395,first,1,2040,0,0,second,2,2035,0,0,zero,0,2048,0,0
1586435834823040533,first,1,2040,0,0,second,2,2035,0,0,zero,0,2049,0,0
1586435834951064103,first,1,2043,0,0,second,2,2035,0,0,zero,0,2051,0,0
1586435835014917431,first,1,2042,0,0,second,2,2035,0,0,zero,0,2053,0,0
1586435835142869989,first,1,2044,0,0,second,2,2035,0,0,zero,0,2055,0,0
1586435835271002585,first,1,2045,0,0,second,2,2035,0,0,zero,0,2056,0,-1
1586435835335003617,first,1,2047,0,0,second,2,2035,0,0,zero,0,2056,0,-1
1586435835463033866,first,1,2046,0,0,second,2,2035,0,0,zero,0,2055,0,-1
1586435835527060641,first,1,2046,0,0,second,2,2035,0,0,zero,0,2055,0,-1
1586435835655008795,first,1,2047,0,0,second,2,2035,0,0,zero,0,2056,0,-1
1586435835719056336,first,1,2046,0,0,second,2,2035,0,0,zero,0,2056,0,-1
1586435835846914771,first,1,2047,0,0,second,2,2035,0,0,zero,0,2056,0,0
1586435835975043689,first,1,2046,0,0,second,2,2035,0,0,zero,0,2056,0,-1
1586435836039042103,first,1,2046,0,0,second,2,2035,0,0,zero,0,2056,0,-1
1586435836166980310,first,1,2046,0,0,second,2,2035,0,0,zero,0,2056,0,-1
1586435836231071459,first,1,2046,0,0,second,2,2035,0,0,zero,0,2055,0,-1
1586435836359048616,first,1,2047,0,0,second,2,2035,0,0,zero,0,2056,0,-1
1586435836423116818,first,1,2046,0,0,second,2,2035,0,0,zero,0,2055,0,-1
1586435836551182038,first,1,2046,0,0,second,2,2035,0,0,zero,0,2056,0,-1
1586435836614892434,first,1,2046,0,0,second,2,2035,0,0,zero,0,2056,0,0
1586435836743090236,first,1,2046,0,0,second,2,2035,0,0,zero,0,2056,0,-1
1586435836871066699,first,1,2046,0,0,second,2,2035,0,0,zero,0,2055,0,-1
1586435836935013656,first,1,2046,0,0,second,2,2035,0,0,zero,0,2056,0,-1
1586435837062980410,first,1,2047,0,0,second,2,2036,0,0,zero,0,2055,0,-1
1586435837126830567,first,1,2046,0,0,second,2,2037,0,0,zero,0,2056,0,-1
1586435837255383469,first,1,2046,0,0,second,2,2040,0,0,zero,0,2056,0,-1
1586435837319102553,first,1,2046,0,0,second,2,2042,0,0,zero,0,2056,0,0
1586435837447053896,first,1,2049,0,0,second,2,2045,0,0,zero,0,2056,0,-1
