1586433373830248617,1,2,0,2048,2048,2048
1586433373893437607,1,2,0,2048,2048,2048
1586433374021691357,1,2,0,2048,2048,2048
1586433374149318916,1,2,0,2048,2048,2048
1586433374213748925,1,2,0,2048,2048,2048
1586433374341398608,1,2,0,2048,2048,2048
1586433374405336625,1,2,0,2048,2048,2048
1586433374533018077,1,2,0,2048,2048,2048
1586433374597199225,1,2,0,2048,2048,2048
1586433374725618886,1,2,0,2048,2048,2048
1586433374789477101,1,2,0,2048,2048,2048
1586433374917552211,1,2,0,2048,2048,2048
1586433375045828534,1,2,0,2048,2048,2048
1586433375109474180,1,2,0,2048,2048,2048
1586433375237537810,1,2,0,2048,2048,2048
1586433375301461359,1,2,0,2048,2048,2048
1586433375429546992,1,2,0,2048,2048,2048
1586433375493584998,1,2,0,2048,2048,2048
1586433375621645449,1,2,0,2048,2048,2048
1586433375749593461,1,2,0,2048,2048,2048
1586433375813599895,1,2,0,2048,2048,2048
1586433375940913787,1,2,0,2048,2048,2048
1586433376004990198,1,2,0,2048,2048,2048
1586433376132976892,1,2,0,2048,2048,2048
1586433376196963325,1,2,0,2048,2048,2048
1586433376325002764,1,2,0,2048,2048,2048
1586433376388952571,1,2,0,2048,2048,2048
1586433376516943623,1,2,0,2048,2048,2048
1586433376644919303,1,2,0,2048,2048,2048
1586433376708926226,1,2,0,2048,2048,2048
1586433376836987677,1,2,0,2048,2048,2048
1586433376900953753,1,2,0,2048,2048,2048
1586433377029041198,1,2,0,2048,2048,2048
1586433377093475791,1,2,0,2048,2048,2048
1586433377222599832,1,2,0,2048,2048,2048
1586433377349531424,1,2,0,2048,2048,2048
1586433377413561244,1,2,0,2048,2048,2048
1586433377541529403,1,2,0,2048,2048,2048
1586433377605440201,1,2,0,2048,2048,2048
1586433377733697940,1,2,0,2048,2048,2048
1586433377797620776,1,2,0,2048,2048,2048
1586433377925489033,1,2,0,2048,2048,2048
1586433378055145225,1,2,0,2048,2048,2048
1586433378117206709,1,2,0,2143,2148,2148
1586433378246695807,1,2,0,2142,2147,2147
1586433378310419998,1,2,0,2142,2147,2147
1586433378437876783,1,2,0,2142,2147,2147
1586433378501776851,1,2,0,2142,2147,2147
1586433378629864992,1,2,0,2141,2146,2146
1586433378693906624,1,2,0,2140,2145,2145
1586433378821842117,1,2,0,2138,2143,2143
1586433378950824903,1,2,0,2136,2140,2140
1586433379014213671,1,2,0,2134,2139,2139
1586433379142064781,1,2,0,2131,2135,2135
1586433379205982275,1,2,0,2129,2133,2133
1586433379334651003,1,2,0,2125,2129,2129
1586433379397882803,1,2,0,2123,2127,2127
1586433379525809971,1,2,0,2118,2121,2121
1586433379589864121,1,2,0,2115,2119,2119
1586433379718285136,1,2,0,2110,2113,2113
1586433379846115718,1,2,0,2104,2107,2107
1586433379910080830,1,2,0,2101,2104,2104
1586433380037909048,1,2,0,2095,2098,2098
1586433380101898370,1,2,0,2092,2094,2094
1586433380230071678,1,2,0,2086,2088,2088
1586433380293737769,1,2,0,2083,2085,2085
1586433380421512208,1,2,0,2078,2079,2079
1586433380549288741,1,2,0,2072,2074,2074
1586433380613271706,1,2,0,2070,2071,2071
1586433380741250689,1,2,0,2065,2066,2066
1586433380805538092,1,2,0,2063,2064,2064
1586433380933893651,1,2,0,2059,2060,2060
1586433380997988423,1,2,0,2057,2058,2058
1586433381126160006,1,2,0,2054,2055,2055
1586433381189557049,1,2,0,2053,2053,2053
1586433381317619565,1,2,0,2051,2051,2051
1586433381445777761,1,2,0,2049,2049,2049
1586433381509269807,1,2,0,2049,2049,2049
1586433381637667886,1,2,0,2048,2048,2048
1586433381701820746,1,2,0,2048,2048,2048
1586433381829895286,1,2,0,2048,2048,2048
1586433381893921302,1,2,0,2048,2048,2048
1586433382021928062,1,2,0,2048,2048,2048
1586433382149897927,1,2,0,2048,2048,2048
1586433382213970741,1,2,0,2050,2050,2050
1586433382341616288,1,2,0,2058,2058,2058
1586433382405520221,1,2,0,2065,2065,2065
1586433382533768590,1,2,0,2087,2087,2087
1586433382597891635,1,2,0,2102,2102,2102
1586433382725419625,1,2,0,2141,2141,2141
1586433382789270007,1,2,0,2166,2166,2166
1586433382917189849,1,2,0,2225,2225,2225
1586433383045129399,1,2,0,2297,2297,2297
1586433383109418819,1,2,0,2338,2338,2338
1586433383237640583,1,2,0,2428,2428,2428
1586433383301309501,1,2,0,2477,2477,2477
1586433383430138496,1,2,0,2583,2583,2583
1586433383493805277,1,2,0,2639,2639,2639
1586433383621142593,1,2,0,2757,2757,2757
1586433383749462857,1,2,0,2880,2880,2880
1586433383813519763,1,2,0,2943,2943,2943
1586433383941375887,1,2,0,3071,3071,3071
1586433384005486315,1,2,0,3135,3135,3135
1586433384133912257,1,2,0,3262,3262,3262
1586433384197836351,1,2,0,3324,3324,3324
1586433384325850892,1,2,0,3445,3445,3445
1586433384389941167,1,2,0,3503,3503,3503
1586433384517957543,1,2,0,3613,3613,3613
1586433384645984142,1,2,0,3714,3714,3714
1586433384709852758,1,2,0,3761,3761,3761
1586433384838020636,1,2,0,3845,3845,3845
1586433384901783236,1,2,0,3883,3883,3883
1586433385046024681,1,2,0,3948,3948,3948
1586433385109944175,1,2,0,3976,3976,3976
1586433385237909064,1,2,0,4022,4022,4022
1586433385301888250,1,2,0,4040,4040,4040
1586433385430070858,1,2,0,4067,4067,4067
1586433385493984750,1,2,0,4077,4077,4077
1586433385621879182,1,2,0,4089,4089,4089
1586433385749981616,1,2,0,4094,4094,4094
1586433385813917365,1,2,0,4094,4094,4094
1586433385941524612,1,2,0,4094,4094,4094
1586433386005618648,1,2,0,4094,4094,4094
1586433386134269448,1,2,0,4092,4092,4092
1586433386197849302,1,2,0,4089,4089,4089
1586433386325906053,1,2,0,4077,4077,4077
1586433386389861223,1,2,0,4067,4067,4067
1586433386518059762,1,2,0,4040,4040,4040
1586433386661866483,1,2,0,4000,4000,4000
1586433386726168535,1,2,0,3976,3976,3976
1586433386790127759,1,2,0,3948,3948,3948
1586433386918150620,1,2,0,3883,3883,3883
1586433387046287324,1,2,0,3804,3804,3804
1586433387110009640,1,2,0,3761,3761,3761
1586433387238057191,1,2,0,3665,3665,3665
1586433387302054851,1,2,0,3613,3613,3613
1586433387430125227,1,2,0,3503,3503,3503
1586433387493892437,1,2,0,3445,3445,3445
1586433387621999510,1,2,0,3324,3324,3324
1586433387749956961,1,2,0,3199,3199,3199
1586433387814295212,1,2,0,3135,3135,3135
1586433387942158026,1,2,0,3007,3007,3007
1586433388005900108,1,2,0,2943,2943,2943
1586433388133956044,1,2,0,2818,2818,2818
1586433388198082409,1,2,0,2757,2757,2757
1586433388326112669,1,2,0,2639,2639,2639
1586433388390059355,1,2,0,2583,2583,2583
1586433388518406198,1,2,0,2477,2477,2477
1586433388646729795,1,2,0,2381,2381,2381
1586433388709908342,1,2,0,2338,2338,2338
1586433388838335033,1,2,0,2259,2259,2259
1586433388901920858,1,2,0,2225,2225,2225
1586433389030049506,1,2,0,2166,2166,2166
1586433389093981372,1,2,0,2141,2141,2141
1586433389222002801,1,2,0,2102,2102,2102
1586433389350184181,1,2,0,2075,2075,2075
1586433389414603760,1,2,0,2065,2065,2065
1586433389541895447,1,2,0,2053,2053,2053
1586433389605921124,1,2,0,2050,2050,2050
1586433389734034147,1,2,0,2048,2048,2048
1586433389797982357,1,2,0,2048,2048,2048
1586433389926055525,1,2,0,2047,2047,2047
1586433389990097479,1,2,0,2047,2047,2047
1586433390117967029,1,2,0,2042,2042,2042
1586433390246081376,1,2,0,2030,2030,2030
1586433390309989065,1,2,0,2020,2020,2020
1586433390438091618,1,2,0,1993,1993,1993
1586433390502187947,1,2,0,1975,1975,1975
1586433390630006898,1,2,0,1929,1929,1929
1586433390693965092,1,2,0,1901,1901,1901
1586433390822138961,1,2,0,1836,1836,1836
1586433390950542999,1,2,0,1757,1757,1757
1586433391014299962,1,2,0,1714,1714,1714
1586433391142016492,1,2,0,1618,1618,1618
1586433391205998532,1,2,0,1566,1566,1566
1586433391334219685,1,2,0,1456,1456,1456
1586433391398449995,1,2,0,1398,1398,1398
1586433391525948341,1,2,0,1277,1277,1277
1586433391590160577,1,2,0,1215,1215,1215
1586433391718078059,1,2,0,1088,1088,1088
1586433391846705071,1,2,0,960,960,960
1586433391909996848,1,2,0,896,896,896
1586433392038188619,1,2,0,771,771,771
1586433392102175536,1,2,0,710,710,710
1586433392230677426,1,2,0,592,592,592
1586433392294090541,1,2,0,536,536,536
1586433392422054173,1,2,0,430,430,430
1586433392549999329,1,2,0,334,334,334
1586433392614273866,1,2,0,291,291,291
1586433392742110901,1,2,0,212,212,212
1586433392806097976,1,2,0,178,178,178
1586433392934108221,1,2,0,119,119,119
1586433392998012965,1,2,0,95,95,95
1586433393126403763,1,2,0,55,55,55
1586433393190144256,1,2,0,40,40,40
1586433393318178839,1,2,0,18,18,18
1586433393446085229,1,2,0,6,6,6
1586433393509387340,1,2,0,3,3,3
1586433393638458306,1,2,0,1,1,1
1586433393702346467,1,2,0,1,1,1
1586433393829822811,1,2,0,1,1,1
1586433393893767034,1,2,0,1,1,1
1586433394022224421,1,2,0,6,6,6
1586433394150150852,1,2,0,18,18,18
1586433394214029526,1,2,0,28,28,28
1586433394358062163,1,2,0,55,55,55
1586433394422078649,1,2,0,73,73,73
1586433394550063483,1,2,0,119,119,119
1586433394614300745,1,2,0,147,147,147
1586433394742115938,1,2,0,212,212,212
1586433394806086044,1,2,0,250,250,250
1586433394934311490,1,2,0,334,334,334
1586433394998056374,1,2,0,381,381,381
1586433395126030170,1,2,0,482,482,482
1586433395190083508,1,2,0,536,536,536
1586433395318217856,1,2,0,650,650,650
1586433395446170442,1,2,0,771,771,771
1586433395510101007,1,2,0,833,833,833
1586433395638270200,1,2,0,960,960,960
1586433395702068395,1,2,0,1024,1024,1024
1586433395830159309,1,2,0,1152,1152,1152
1586433395894045438,1,2,0,1215,1215,1215
1586433396022202390,1,2,0,1338,1338,1338
1586433396150505934,1,2,0,1456,1456,1456
1586433396214310100,1,2,0,1512,1512,1512
1586433396342395560,1,2,0,1618,1618,1618
1586433396405492546,1,2,0,1667,1667,1667
1586433396534284880,1,2,0,1757,1757,1757
1586433396598153333,1,2,0,1798,1798,1798
1586433396726605124,1,2,0,1870,1870,1870
1586433396790299862,1,2,0,1901,1901,1901
1586433396918116106,1,2,0,1954,1954,1954
1586433397046170950,1,2,0,1993,1993,1993
1586433397110074103,1,2,0,2008,2008,2008
1586433397238081693,1,2,0,2030,2030,2030
1586433397302101336,1,2,0,2037,2037,2037
1586433397430336595,1,2,0,2045,2045,2045
1586433397494097914,1,2,0,2047,2047,2047
1586433397622084216,1,2,0,2048,2048,2048
1586433397750101220,1,2,0,2048,2048,2048
1586433397814439012,1,2,0,2048,2048,2048
1586433397942079707,1,2,0,2053,2053,2053
1586433398006128770,1,2,0,2058,2058,2058
1586433398134137393,1,2,0,2075,2075,2075
1586433398198071524,1,2,0,2087,2087,2087
1586433398326316153,1,2,0,2120,2120,2120
1586433398390194650,1,2,0,2141,2141,2141
1586433398518139139,1,2,0,2194,2194,2194
1586433398646300105,1,2,0,2259,2259,2259
1586433398710215831,1,2,0,2297,2297,2297
1586433398838185648,1,2,0,2381,2381,2381
1586433398902159308,1,2,0,2428,2428,2428
1586433399030068759,1,2,0,2529,2529,2529
1586433399094020479,1,2,0,2583,2583,2583
1586433399222115105,1,2,0,2697,2697,2697
1586433399350183715,1,2,0,2818,2818,2818
1586433399414130000,1,2,0,2880,2880,2880
1586433399542369670,1,2,0,3007,3007,3007
1586433399606059150,1,2,0,3071,3071,3071
1586433399734105889,1,2,0,3199,3199,3199
1586433399798015483,1,2,0,3262,3262,3262
1586433399926254997,1,2,0,3385,3385,3385
1586433399990378086,1,2,0,3445,3445,3445
1586433400118105216,1,2,0,3559,3559,3559
1586433400246124204,1,2,0,3665,3665,3665
1586433400310043454,1,2,0,3714,3714,3714
1586433400438740261,1,2,0,3804,3804,3804
1586433400502090512,1,2,0,3845,3845,3845
1586433400630182353,1,2,0,3917,3917,3917
1586433400694019726,1,2,0,3948,3948,3948
1586433400822011463,1,2,0,4000,4000,4000
1586433400950148508,1,2,0,4040,4040,4040
1586433401014290244,1,2,0,4055,4055,4055
1586433401142071442,1,2,0,4077,4077,4077
1586433401206100468,1,2,0,4084,4084,4084
1586433401334065687,1,2,0,4092,4092,4092
1586433401398078618,1,2,0,4094,4094,4094
1586433401526039048,1,2,0,4094,4094,4094
1586433401590098543,1,2,0,4094,4094,4094
1586433401718676894,1,2,0,4094,4094,4094
1586433401846066134,1,2,0,4089,4089,4089
1586433401910127040,1,2,0,4084,4084,4084
1586433402038574130,1,2,0,4067,4067,4067
1586433402102390868,1,2,0,4055,4055,4055
1586433402230071597,1,2,0,4022,4022,4022
1586433402294092401,1,2,0,4000,4000,4000
1586433402422092749,1,2,0,3948,3948,3948
1586433402550427603,1,2,0,3883,3883,3883
1586433402614386893,1,2,0,3845,3845,3845
1586433402742148986,1,2,0,3761,3761,3761
1586433402806066747,1,2,0,3714,3714,3714
1586433402934247657,1,2,0,3613,3613,3613
1586433402998082105,1,2,0,3559,3559,3559
1586433403126395982,1,2,0,3445,3445,3445
1586433403190121788,1,2,0,3385,3385,3385
1586433403318213884,1,2,0,3262,3262,3262
1586433403446361184,1,2,0,3135,3135,3135
1586433403510045926,1,2,0,3071,3071,3071
1586433403638180519,1,2,0,2943,2943,2943
1586433403702107193,1,2,0,2880,2880,2880
1586433403830103256,1,2,0,2757,2757,2757
1586433403894208520,1,2,0,2697,2697,2697
1586433404022105052,1,2,0,2583,2583,2583
1586433404150604554,1,2,0,2477,2477,2477
1586433404214527953,1,2,0,2428,2428,2428
1586433404342279334,1,2,0,2338,2338,2338
1586433404406136443,1,2,0,2297,2297,2297
1586433404534026515,1,2,0,2225,2225,2225
1586433404598132618,1,2,0,2194,2194,2194
1586433404726068947,1,2,0,2141,2141,2141
1586433404790397922,1,2,0,2120,2120,2120
1586433404918167432,1,2,0,2087,2087,2087
1586433405046080044,1,2,0,2065,2065,2065
1586433405110091785,1,2,0,2058,2058,2058
1586433405238196973,1,2,0,2050,2050,2050
1586433405302048220,1,2,0,2048,2048,2048
1586433405430150734,1,2,0,2048,2048,2048
1586433405494077398,1,2,0,2048,2048,2048
1586433405622104648,1,2,0,2047,2047,2047
1586433405750152446,1,2,0,2042,2042,2042
1586433405814295066,1,2,0,2037,2037,2037
1586433405942403654,1,2,0,2020,2020,2020
1586433406006202731,1,2,0,2008,2008,2008
1586433406134778262,1,2,0,1975,1975,1975
1586433406198279584,1,2,0,1954,1954,1954
1586433406326449033,1,2,0,1901,1901,1901
1586433406390281495,1,2,0,1870,1870,1870
1586433406518627028,1,2,0,1798,1798,1798
1586433406646325256,1,2,0,1714,1714,1714
1586433406710299265,1,2,0,1667,1667,1667
1586433406838416330,1,2,0,1566,1566,1566
1586433406902211873,1,2,0,1512,1512,1512
1586433407030223467,1,2,0,1398,1398,1398
1586433407094292171,1,2,0,1338,1338,1338
1586433407222844470,1,2,0,1215,1215,1215
1586433407350412172,1,2,0,1088,1088,1088
1586433407414242788,1,2,0,1024,1024,1024
1586433407542216633,1,2,0,896,896,896
1586433407606290632,1,2,0,833,833,833
1586433407734389429,1,2,0,710,710,710
1586433407798273218,1,2,0,650,650,650
1586433407926333216,1,2,0,536,536,536
1586433407990308176,1,2,0,482,482,482
1586433408118723393,1,2,0,381,381,381
1586433408246668035,1,2,0,291,291,291
1586433408310324401,1,2,0,250,250,250
1586433408438599584,1,2,0,178,178,178
1586433408502280783,1,2,0,147,147,147
1586433408630282409,1,2,0,95,95,95
1586433408694428973,1,2,0,73,73,73
1586433408822362780,1,2,0,40,40,40
1586433408950283446,1,2,0,18,18,18
1586433409014521043,1,2,0,11,11,11
1586433409142241884,1,2,0,3,3,3
1586433409206359756,1,2,0,1,1,1
1586433409334466360,1,2,0,1,1,1
1586433409398381955,1,2,0,1,1,1
1586433409526281084,1,2,0,1,1,1
1586433409590343016,1,2,0,3,3,3
1586433409718288946,1,2,0,11,11,11
1586433409846493510,1,2,0,28,28,28
1586433409910171986,1,2,0,40,40,40
1586433410038314799,1,2,0,73,73,73
1586433410102349873,1,2,0,95,95,95
1586433410230832013,1,2,0,147,147,147
1586433410294331320,1,2,0,178,178,178
1586433410422046996,1,2,0,250,250,250
1586433410550929338,1,2,0,334,334,334
1586433410614858995,1,2,0,381,381,381
1586433410742324382,1,2,0,482,482,482
1586433410806331338,1,2,0,536,536,536
1586433410934363346,1,2,0,650,650,650
1586433410998287386,1,2,0,710,710,710
1586433411126234721,1,2,0,833,833,833
1586433411190320095,1,2,0,896,896,896
1586433411318429684,1,2,0,1024,1024,1024
1586433411447033820,1,2,0,1152,1152,1152
1586433411510301767,1,2,0,1215,1215,1215
1586433411638331157,1,2,0,1338,1338,1338
1586433411702257398,1,2,0,1398,1398,1398
1586433411830207699,1,2,0,1512,1512,1512
1586433411894307912,1,2,0,1566,1566,1566
1586433412022272595,1,2,0,1667,1667,1667
1586433412150337023,1,2,0,1757,1757,1757
1586433412214527340,1,2,0,1798,1798,1798
1586433412342214641,1,2,0,1870,1870,1870
1586433412406238741,1,2,0,1901,1901,1901
1586433412534365568,1,2,0,1954,1954,1954
1586433412598342352,1,2,0,1975,1975,1975
1586433412726388467,1,2,0,2008,2008,2008
1586433412790329903,1,2,0,2020,2020,2020
1586433412918598211,1,2,0,2037,2037,2037
1586433413046298757,1,2,0,2045,2045,2045
1586433413110433873,1,2,0,2047,2047,2047
1586433413238763180,1,2,0,2048,2048,2048
1586433413302304440,1,2,0,2048,2048,2048
1586433413430402888,1,2,0,2048,2048,2048
1586433413494342952,1,2,0,2050,2050,2050
1586433413622566546,1,2,0,2058,2058,2058
1586433413750347552,1,2,0,2075,2075,2075
1586433413814423793,1,2,0,2087,2087,2087
1586433413942421846,1,2,0,2120,2120,2120
1586433414006314080,1,2,0,2141,2141,2141
1586433414135070735,1,2,0,2194,2194,2194
1586433414198418084,1,2,0,2225,2225,2225
1586433414326476209,1,2,0,2297,2297,2297
1586433414390335559,1,2,0,2338,2338,2338
1586433414518356254,1,2,0,2428,2428,2428
1586433414646382956,1,2,0,2529,2529,2529
1586433414710304547,1,2,0,2583,2583,2583
1586433414838410115,1,2,0,2697,2697,2697
1586433414902401170,1,2,0,2757,2757,2757
1586433415030371309,1,2,0,2880,2880,2880
1586433415094329290,1,2,0,2943,2943,2943
1586433415222466522,1,2,0,3071,3071,3071
1586433415350404600,1,2,0,3199,3199,3199
1586433415414459151,1,2,0,3262,3262,3262
1586433415542331268,1,2,0,3385,3385,3385
1586433415606576758,1,2,0,3445,3445,3445
1586433415734505541,1,2,0,3559,3559,3559
1586433415798346554,1,2,0,3613,3613,3613
1586433415926347491,1,2,0,3714,3714,3714
1586433415990418720,1,2,0,3761,3761,3761
1586433416118362085,1,2,0,3845,3845,3845
1586433416246568221,1,2,0,3917,3917,3917
1586433416310366197,1,2,0,3948,3948,3948
1586433416438471494,1,2,0,4000,4000,4000
1586433416502378262,1,2,0,4022,4022,4022
1586433416630611025,1,2,0,4055,4055,4055
1586433416694401012,1,2,0,4067,4067,4067
1586433416822346313,1,2,0,4084,4084,4084
1586433416950396938,1,2,0,4092,4092,4092
1586433417014578271,1,2,0,4094,4094,4094
1586433417142407431,1,2,0,4094,4094,4094
1586433417206381286,1,2,0,4094,4094,4094
1586433417334430734,1,2,0,4094,4094,4094
1586433417398326283,1,2,0,4092,4092,4092
1586433417526786187,1,2,0,4084,4084,4084
1586433417590425618,1,2,0,4077,4077,4077
1586433417718479878,1,2,0,4055,4055,4055
1586433417846427964,1,2,0,4022,4022,4022
1586433417910480183,1,2,0,4000,4000,4000
1586433418038698933,1,2,0,3948,3948,3948
1586433418102437368,1,2,0,3917,3917,3917
1586433418230537523,1,2,0,3845,3845,3845
1586433418294396435,1,2,0,3804,3804,3804
1586433418422399164,1,2,0,3714,3714,3714
1586433418550426169,1,2,0,3613,3613,3613
1586433418614567709,1,2,0,3559,3559,3559
1586433418742514435,1,2,0,3445,3445,3445
1586433418806548417,1,2,0,3385,3385,3385
1586433418934443898,1,2,0,3262,3262,3262
1586433418998363945,1,2,0,3199,3199,3199
1586433419126407622,1,2,0,3071,3071,3071
1586433419190369162,1,2,0,3007,3007,3007
1586433419318778921,1,2,0,2880,2880,2880
1586433419446167595,1,2,0,2757,2757,2757
1586433419510563776,1,2,0,2697,2697,2697
1586433419639003401,1,2,0,2583,2583,2583
1586433419702550396,1,2,0,2529,2529,2529
1586433419830702322,1,2,0,2428,2428,2428
1586433419894638384,1,2,0,2381,2381,2381
1586433420022598082,1,2,0,2297,2297,2297
1586433420150686727,1,2,0,2225,2225,2225
1586433420214757956,1,2,0,2194,2194,2194
1586433420342612918,1,2,0,2141,2141,2141
1586433420406385316,1,2,0,2120,2120,2120
1586433420535045853,1,2,0,2087,2087,2087
1586433420598501053,1,2,0,2075,2075,2075
1586433420726423152,1,2,0,2058,2058,2058
1586433420790505679,1,2,0,2053,2053,2053
1586433420918573618,1,2,0,2048,2048,2048
1586433421046760036,1,2,0,2048,2048,2048
1586433421110871122,1,2,0,2048,2048,2048
1586433421238430700,1,2,0,2047,2047,2047
1586433421302576158,1,2,0,2045,2045,2045
1586433421430524810,1,2,0,2037,2037,2037
1586433421494426001,1,2,0,2030,2030,2030
1586433421622391037,1,2,0,2008,2008,2008
1586433421750825317,1,2,0,1975,1975,1975
1586433421814631494,1,2,0,1954,1954,1954
1586433421942537773,1,2,0,1901,1901,1901
1586433422006662971,1,2,0,1870,1870,1870
1586433422134483600,1,2,0,1798,1798,1798
1586433422198458941,1,2,0,1757,1757,1757
1586433422326591431,1,2,0,1667,1667,1667
1586433422390527876,1,2,0,1618,1618,1618
1586433422519226342,1,2,0,1512,1512,1512
1586433422647285602,1,2,0,1398,1398,1398
1586433422710570958,1,2,0,1338,1338,1338
1586433422838529367,1,2,0,1215,1215,1215
1586433422902499264,1,2,0,1152,1152,1152
1586433423030439867,1,2,0,1024,1024,1024
1586433423094642691,1,2,0,960,960,960
1586433423222553977,1,2,0,833,833,833
1586433423350498719,1,2,0,710,710,710
1586433423414586166,1,2,0,650,650,650
1586433423542705529,1,2,0,536,536,536
1586433423606499811,1,2,0,482,482,482
1586433423734633033,1,2,0,381,381,381
1586433423798563406,1,2,0,334,334,334
1586433423926509417,1,2,0,250,250,250
1586433423990500751,1,2,0,212,212,212
1586433424118609250,1,2,0,147,147,147
1586433424246528143,1,2,0,95,95,95
1586433424310559889,1,2,0,73,73,73
1586433424438579323,1,2,0,40,40,40
1586433424502727787,1,2,0,28,28,28
1586433424630505691,1,2,0,11,11,11
1586433424694457929,1,2,0,6,6,6
1586433424822724769,1,2,0,1,1,1
1586433424950549331,1,2,0,1,1,1
1586433425014668726,1,2,0,1,1,1
1586433425142590216,1,2,0,1,1,1
1586433425206584331,1,2,0,3,3,3
1586433425334617602,1,2,0,11,11,11
1586433425398397867,1,2,0,18,18,18
1586433425526531584,1,2,0,40,40,40
1586433425590709651,1,2,0,55,55,55
1586433425718550158,1,2,0,95,95,95
1586433425846833631,1,2,0,147,147,147
1586433425910481027,1,2,0,178,178,178
1586433426038548622,1,2,0,250,250,250
1586433426102556774,1,2,0,291,291,291
1586433426230780190,1,2,0,381,381,381
1586433426294498901,1,2,0,430,430,430
1586433426422748586,1,2,0,536,536,536
1586433426550642456,1,2,0,650,650,650
1586433426614576545,1,2,0,710,710,710
1586433426742633715,1,2,0,833,833,833
1586433426806435638,1,2,0,896,896,896
1586433426934735858,1,2,0,1024,1024,1024
1586433426998494079,1,2,0,1088,1088,1088
1586433427126505992,1,2,0,1215,1215,1215
1586433427190632466,1,2,0,1277,1277,1277
1586433427319565624,1,2,0,1398,1398,1398
1586433427447060917,1,2,0,1512,1512,1512
1586433427510602126,1,2,0,1566,1566,1566
1586433427638480988,1,2,0,1667,1667,1667
1586433427703014417,1,2,0,1714,1714,1714
1586433427846552709,1,2,0,1798,1798,1798
1586433427910562425,1,2,0,1836,1836,1836
1586433428038572952,1,2,0,1901,1901,1901
1586433428102556091,1,2,0,1929,1929,1929
1586433428230599190,1,2,0,1975,1975,1975
1586433428294553179,1,2,0,1993,1993,1993
1586433428422622847,1,2,0,2020,2020,2020
1586433428549836068,1,2,0,2037,2037,2037
1586433428615144948,1,2,0,2042,2042,2042
1586433428743157956,1,2,0,2047,2047,2047
1586433428806718421,1,2,0,2047,2047,2047
1586433428934783368,1,2,0,2048,2048,2048
1586433428998712092,1,2,0,2048,2048,2048
1586433429143077359,1,2,0,2050,2050,2050
1586433429207070109,1,2,0,2053,2053,2053
1586433429335206955,1,2,0,2065,2065,2065
1586433429398744912,1,2,0,2075,2075,2075
1586433429543131133,1,2,0,2102,2102,2102
1586433429606646933,1,2,0,2120,2120,2120
1586433429734882612,1,2,0,2166,2166,2166
1586433429798715579,1,2,0,2194,2194,2194
1586433429926934718,1,2,0,2259,2259,2259
1586433429990711029,1,2,0,2297,2297,2297
1586433430118866075,1,2,0,2381,2381,2381
1586433430246560714,1,2,0,2477,2477,2477
1586433430310580889,1,2,0,2529,2529,2529
1586433430439246173,1,2,0,2639,2639,2639
1586433430501914021,1,2,0,2697,2697,2697
1586433430630280960,1,2,0,2818,2818,2818
1586433430694315201,1,2,0,2880,2880,2880
1586433430822274108,1,2,0,3007,3007,3007
1586433430950321440,1,2,0,3135,3135,3135
1586433431014612778,1,2,0,3199,3199,3199
1586433431142633403,1,2,0,3324,3324,3324
1586433431206663084,1,2,0,3385,3385,3385
1586433431334210376,1,2,0,3503,3503,3503
1586433431398248075,1,2,0,3559,3559,3559
1586433431527087372,1,2,0,3665,3665,3665
1586433431590775320,1,2,0,3714,3714,3714
1586433431719046321,1,2,0,3804,3804,3804
1586433431846864362,1,2,0,3883,3883,3883
1586433431910811953,1,2,0,3917,3917,3917
1586433432038985324,1,2,0,3976,3976,3976
1586433432102720822,1,2,0,4000,4000,4000
1586433432230752224,1,2,0,4040,4040,4040
1586433432295186665,1,2,0,4055,4055,4055
1586433432422871234,1,2,0,4077,4077,4077
1586433432551174691,1,2,0,4089,4089,4089
1586433432614859054,1,2,0,4092,4092,4092
1586433432742862975,1,2,0,4094,4094,4094
1586433432806924129,1,2,0,4094,4094,4094
1586433432935526716,1,2,0,4094,4094,4094
1586433432998938883,1,2,0,4094,4094,4094
1586433433127031188,1,2,0,4089,4089,4089
1586433433190933531,1,2,0,4084,4084,4084
1586433433318633504,1,2,0,4067,4067,4067
1586433433446724960,1,2,0,4040,4040,4040
1586433433510643941,1,2,0,4022,4022,4022
1586433433638705898,1,2,0,3976,3976,3976
1586433433702637885,1,2,0,3948,3948,3948
1586433433830676579,1,2,0,3883,3883,3883
1586433433894807488,1,2,0,3845,3845,3845
1586433434022832236,1,2,0,3761,3761,3761
1586433434150671552,1,2,0,3665,3665,3665
1586433434214813153,1,2,0,3613,3613,3613
1586433434342631510,1,2,0,3503,3503,3503
1586433434406666619,1,2,0,3445,3445,3445
1586433434534677739,1,2,0,3324,3324,3324
1586433434598591489,1,2,0,3262,3262,3262
1586433434726799384,1,2,0,3135,3135,3135
1586433434790662771,1,2,0,3071,3071,3071
1586433434918675773,1,2,0,2943,2943,2943
1586433435062733346,1,2,0,2818,2818,2818
1586433435126655259,1,2,0,2757,2757,2757
1586433435190634747,1,2,0,2697,2697,2697
1586433435318663456,1,2,0,2583,2583,2583
1586433435446650136,1,2,0,2477,2477,2477
1586433435510722477,1,2,0,2428,2428,2428
1586433435638870510,1,2,0,2338,2338,2338
1586433435702626568,1,2,0,2297,2297,2297
1586433435830993868,1,2,0,2225,2225,2225
1586433435894846163,1,2,0,2194,2194,2194
1586433436022676806,1,2,0,2141,2141,2141
1586433436150683787,1,2,0,2102,2102,2102
1586433436214753863,1,2,0,2087,2087,2087
1586433436342741118,1,2,0,2065,2065,2065
1586433436406719649,1,2,0,2058,2058,2058
1586433436534714196,1,2,0,2050,2050,2050
1586433436598669487,1,2,0,2048,2048,2048
1586433436726690521,1,2,0,2048,2048,2048
1586433436790707409,1,2,0,2048,2048,2048
1586433436918843224,1,2,0,2047,2047,2047
1586433437046761144,1,2,0,2042,2042,2042
1586433437110667263,1,2,0,2037,2037,2037
1586433437238744839,1,2,0,2020,2020,2020
1586433437302695348,1,2,0,2008,2008,2008
1586433437430769889,1,2,0,1975,1975,1975
1586433437494697887,1,2,0,1954,1954,1954
1586433437623035110,1,2,0,1901,1901,1901
1586433437751043804,1,2,0,1836,1836,1836
1586433437814858301,1,2,0,1798,1798,1798
1586433437943010286,1,2,0,1714,1714,1714
1586433438006821109,1,2,0,1667,1667,1667
1586433438134741595,1,2,0,1566,1566,1566
1586433438198756180,1,2,0,1512,1512,1512
1586433438326703470,1,2,0,1398,1398,1398
1586433438390704475,1,2,0,1338,1338,1338
1586433438519646113,1,2,0,1215,1215,1215
1586433438646915171,1,2,0,1088,1088,1088
1586433438710697733,1,2,0,1024,1024,1024
1586433438838722052,1,2,0,896,896,896
1586433438902793672,1,2,0,833,833,833
1586433439031058808,1,2,0,710,710,710
1586433439095229795,1,2,0,650,650,650
1586433439222738781,1,2,0,536,536,536
1586433439350828672,1,2,0,430,430,430
1586433439415498495,1,2,0,381,381,381
1586433439543163661,1,2,0,291,291,291
1586433439606797035,1,2,0,250,250,250
1586433439734803747,1,2,0,178,178,178
1586433439798703149,1,2,0,147,147,147
1586433439926892993,1,2,0,95,95,95
1586433439990789769,1,2,0,73,73,73
1586433440118763862,1,2,0,40,40,40
1586433440246951745,1,2,0,18,18,18
1586433440310715990,1,2,0,11,11,11
1586433440438874973,1,2,0,3,3,3
1586433440502728387,1,2,0,1,1,1
1586433440629948784,1,2,0,1,1,1
1586433440694002373,1,2,0,1,1,1
1586433440822138322,1,2,0,1,1,1
1586433440950087981,1,2,0,6,6,6
1586433441014112810,1,2,0,11,11,11
1586433441142999153,1,2,0,28,28,28
1586433441206392820,1,2,0,40,40,40
1586433441334154908,1,2,0,73,73,73
1586433441398123047,1,2,0,95,95,95
1586433441526001165,1,2,0,147,147,147
1586433441590014040,1,2,0,178,178,178
1586433441718045717,1,2,0,250,250,250
1586433441846466100,1,2,0,334,334,334
1586433441910051739,1,2,0,381,381,381
1586433442038487511,1,2,0,482,482,482
1586433442102639606,1,2,0,536,536,536
1586433442230313599,1,2,0,650,650,650
1586433442294339944,1,2,0,710,710,710
1586433442422038559,1,2,0,833,833,833
1586433442550577113,1,2,0,960,960,960
1586433442615247656,1,2,0,1024,1024,1024
1586433442742574299,1,2,0,1152,1152,1152
1586433442806656312,1,2,0,1215,1215,1215
1586433442934736511,1,2,0,1338,1338,1338
1586433442998711248,1,2,0,1398,1398,1398
1586433443126666182,1,2,0,1512,1512,1512
1586433443190596229,1,2,0,1566,1566,1566
1586433443319978931,1,2,0,1667,1667,1667
1586433443446669600,1,2,0,1757,1757,1757
1586433443510696641,1,2,0,1798,1798,1798
1586433443639128545,1,2,0,1870,1870,1870
1586433443702495323,1,2,0,1901,1901,1901
1586433443830388019,1,2,0,1954,1954,1954
1586433443894886964,1,2,0,1975,1975,1975
1586433444023356380,1,2,0,2008,2008,2008
1586433444150946571,1,2,0,2030,2030,2030
1586433444214859775,1,2,0,2037,2037,2037
1586433444343976178,1,2,0,2045,2045,2045
1586433444406511880,1,2,0,2047,2047,2047
1586433444534648644,1,2,0,2048,2048,2048
1586433444598967262,1,2,0,2048,2048,2048
1586433444726743921,1,2,0,2048,2048,2048
1586433444790788282,1,2,0,2050,2050,2050
1586433444918723419,1,2,0,2058,2058,2058
1586433445046816733,1,2,0,2075,2075,2075
1586433445110827787,1,2,0,2087,2087,2087
1586433445239081805,1,2,0,2120,2120,2120
1586433445302907430,1,2,0,2141,2141,2141
1586433445446810522,1,2,0,2194,2194,2194
1586433445510839508,1,2,0,2225,2225,2225
1586433445638792520,1,2,0,2297,2297,2297
1586433445703068151,1,2,0,2338,2338,2338
1586433445847111670,1,2,0,2428,2428,2428
1586433445910975936,1,2,0,2477,2477,2477
1586433446038949379,1,2,0,2583,2583,2583
1586433446102773565,1,2,0,2639,2639,2639
1586433446231648716,1,2,0,2757,2757,2757
1586433446294762053,1,2,0,2818,2818,2818
1586433446422828238,1,2,0,2943,2943,2943
1586433446550940087,1,2,0,3071,3071,3071
1586433446614901930,1,2,0,3135,3135,3135
1586433446742971973,1,2,0,3262,3262,3262
1586433446806743358,1,2,0,3324,3324,3324
1586433446934842701,1,2,0,3445,3445,3445
1586433446998795565,1,2,0,3503,3503,3503
1586433447127064565,1,2,0,3613,3613,3613
1586433447190879897,1,2,0,3665,3665,3665
1586433447318995184,1,2,0,3761,3761,3761
1586433447446990836,1,2,0,3845,3845,3845
1586433447510797532,1,2,0,3883,3883,3883
1586433447638817192,1,2,0,3948,3948,3948
1586433447702818727,1,2,0,3976,3976,3976
1586433447830865405,1,2,0,4022,4022,4022
1586433447894785241,1,2,0,4040,4040,4040
1586433448023412260,1,2,0,4067,4067,4067
1586433448150777278,1,2,0,4084,4084,4084
1586433448215101138,1,2,0,4089,4089,4089
1586433448342867664,1,2,0,4094,4094,4094
1586433448406758158,1,2,0,4094,4094,4094
1586433448535072189,1,2,0,4094,4094,4094
1586433448598832264,1,2,0,4094,4094,4094
1586433448727029440,1,2,0,4092,4092,4092
1586433448790864816,1,2,0,4089,4089,4089
1586433448918930916,1,2,0,4077,4077,4077
1586433449047017560,1,2,0,4055,4055,4055
1586433449110827436,1,2,0,4040,4040,4040
1586433449238987087,1,2,0,4000,4000,4000
1586433449302880719,1,2,0,3976,3976,3976
1586433449431105126,1,2,0,3917,3917,3917
1586433449494741102,1,2,0,3883,3883,3883
1586433449623328371,1,2,0,3804,3804,3804
1586433449750954125,1,2,0,3714,3714,3714
1586433449815587023,1,2,0,3665,3665,3665
1586433449942911356,1,2,0,3559,3559,3559
1586433450006902818,1,2,0,3503,3503,3503
1586433450135739586,1,2,0,3385,3385,3385
1586433450199013951,1,2,0,3324,3324,3324
1586433450326996696,1,2,0,3199,3199,3199
1586433450390881024,1,2,0,3135,3135,3135
1586433450518885543,1,2,0,3007,3007,3007
1586433450647099655,1,2,0,2880,2880,2880
1586433450711191541,1,2,0,2818,2818,2818
1586433450838942894,1,2,0,2697,2697,2697
1586433450902969231,1,2,0,2639,2639,2639
1586433451030965645,1,2,0,2529,2529,2529
1586433451094838411,1,2,0,2477,2477,2477
1586433451222863221,1,2,0,2381,2381,2381
1586433451351120208,1,2,0,2297,2297,2297
1586433451415584294,1,2,0,2259,2259,2259
1586433451542120330,1,2,0,2194,2194,2194
1586433451606991281,1,2,0,2166,2166,2166
1586433451735196711,1,2,0,2120,2120,2120
1586433451799027285,1,2,0,2102,2102,2102
1586433451927049943,1,2,0,2075,2075,2075
1586433451991220451,1,2,0,2065,2065,2065
1586433452119200385,1,2,0,2053,2053,2053
1586433452247697197,1,2,0,2048,2048,2048
1586433452311090678,1,2,0,2048,2048,2048
1586433452439063587,1,2,0,2048,2048,2048
1586433452503016450,1,2,0,2047,2047,2047
1586433452631387082,1,2,0,2045,2045,2045
1586433452695076936,1,2,0,2042,2042,2042
1586433452823254644,1,2,0,2030,2030,2030
1586433452951050198,1,2,0,2008,2008,2008
1586433453015094871,1,2,0,1993,1993,1993
1586433453143715195,1,2,0,1954,1954,1954
1586433453207223680,1,2,0,1929,1929,1929
1586433453335142896,1,2,0,1870,1870,1870
1586433453399046708,1,2,0,1836,1836,1836
1586433453527246387,1,2,0,1757,1757,1757
1586433453591322548,1,2,0,1714,1714,1714
1586433453719596462,1,2,0,1618,1618,1618
1586433453847677110,1,2,0,1512,1512,1512
1586433453911119060,1,2,0,1456,1456,1456
1586433454039245835,1,2,0,1338,1338,1338
1586433454103236483,1,2,0,1277,1277,1277
1586433454231066760,1,2,0,1152,1152,1152
1586433454295225016,1,2,0,1088,1088,1088
1586433454423038389,1,2,0,960,960,960
1586433454551149414,1,2,0,833,833,833
1586433454615480626,1,2,0,771,771,771
1586433454743676340,1,2,0,650,650,650
1586433454807507612,1,2,0,592,592,592
1586433454935211743,1,2,0,482,482,482
1586433454999130404,1,2,0,430,430,430
1586433455127227866,1,2,0,334,334,334
1586433455191372509,1,2,0,291,291,291
1586433455319139542,1,2,0,212,212,212
1586433455447151952,1,2,0,147,147,147
1586433455511228084,1,2,0,119,119,119
1586433455639598248,1,2,0,73,73,73
1586433455703254429,1,2,0,55,55,55
1586433455831056965,1,2,0,28,28,28
1586433455895218185,1,2,0,18,18,18
1586433456023264824,1,2,0,6,6,6
1586433456151460201,1,2,0,1,1,1
1586433456215423618,1,2,0,1,1,1
1586433456358438730,1,2,0,1,1,1
1586433456422764124,1,2,0,1,1,1
1586433456551084192,1,2,0,3,3,3
1586433456614892657,1,2,0,6,6,6
1586433456742921323,1,2,0,18,18,18
1586433456806849851,1,2,0,28,28,28
1586433456935112848,1,2,0,55,55,55
1586433456998837898,1,2,0,73,73,73
1586433457126982630,1,2,0,119,119,119
1586433457191121715,1,2,0,147,147,147
1586433457318931386,1,2,0,212,212,212
1586433457447260494,1,2,0,291,291,291
1586433457510849401,1,2,0,334,334,334
1586433457638902617,1,2,0,430,430,430
1586433457702832293,1,2,0,482,482,482
1586433457831032341,1,2,0,592,592,592
1586433457894980357,1,2,0,650,650,650
1586433458022854370,1,2,0,771,771,771
1586433458150891966,1,2,0,896,896,896
1586433458215200367,1,2,0,960,960,960
1586433458342927103,1,2,0,1088,1088,1088
1586433458406868575,1,2,0,1152,1152,1152
1586433458535215304,1,2,0,1277,1277,1277
1586433458598851610,1,2,0,1338,1338,1338
1586433458726981507,1,2,0,1456,1456,1456
1586433458790909791,1,2,0,1512,1512,1512
1586433458918896916,1,2,0,1618,1618,1618
1586433459047052335,1,2,0,1714,1714,1714
1586433459110920977,1,2,0,1757,1757,1757
1586433459238907024,1,2,0,1836,1836,1836
1586433459303036309,1,2,0,1870,1870,1870
1586433459430896947,1,2,0,1929,1929,1929
1586433459494907095,1,2,0,1954,1954,1954
1586433459622910823,1,2,0,1993,1993,1993
1586433459750998084,1,2,0,2020,2020,2020
1586433459814890682,1,2,0,2030,2030,2030
1586433459942866031,1,2,0,2042,2042,2042
1586433460006979642,1,2,0,2045,2045,2045
1586433460135016266,1,2,0,2047,2047,2047
1586433460198863107,1,2,0,2048,2048,2048
1586433460326870273,1,2,0,2048,2048,2048
1586433460390905568,1,2,0,2048,2048,2048
1586433460519262085,1,2,0,2053,2053,2053
1586433460647094206,1,2,0,2065,2065,2065
1586433460710953953,1,2,0,2075,2075,2075
1586433460839004870,1,2,0,2102,2102,2102
1586433460902872911,1,2,0,2120,2120,2120
1586433461031040235,1,2,0,2166,2166,2166
1586433461095081658,1,2,0,2194,2194,2194
1586433461222892205,1,2,0,2259,2259,2259
1586433461351121202,1,2,0,2338,2338,2338
1586433461414893042,1,2,0,2381,2381,2381
1586433461542983737,1,2,0,2477,2477,2477
1586433461606962688,1,2,0,2529,2529,2529
1586433461735114444,1,2,0,2639,2639,2639
1586433461799032968,1,2,0,2697,2697,2697
1586433461926947475,1,2,0,2818,2818,2818
1586433461990985134,1,2,0,2880,2880,2880
1586433462119067952,1,2,0,3007,3007,3007
1586433462247002649,1,2,0,3135,3135,3135
1586433462310901921,1,2,0,3199,3199,3199
1586433462438939489,1,2,0,3324,3324,3324
1586433462502751137,1,2,0,3385,3385,3385
1586433462630550640,1,2,0,3503,3503,3503
1586433462694566918,1,2,0,3559,3559,3559
1586433462822676324,1,2,0,3665,3665,3665
1586433462950660914,1,2,0,3761,3761,3761
1586433463014544531,1,2,0,3804,3804,3804
1586433463143319538,1,2,0,3883,3883,3883
1586433463207275115,1,2,0,3917,3917,3917
1586433463334817665,1,2,0,3976,3976,3976
1586433463399041394,1,2,0,4000,4000,4000
1586433463527156180,1,2,0,4040,4040,4040
1586433463591119952,1,2,0,4055,4055,4055
1586433463719159500,1,2,0,4077,4077,4077
1586433463847221733,1,2,0,4089,4089,4089
1586433463911190327,1,2,0,4092,4092,4092
1586433464039192907,1,2,0,4094,4094,4094
1586433464103081225,1,2,0,4094,4094,4094
1586433464231116939,1,2,0,4094,4094,4094
1586433464295055822,1,2,0,4094,4094,4094
1586433464422779249,1,2,0,4089,4089,4089
1586433464551208183,1,2,0,4077,4077,4077
1586433464615352514,1,2,0,4067,4067,4067
1586433464743603473,1,2,0,4040,4040,4040
1586433464807370485,1,2,0,4022,4022,4022
1586433464935409822,1,2,0,3976,3976,3976
1586433464999488599,1,2,0,3948,3948,3948
1586433465127420299,1,2,0,3883,3883,3883
1586433465191201369,1,2,0,3845,3845,3845
1586433465320755139,1,2,0,3761,3761,3761
1586433465447416911,1,2,0,3665,3665,3665
1586433465511516990,1,2,0,3613,3613,3613
1586433465639566765,1,2,0,3503,3503,3503
1586433465703281970,1,2,0,3445,3445,3445
1586433465831650537,1,2,0,3324,3324,3324
1586433465895221079,1,2,0,3262,3262,3262
1586433466023612272,1,2,0,3135,3135,3135
1586433466151229314,1,2,0,3007,3007,3007
1586433466215872159,1,2,0,2943,2943,2943
1586433466343516248,1,2,0,2818,2818,2818
1586433466407443252,1,2,0,2757,2757,2757
1586433466535272171,1,2,0,2639,2639,2639
1586433466599382480,1,2,0,2583,2583,2583
1586433466727273213,1,2,0,2477,2477,2477
1586433466791323476,1,2,0,2428,2428,2428
1586433466919656633,1,2,0,2338,2338,2338
1586433467047423587,1,2,0,2259,2259,2259
1586433467111305473,1,2,0,2225,2225,2225
1586433467239594010,1,2,0,2166,2166,2166
1586433467303330336,1,2,0,2141,2141,2141
1586433467431370128,1,2,0,2102,2102,2102
1586433467495328413,1,2,0,2087,2087,2087
1586433467623367148,1,2,0,2065,2065,2065
1586433467751267716,1,2,0,2053,2053,2053
1586433467815449935,1,2,0,2050,2050,2050
1586433467943703406,1,2,0,2048,2048,2048
1586433468007324379,1,2,0,2048,2048,2048
1586433468135625413,1,2,0,2047,2047,2047
1586433468199268703,1,2,0,2047,2047,2047
1586433468327359883,1,2,0,2042,2042,2042
1586433468391363321,1,2,0,2037,2037,2037
1586433468519302653,1,2,0,2020,2020,2020
1586433468647497760,1,2,0,1993,1993,1993
1586433468711386862,1,2,0,1975,1975,1975
1586433468839346208,1,2,0,1929,1929,1929
1586433468903238386,1,2,0,1901,1901,1901
1586433469031276599,1,2,0,1836,1836,1836
1586433469095494531,1,2,0,1798,1798,1798
1586433469223453682,1,2,0,1714,1714,1714
1586433469351402330,1,2,0,1618,1618,1618
1586433469416822566,1,2,0,1566,1566,1566
1586433469543332512,1,2,0,1456,1456,1456
1586433469607445678,1,2,0,1398,1398,1398
1586433469735636932,1,2,0,1277,1277,1277
1586433469799860223,1,2,0,1215,1215,1215
1586433469927402491,1,2,0,1088,1088,1088
1586433469991381234,1,2,0,1024,1024,1024
1586433470119536610,1,2,0,896,896,896
1586433470247963732,1,2,0,771,771,771
1586433470311297830,1,2,0,710,710,710
1586433470439410825,1,2,0,592,592,592
1586433470503452982,1,2,0,536,536,536
1586433470631249819,1,2,0,430,430,430
1586433470695318477,1,2,0,381,381,381
1586433470823346688,1,2,0,291,291,291
1586433470951479940,1,2,0,212,212,212
1586433471015554288,1,2,0,178,178,178
1586433471143776448,1,2,0,119,119,119
1586433471207198160,1,2,0,95,95,95
1586433471335556506,1,2,0,55,55,55
1586433471399438351,1,2,0,40,40,40
1586433471526545108,1,2,0,18,18,18
1586433471590743237,1,2,0,11,11,11
1586433471719364664,1,2,0,3,3,3
1586433471847311606,1,2,0,1,1,1
1586433471911320246,1,2,0,1,1,1
1586433472039390920,1,2,0,1,1,1
1586433472103127614,1,2,0,1,1,1
1586433472231432842,1,2,0,6,6,6
1586433472295218826,1,2,0,11,11,11
1586433472423244620,1,2,0,28,28,28
1586433472551260511,1,2,0,55,55,55
1586433472615437718,1,2,0,73,73,73
1586433472743323267,1,2,0,119,119,119
1586433472807229675,1,2,0,147,147,147
1586433472935595004,1,2,0,212,212,212
1586433472999172257,1,2,0,250,250,250
1586433473127305895,1,2,0,334,334,334
1586433473191173651,1,2,0,381,381,381
1586433473319404520,1,2,0,482,482,482
1586433473447239524,1,2,0,592,592,592
1586433473511274036,1,2,0,650,650,650
1586433473639413107,1,2,0,771,771,771
1586433473703323486,1,2,0,833,833,833
1586433473831329588,1,2,0,960,960,960
1586433473895316302,1,2,0,1024,1024,1024
1586433474023209179,1,2,0,1152,1152,1152
1586433474151493457,1,2,0,1277,1277,1277
1586433474215232539,1,2,0,1338,1338,1338
1586433474343225324,1,2,0,1456,1456,1456
1586433474407304907,1,2,0,1512,1512,1512
1586433474551446495,1,2,0,1618,1618,1618
1586433474615266265,1,2,0,1667,1667,1667
1586433474743240777,1,2,0,1757,1757,1757
1586433474807257998,1,2,0,1798,1798,1798
1586433474935767760,1,2,0,1870,1870,1870
1586433474999297292,1,2,0,1901,1901,1901
1586433475127268305,1,2,0,1954,1954,1954
1586433475191259889,1,2,0,1975,1975,1975
1586433475319280543,1,2,0,2008,2008,2008
1586433475447541186,1,2,0,2030,2030,2030
1586433475511307480,1,2,0,2037,2037,2037
1586433475639301810,1,2,0,2045,2045,2045
1586433475703334085,1,2,0,2047,2047,2047
1586433475831264706,1,2,0,2048,2048,2048
1586433475895083505,1,2,0,2048,2048,2048
1586433476022977338,1,2,0,2048,2048,2048
1586433476151183709,1,2,0,2048,2048,2048
1586433476215185942,1,2,0,2048,2048,2048
1586433476343285595,1,2,0,2048,2048,2048
1586433476407213897,1,2,0,2048,2048,2048
1586433476535208833,1,2,0,2048,2048,2048
1586433476599066928,1,2,0,2048,2048,2048
1586433476727134005,1,2,0,2048,2048,2048
1586433476791179635,1,2,0,2048,2048,2048
1586433476919146111,1,2,0,2048,2048,2048
1586433477047198219,1,2,0,2048,2048,2048
1586433477111201544,1,2,0,2048,2048,2048
1586433477239147743,1,2,0,2048,2048,2048
