1586434734697782578,first,1,2044,0,0,second,2,2037,0,0,zero,0,2077,0,0
1586434734826082382,first,1,2043,0,0,second,2,2037,0,0,zero,0,2077,0,0
1586434734953450500,first,1,2043,0,0,second,2,2037,0,0,zero,0,2077,0,0
1586434735017689247,first,1,2044,0,0,second,2,2037,0,0,zero,0,2077,0,0
1586434735145794024,first,1,2043,0,0,second,2,2037,0,0,zero,0,2077,0,0
1586434735209726490,first,1,2043,0,0,second,2,2037,0,0,zero,0,2077,0,0
1586434735337873552,first,1,2043,0,0,second,2,2037,0,0,zero,0,2077,0,0
1586434735401632804,first,1,2043,0,0,second,2,2037,0,0,zero,0,2078,0,0
1586434735529776093,first,1,2043,0,0,second,2,2037,0,0,zero,0,2077,0,0
1586434735657182667,first,1,2043,0,0,second,2,2037,0,0,zero,0,2077,0,0
1586434735721243479,first,1,2043,0,0,second,2,2037,0,0,zero,0,2077,0,0
1586434735849680170,first,1,2044,0,0,second,2,2037,0,0,zero,0,2077,0,0
1586434735913662464,first,1,2044,0,0,second,2,2037,0,0,zero,0,2077,0,0
1586434736041543586,first,1,2044,0,0,second,2,2037,0,0,zero,0,2077,0,0
1586434736105688286,first,1,2044,0,0,second,2,2037,0,0,zero,0,2077,0,0
1586434736233729040,first,1,2043,0,0,second,2,2037,0,0,zero,0,2077,0,0
1586434736297665864,first,1,2043,0,0,second,2,2037,0,0,zero,0,2077,0,0
1586434736425684595,first,1,2043,0,0,second,2,2037,0,0,zero,0,2077,0,0
1586434736553847649,first,1,2043,0,0,second,2,2037,0,0,zero,0,2077,0,0
1586434736617916982,first,1,2043,0,0,second,2,2037,0,0,zero,0,2077,0,0
1586434736745721530,first,1,2043,0,0,second,2,2037,0,0,zero,0,2077,0,0
1586434736809660840,first,1,2044,0,0,second,2,2037,0,0,zero,0,2077,0,0
1586434736937778404,first,1,2043,0,0,second,2,2037,0,0,zero,0,2077,0,0
1586434737001746485,first,1,2044,0,0,second,2,2037,0,0,zero,0,2077,0,0
1586434737129702520,first,1,2044,0,0,second,2,2037,0,0,zero,0,2077,0,0
1586434737257754703,first,1,2043,0,0,second,2,2037,0,0,zero,0,2077,0,0
1586434737322144341,first,1,2043,0,0,second,2,2037,0,0,zero,0,2077,0,0
1586434737450093459,first,1,2044,0,0,second,2,2037,0,0,zero,0,2077,0,0
1586434737513390600,first,1,2043,0,0,second,2,2037,0,0,zero,0,2077,0,0
1586434737641375786,first,1,2043,0,0,second,2,2037,0,0,zero,0,2077,0,-1
1586434737705763977,first,1,2043,0,0,second,2,2037,0,0,zero,0,2077,0,0
1586434737833696689,first,1,2043,0,0,second,2,2037,0,0,zero,0,2077,0,-1
1586434737897288505,first,1,2043,0,0,second,2,2037,0,0,zero,0,2077,0,0
1586434738025774869,first,1,2043,0,0,second,2,2037,0,0,zero,0,2077,0,0
1586434738153736304,first,1,2043,0,0,second,2,2037,0,0,zero,0,2077,0,0
1586434738217810887,first,1,2044,0,0,second,2,2037,0,0,zero,0,2077,0,0
1586434738345821069,first,1,2043,0,0,second,2,2037,0,0,zero,0,2077,0,0
1586434738409762844,first,1,2043,0,0,second,2,2037,0,0,zero,0,2077,0,0
1586434738537751052,first,1,2043,0,0,second,2,2037,0,0,zero,0,2077,0,0
1586434738601954425,first,1,2043,0,0,second,2,2037,0,0,zero,0,2077,0,0
1586434738729802617,first,1,2043,0,0,second,2,2037,0,0,zero,0,2077,0,0
1586434738857780112,first,1,2043,0,0,second,2,2037,0,0,zero,0,2077,0,0
1586434738921709505,first,1,2043,0,0,second,2,2037,0,0,zero,0,2077,0,0
1586434739049728053,first,1,2043,0,0,second,2,2037,0,0,zero,0,2077,0,0
1586434739113820784,first,1,2044,0,0,second,2,2037,0,0,zero,0,2077,0,0
1586434739241665171,first,1,2043,0,0,second,2,2037,0,0,zero,0,2077,0,0
1586434739305259396,first,1,2043,0,0,second,2,2037,0,0,zero,0,2077,0,0
1586434739433213102,first,1,2044,0,0,second,2,2037,0,0,zero,0,2077,0,0
1586434739497210905,first,1,2044,0,0,second,2,2037,0,0,zero,0,2077,0,0
1586434739625234254,first,1,2044,0,0,second,2,2037,0,0,zero,0,2077,0,0
1586434739753299213,first,1,2043,0,0,second,2,2037,0,0,zero,0,2077,0,0
1586434739817206664,first,1,2044,0,0,second,2,2037,0,0,zero,0,2077,0,0
1586434739945301473,first,1,2044,0,0,second,2,2037,0,0,zero,0,2077,0,0
1586434740009223000,first,1,2043,0,0,second,2,2037,0,0,zero,0,2077,0,0
1586434740137264465,first,1,2044,0,0,second,2,2037,0,0,zero,0,2077,0,0
1586434740201222520,first,1,2043,0,0,second,2,2037,0,0,zero,0,2077,0,0
1586434740329202620,first,1,2043,0,0,second,2,2037,0,0,zero,0,2077,0,0
1586434740457771639,first,1,2044,0,0,second,2,2037,0,0,zero,0,2077,0,0
1586434740521747987,first,1,2043,0,0,second,2,2036,0,0,zero,0,2077,0,0
1586434740649729969,first,1,2044,0,0,second,2,2037,0,0,zero,0,2077,0,0
1586434740713699907,first,1,2044,0,0,second,2,2037,0,0,zero,0,2077,0,0
1586434740842016463,first,1,2044,0,0,second,2,2037,0,0,zero,0,2077,0,0
1586434740905803677,first,1,2044,0,0,second,2,2037,0,0,zero,0,2077,0,0
1586434741033790948,first,1,2043,0,0,second,2,2037,0,0,zero,0,2077,0,0
1586434741097773875,first,1,2044,0,0,second,2,2037,0,0,zero,0,2077,0,0
1586434741225879154,first,1,2043,0,0,second,2,2037,0,0,zero,0,2077,0,0
1586434741353394412,first,1,2043,0,0,second,2,2037,0,0,zero,0,2077,0,0
1586434741481499631,first,1,2043,0,0,second,2,2037,0,0,zero,0,2077,0,0
1586434741545543980,first,1,2043,0,0,second,2,2037,0,0,zero,0,2078,0,0
1586434741610243564,first,1,2043,0,0,second,2,2037,0,0,zero,0,2079,0,0
1586434741738079957,first,1,2044,0,0,second,2,2037,0,0,zero,0,2081,0,0
1586434741802108831,first,1,2043,0,0,second,2,2037,0,0,zero,0,2082,0,0
1586434741929595117,first,1,2043,0,0,second,2,2037,0,0,zero,0,2085,0,0
1586434742058038575,first,1,2043,0,0,second,2,2037,0,0,zero,0,2087,0,0
1586434742121641571,first,1,2043,0,0,second,2,2037,0,0,zero,0,2088,0,0
1586434742249550821,first,1,2043,0,0,second,2,2037,0,0,zero,0,2091,0,0
1586434742313603269,first,1,2043,0,0,second,2,2037,0,0,zero,0,2092,0,0
1586434742441674794,first,1,2043,0,0,second,2,2037,0,0,zero,0,2094,0,0
1586434742505547260,first,1,2043,0,0,second,2,2037,0,0,zero,0,2096,0,0
1586434742633492042,first,1,2043,0,0,second,2,2037,0,0,zero,0,2098,0,0
1586434742697648486,first,1,2043,0,0,second,2,2037,0,0,zero,0,2099,0,0
1586434742825736351,first,1,2043,0,0,second,2,2037,0,0,zero,0,2100,0,0
1586434742953898609,first,1,2043,0,0,second,2,2037,0,0,zero,0,2099,0,-1
1586434743017968104,first,1,2044,0,0,second,2,2037,0,0,zero,0,2100,0,-1
1586434743145710788,first,1,2043,0,0,second,2,2037,0,0,zero,0,2100,0,-1
1586434743209722842,first,1,2044,0,0,second,2,2037,0,0,zero,0,2099,0,-1
1586434743338124230,first,1,2043,0,0,second,2,2037,0,0,zero,0,2100,0,-1
1586434743402202427,first,1,2044,0,0,second,2,2037,0,0,zero,0,2100,0,-1
1586434743530038253,first,1,2043,0,0,second,2,2037,0,0,zero,0,2100,0,-1
1586434743658130718,first,1,2043,0,0,second,2,2037,0,0,zero,0,2100,0,-1
1586434743722154245,first,1,2044,0,0,second,2,2037,0,0,zero,0,2099,0,-1
1586434743850088816,first,1,2044,0,0,second,2,2037,0,0,zero,0,2099,0,-1
1586434743914225340,first,1,2043,0,0,second,2,2037,0,0,zero,0,2099,0,-1
1586434744042108239,first,1,2043,0,0,second,2,2037,0,0,zero,0,2099,0,-1
1586434744106219779,first,1,2044,0,0,second,2,2037,0,0,zero,0,2100,0,-1
1586434744234238006,first,1,2043,0,0,second,2,2037,0,0,zero,0,2099,0,-1
1586434744298240598,first,1,2043,0,0,second,2,2037,0,0,zero,0,2100,0,-1
1586434744426282118,first,1,2043,0,0,second,2,2037,0,0,zero,0,2100,0,-1
1586434744554416510,first,1,2043,0,0,second,2,2037,0,0,zero,0,2100,0,-1
1586434744618135127,first,1,2044,0,0,second,2,2037,0,0,zero,0,2099,0,-1
1586434744746262124,first,1,2043,0,0,second,2,2037,0,0,zero,0,2100,0,-1
1586434744810121954,first,1,2044,0,0,second,2,2037,0,0,zero,0,2100,0,-1
1586434744938168859,first,1,2043,0,0,second,2,2037,0,0,zero,0,2100,0,-1
1586434745002189741,first,1,2044,0,0,second,2,2037,0,0,zero,0,2099,0,-1
1586434745130216534,first,1,2043,0,0,second,2,2037,0,0,zero,0,2099,0,-1
1586434745258189217,first,1,2043,0,0,second,2,2037,0,0,zero,0,2099,0,-1
1586434745322224818,first,1,2043,0,0,second,2,2037,0,0,zero,0,2100,0,-1
1586434745450132779,first,1,2043,0,0,second,2,2037,0,0,zero,0,2099,0,-1
1586434745514184023,first,1,2043,0,0,second,2,2037,0,0,zero,0,2100,0,-1
1586434745642124609,first,1,2043,0,0,second,2,2037,0,0,zero,0,2099,0,-1
1586434745706091686,first,1,2043,0,0,second,2,2037,0,0,zero,0,2099,0,-1
1586434745834235770,first,1,2044,0,0,second,2,2037,0,0,zero,0,2100,0,0
1586434745898287883,first,1,2045,0,0,second,2,2039,0,0,zero,0,2099,0,0
1586434746026112742,first,1,2050,0,2,second,2,2058,12,1,zero,0,2099,0,0
1586434746154146956,first,1,2087,19,1,second,2,2111,26,1,zero,0,2103,0,2
1586434746218254158,first,1,2117,26,2,second,2,2139,26,1,zero,0,2114,8,3
1586434746346181406,first,1,2189,35,3,second,2,2197,27,2,zero,0,2153,20,3
1586434746410152594,first,1,2230,38,1,second,2,2232,32,2,zero,0,2180,25,2
1586434746538250861,first,1,2320,43,1,second,2,2312,39,1,zero,0,2245,32,4
1586434746602127694,first,1,2364,43,1,second,2,2356,41,2,zero,0,2283,35,3
1586434746730142891,first,1,2455,44,1,second,2,2447,43,1,zero,0,2365,41,3
1586434746858164847,first,1,2554,47,2,second,2,2542,45,3,zero,0,2458,46,6
1586434746922283848,first,1,2604,48,3,second,2,2593,48,2,zero,0,2510,49,4
1586434747050182545,first,1,2713,53,1,second,2,2700,53,2,zero,0,2621,54,6
1586434747114167077,first,1,2772,55,2,second,2,2759,55,5,zero,0,2679,55,5
1586434747242158357,first,1,2891,58,4,second,2,2885,61,5,zero,0,2799,59,6
1586434747306108826,first,1,2954,59,1,second,2,2951,63,3,zero,0,2859,59,7
1586434747434286385,first,1,3079,61,3,second,2,3081,63,2,zero,0,2986,63,6
1586434747498260322,first,1,3142,61,3,second,2,3145,63,2,zero,0,3051,63,5
1586434747626153519,first,1,3271,63,2,second,2,3274,63,2,zero,0,3182,65,6
1586434747754175486,first,1,3401,64,3,second,2,3403,63,4,zero,0,3318,66,6
1586434747818174263,first,1,3467,64,2,second,2,3467,63,2,zero,0,3385,66,5
1586434747946215820,first,1,3593,61,1,second,2,3588,59,1,zero,0,3517,63,3
1586434748010170903,first,1,3653,60,1,second,2,3647,58,1,zero,0,3576,59,2
1586434748138117723,first,1,3761,52,1,second,2,3757,53,1,zero,0,3685,52,3
1586434748202223119,first,1,3800,45,8,second,2,3808,51,1,zero,0,3735,49,2
1586434748330248908,first,1,3815,2,2,second,2,3856,10,1,zero,0,3827,44,1
1586434748458182572,first,1,3864,26,5,second,2,3887,19,2,zero,0,3906,37,1
1586434748522154033,first,1,3905,36,2,second,2,3919,29,2,zero,0,3941,34,1
1586434748650268968,first,1,3997,45,1,second,2,3997,39,1,zero,0,4000,27,1
1586434748714137721,first,1,4033,40,8,second,2,4028,31,3,zero,0,4019,19,3
1586434748842284017,first,1,4042,0,0,second,2,4035,0,0,zero,0,4022,0,1
1586434748906339892,first,1,4044,0,0,second,2,4035,0,0,zero,0,4032,8,1
1586434749034263797,first,1,4048,0,0,second,2,4038,0,0,zero,0,4059,11,1
1586434749098115031,first,1,4049,0,0,second,2,4039,0,0,zero,0,4067,7,0
1586434749226189407,first,1,4053,0,0,second,2,4043,0,0,zero,0,4067,0,0
1586434749353577247,first,1,4057,0,0,second,2,4046,0,0,zero,0,4067,0,0
1586434749418140590,first,1,4058,0,0,second,2,4048,0,0,zero,0,4067,0,0
1586434749546149462,first,1,4061,0,0,second,2,4051,0,0,zero,0,4067,0,0
1586434749610077135,first,1,4061,0,0,second,2,4052,0,0,zero,0,4067,0,0
1586434749738050643,first,1,4061,0,0,second,2,4052,0,0,zero,0,4067,0,0
1586434749802106966,first,1,4061,0,0,second,2,4052,0,0,zero,0,4067,0,0
1586434749930196730,first,1,4061,0,0,second,2,4052,0,-1,zero,0,4067,0,0
1586434750058158529,first,1,4060,0,-3,second,2,4052,0,-1,zero,0,4065,0,-1
1586434750122130655,first,1,4053,-4,-3,second,2,4052,0,-3,zero,0,4062,0,-5
1586434750250116632,first,1,4026,-12,-4,second,2,4051,0,-5,zero,0,4055,-4,-5
1586434750314281564,first,1,4009,-14,-5,second,2,4049,0,-4,zero,0,4037,-15,-8
1586434750442461927,first,1,3968,-20,-5,second,2,4034,-10,-9,zero,0,3984,-26,-6
1586434750505803708,first,1,3941,-24,-7,second,2,4013,-18,-10,zero,0,3951,-31,-4
1586434750634242907,first,1,3872,-33,-7,second,2,3943,-36,-10,zero,0,3878,-35,-8
1586434750698236567,first,1,3832,-38,-9,second,2,3898,-43,-10,zero,0,3839,-36,-8
1586434750826160901,first,1,3744,-41,-8,second,2,3796,-51,-10,zero,0,3751,-43,-7
1586434750954406560,first,1,3654,-45,-9,second,2,3681,-56,-10,zero,0,3646,-52,-9
1586434751018473923,first,1,3604,-47,-9,second,2,3621,-58,-10,zero,0,3590,-53,-11
1586434751146328924,first,1,3499,-51,-10,second,2,3495,-62,-11,zero,0,3473,-57,-11
1586434751210325385,first,1,3443,-53,-10,second,2,3429,-63,-11,zero,0,3409,-60,-11
1586434751338333776,first,1,3327,-55,-10,second,2,3295,-66,-10,zero,0,3278,-64,-11
1586434751402153502,first,1,3270,-57,-11,second,2,3225,-68,-10,zero,0,3211,-65,-10
1586434751529544590,first,1,3151,-57,-12,second,2,3087,-68,-9,zero,0,3075,-67,-10
1586434751658291183,first,1,3032,-57,-13,second,2,2951,-67,-8,zero,0,2941,-67,-7
1586434751722311585,first,1,2972,-58,-12,second,2,2885,-64,-7,zero,0,2873,-66,-9
1586434751850240641,first,1,2850,-59,-12,second,2,2762,-60,-7,zero,0,2745,-62,-6
1586434751914173623,first,1,2791,-59,-10,second,2,2703,-58,-7,zero,0,2684,-60,-8
1586434752042263645,first,1,2676,-56,-9,second,2,2594,-53,-9,zero,0,2572,-55,-7
1586434752106329195,first,1,2622,-53,-11,second,2,2543,-50,-7,zero,0,2519,-51,-7
1586434752234291119,first,1,2523,-48,-9,second,2,2449,-45,-6,zero,0,2424,-45,-5
1586434752298298846,first,1,2477,-45,-7,second,2,2407,-42,-6,zero,0,2382,-42,-5
1586434752426262853,first,1,2393,-41,-5,second,2,2332,-35,-5,zero,0,2306,-36,-5
1586434752554274971,first,1,2315,-38,-5,second,2,2272,-28,-5,zero,0,2239,-31,-5
1586434752618335198,first,1,2279,-36,-4,second,2,2244,-27,-3,zero,0,2210,-29,-2
1586434752746348582,first,1,2212,-32,-4,second,2,2192,-24,-2,zero,0,2155,-27,-1
1586434752810163903,first,1,2183,-29,-2,second,2,2170,-22,-4,zero,0,2132,-23,-2
1586434752938206495,first,1,2142,-18,-1,second,2,2139,-12,-2,zero,0,2107,-8,-1
1586434753002254381,first,1,2129,-13,-2,second,2,2129,-10,-2,zero,0,2099,-7,-1
1586434753130269177,first,1,2106,-10,-1,second,2,2111,-8,-1,zero,0,2092,-2,-1
1586434753258261809,first,1,2088,-8,-1,second,2,2097,-6,-1,zero,0,2085,-2,-1
1586434753322232351,first,1,2084,-5,0,second,2,2091,-5,-1,zero,0,2082,-2,-1
1586434753450298717,first,1,2084,0,0,second,2,2079,-5,-1,zero,0,2080,0,-1
1586434753514346289,first,1,2084,0,0,second,2,2073,-5,-1,zero,0,2080,0,-1
1586434753642313915,first,1,2084,0,-2,second,2,2062,-5,-1,zero,0,2080,0,-1
1586434753706448140,first,1,2084,0,-2,second,2,2057,-5,-1,zero,0,2080,0,-1
1586434753834275455,first,1,2076,-3,-3,second,2,2044,-5,-2,zero,0,2066,-7,-3
1586434753898207169,first,1,2064,-8,-3,second,2,2036,-6,-2,zero,0,2052,-11,-1
1586434754026270361,first,1,2036,-12,-3,second,2,2016,-9,-2,zero,0,2023,-12,-5
1586434754154330017,first,1,2003,-15,-4,second,2,1992,-11,-5,zero,0,1989,-15,-5
1586434754218345918,first,1,1983,-17,-5,second,2,1975,-14,-5,zero,0,1970,-17,-3
1586434754346300577,first,1,1937,-21,-7,second,2,1936,-19,-6,zero,0,1919,-25,-6
1586434754410327954,first,1,1910,-25,-6,second,2,1910,-24,-7,zero,0,1887,-30,-6
1586434754554256917,first,1,1837,-34,-8,second,2,1841,-32,-7,zero,0,1811,-36,-8
1586434754618130271,first,1,1789,-38,-9,second,2,1797,-37,-10,zero,0,1762,-39,-7
1586434754746223995,first,1,1705,-40,-10,second,2,1712,-42,-9,zero,0,1672,-44,-8
1586434754810262260,first,1,1660,-42,-9,second,2,1664,-45,-9,zero,0,1623,-46,-10
1586434754938308345,first,1,1566,-46,-10,second,2,1558,-53,-9,zero,0,1519,-51,-9
1586434755002374386,first,1,1516,-48,-9,second,2,1500,-57,-12,zero,0,1461,-55,-9
1586434755130323000,first,1,1410,-52,-11,second,2,1373,-63,-11,zero,0,1339,-59,-9
1586434755258390902,first,1,1295,-56,-15,second,2,1239,-67,-9,zero,0,1211,-62,-10
1586434755322446342,first,1,1234,-58,-13,second,2,1169,-68,-8,zero,0,1145,-64,-9
1586434755450492706,first,1,1110,-61,-12,second,2,1032,-68,-8,zero,0,1013,-65,-8
1586434755514701294,first,1,1047,-61,-11,second,2,963,-68,-11,zero,0,947,-65,-8
1586434755642408011,first,1,924,-61,-13,second,2,826,-66,-7,zero,0,819,-63,-8
1586434755706433889,first,1,862,-61,-10,second,2,761,-63,-7,zero,0,756,-62,-7
1586434755834427638,first,1,742,-59,-11,second,2,644,-57,-7,zero,0,635,-59,-10
1586434755899043304,first,1,685,-57,-10,second,2,588,-54,-6,zero,0,578,-57,-7
1586434756026444783,first,1,577,-53,-9,second,2,486,-49,-7,zero,0,473,-50,-7
1586434756154565703,first,1,475,-49,-9,second,2,393,-44,-6,zero,0,376,-47,-6
1586434756218424953,first,1,429,-46,-8,second,2,353,-40,-6,zero,0,332,-43,-3
1586434756346374067,first,1,344,-41,-6,second,2,280,-35,-5,zero,0,256,-35,-5
1586434756410428325,first,1,304,-39,-6,second,2,248,-31,-4,zero,0,222,-33,-5
1586434756538612863,first,1,229,-36,-4,second,2,193,-26,-4,zero,0,160,-30,-5
1586434756602489280,first,1,195,-34,-3,second,2,168,-24,-4,zero,0,131,-28,-3
1586434756730486110,first,1,136,-28,-3,second,2,121,-22,-4,zero,0,79,-24,-1
1586434756858385547,first,1,94,-19,-1,second,2,89,-12,-1,zero,0,62,-5,-1
1586434756922409136,first,1,78,-15,-2,second,2,78,-10,-1,zero,0,59,-3,-1
1586434757050559603,first,1,57,-10,-1,second,2,60,-8,-1,zero,0,54,-1,-1
1586434757114338228,first,1,48,-8,-1,second,2,53,-6,-1,zero,0,51,-1,-1
1586434757242496163,first,1,35,-5,0,second,2,39,-5,-1,zero,0,46,-1,-1
1586434757306427708,first,1,35,0,0,second,2,37,-3,0,zero,0,44,-1,-1
1586434757434447133,first,1,35,0,0,second,2,36,0,0,zero,0,41,-1,0
1586434757498454360,first,1,35,0,0,second,2,36,0,0,zero,0,40,0,0
1586434757626473311,first,1,35,0,0,second,2,36,0,0,zero,0,40,0,0
1586434757754473914,first,1,36,0,0,second,2,37,0,0,zero,0,41,0,0
1586434757818707874,first,1,40,1,1,second,2,42,2,1,zero,0,42,0,0
1586434757946467715,first,1,77,18,1,second,2,82,23,1,zero,0,57,9,2
1586434758010518049,first,1,105,24,1,second,2,115,29,2,zero,0,77,17,1
1586434758138486007,first,1,174,33,3,second,2,186,33,1,zero,0,132,27,2
1586434758202509979,first,1,212,36,2,second,2,223,34,1,zero,0,165,31,3
1586434758330590864,first,1,295,39,1,second,2,310,42,2,zero,0,242,37,3
1586434758458592112,first,1,386,44,1,second,2,404,46,1,zero,0,328,41,6
1586434758522752689,first,1,436,47,3,second,2,456,49,1,zero,0,374,43,5
1586434758650674205,first,1,541,50,4,second,2,560,50,2,zero,0,471,47,3
1586434758714548070,first,1,595,52,4,second,2,615,51,1,zero,0,524,50,6
1586434758842636619,first,1,709,56,3,second,2,732,57,2,zero,0,638,56,6
1586434758906821684,first,1,771,59,2,second,2,795,59,1,zero,0,698,58,6
1586434759034532280,first,1,898,63,2,second,2,924,63,4,zero,0,824,62,5
1586434759098600801,first,1,965,65,3,second,2,992,65,4,zero,0,889,63,5
1586434759226522408,first,1,1099,66,3,second,2,1126,66,1,zero,0,1024,67,7
1586434759354551445,first,1,1231,65,4,second,2,1256,64,2,zero,0,1162,67,4
1586434759418589942,first,1,1297,65,2,second,2,1320,64,1,zero,0,1229,67,4
1586434759546587595,first,1,1424,63,2,second,2,1444,62,2,zero,0,1362,64,3
1586434759610635525,first,1,1485,61,1,second,2,1507,61,1,zero,0,1424,62,5
1586434759738553000,first,1,1603,58,1,second,2,1620,55,1,zero,0,1542,57,4
1586434759802527373,first,1,1659,56,1,second,2,1674,54,1,zero,0,1597,53,1
1586434759931190808,first,1,1761,50,1,second,2,1725,10,0,zero,0,1698,48,2
1586434760058531931,first,1,1808,14,1,second,2,1750,17,4,zero,0,1787,43,1
1586434760122408974,first,1,1817,6,2,second,2,1784,31,4,zero,0,1827,40,1
1586434760250666930,first,1,1869,26,2,second,2,1874,46,2,zero,0,1898,33,1
1586434760314839071,first,1,1907,34,1,second,2,1922,47,1,zero,0,1928,29,1
1586434760442520122,first,1,1979,35,-5,second,2,1968,9,0,zero,0,1976,19,1
1586434760506646575,first,1,1987,12,0,second,2,1970,0,0,zero,0,1977,0,0
1586434760634695472,first,1,1989,0,0,second,2,1991,14,1,zero,0,1982,1,1
1586434760698593527,first,1,1991,0,0,second,2,2015,22,1,zero,0,1990,6,1
1586434760826573630,first,1,1995,0,0,second,2,2035,2,0,zero,0,2007,7,1
1586434760954614434,first,1,1999,0,0,second,2,2035,0,0,zero,0,2012,0,0
1586434761018642088,first,1,2001,0,0,second,2,2035,0,0,zero,0,2012,0,0
1586434761146627617,first,1,2004,0,0,second,2,2035,0,0,zero,0,2015,0,0
1586434761210515118,first,1,2006,0,0,second,2,2035,0,0,zero,0,2016,0,0
1586434761338654129,first,1,2010,0,0,second,2,2035,0,0,zero,0,2018,0,0
1586434761402439422,first,1,2012,0,0,second,2,2035,0,0,zero,0,2019,0,0
1586434761530660408,first,1,2018,1,1,second,2,2037,0,0,zero,0,2025,1,2
1586434761657636206,first,1,2056,19,1,second,2,2058,13,2,zero,0,2051,13,2
1586434761721682662,first,1,2085,26,1,second,2,2082,22,2,zero,0,2070,17,2
1586434761849648791,first,1,2143,27,1,second,2,2143,28,1,zero,0,2115,21,1
1586434761914083595,first,1,2172,27,1,second,2,2173,28,1,zero,0,2141,24,2
1586434762042201909,first,1,2232,28,2,second,2,2235,28,1,zero,0,2197,26,3
1586434762105664260,first,1,2267,32,2,second,2,2266,28,1,zero,0,2227,29,4
1586434762234444901,first,1,2352,40,1,second,2,2345,39,1,zero,0,2299,34,4
1586434762298215764,first,1,2398,44,2,second,2,2389,42,1,zero,0,2339,38,4
1586434762426297500,first,1,2496,47,2,second,2,2489,49,1,zero,0,2424,41,4
1586434762553656784,first,1,2602,51,3,second,2,2602,55,3,zero,0,2519,46,4
1586434762618259464,first,1,2658,54,2,second,2,2663,57,3,zero,0,2570,48,6
1586434762745703915,first,1,2777,58,3,second,2,2787,60,2,zero,0,2681,55,6
1586434762810376973,first,1,2838,59,2,second,2,2851,60,2,zero,0,2742,57,5
1586434762938336414,first,1,2964,61,4,second,2,2978,61,1,zero,0,2865,61,4
1586434763001751216,first,1,3028,62,2,second,2,3044,62,1,zero,0,2929,62,5
1586434763131061384,first,1,3158,63,2,second,2,3174,63,1,zero,0,3060,65,6
1586434763258349097,first,1,3291,65,1,second,2,3301,63,1,zero,0,3195,67,6
1586434763322347887,first,1,3355,64,1,second,2,3363,62,1,zero,0,3265,68,6
1586434763449745775,first,1,3478,61,2,second,2,3485,60,1,zero,0,3399,66,4
1586434763513804670,first,1,3540,60,2,second,2,3546,60,2,zero,0,3465,64,2
1586434763641792410,first,1,3654,56,1,second,2,3662,57,1,zero,0,3587,58,2
1586434763706018907,first,1,3707,53,1,second,2,3718,55,1,zero,0,3642,54,4
1586434763834779164,first,1,3805,49,1,second,2,3771,11,1,zero,0,3741,48,3
1586434763897845251,first,1,3843,42,7,second,2,3781,7,3,zero,0,3790,47,2
1586434764026553728,first,1,3861,6,3,second,2,3837,31,2,zero,0,3877,42,1
1586434764154362664,first,1,3913,26,2,second,2,3927,46,2,zero,0,3949,34,1
1586434764218388900,first,1,3951,34,2,second,2,3978,47,1,zero,0,3979,30,1
1586434764346221775,first,1,4024,35,-13,second,2,4024,9,0,zero,0,4002,2,0
1586434764410326385,first,1,4031,12,0,second,2,4024,0,0,zero,0,4005,1,1
1586434764538362922,first,1,4034,0,0,second,2,4030,2,1,zero,0,4032,13,1
1586434764602266909,first,1,4036,0,0,second,2,4045,12,1,zero,0,4048,14,1
1586434764730272130,first,1,4040,0,0,second,2,4057,0,0,zero,0,4058,0,0
1586434764858436955,first,1,4043,0,0,second,2,4059,0,0,zero,0,4060,0,0
1586434764922010915,first,1,4044,0,0,second,2,4061,0,0,zero,0,4062,0,0
1586434765049824413,first,1,4048,0,0,second,2,4062,0,0,zero,0,4066,0,0
1586434765113755789,first,1,4050,0,0,second,2,4063,0,0,zero,0,4067,0,0
1586434765242421600,first,1,4053,0,0,second,2,4063,0,0,zero,0,4069,0,0
1586434765306455036,first,1,4052,0,0,second,2,4063,0,0,zero,0,4070,0,0
1586434765434461553,first,1,4053,0,0,second,2,4063,0,0,zero,0,4073,0,0
1586434765497743353,first,1,4052,0,0,second,2,4063,0,0,zero,0,4073,0,0
1586434765626380469,first,1,4053,0,0,second,2,4063,0,-2,zero,0,4073,0,-2
1586434765754356163,first,1,4049,0,-2,second,2,4062,0,-5,zero,0,4057,-8,-1
1586434765818464452,first,1,4040,-5,-3,second,2,4055,-5,-5,zero,0,4042,-13,-2
1586434765897758722,first,1,4026,-11,-4,second,2,4041,-11,-3,zero,0,4025,-15,-3
1586434766025829356,first,1,3984,-17,-5,second,2,4003,-16,-7,zero,0,3984,-17,-6
1586434766153901352,first,1,3937,-22,-5,second,2,3955,-25,-8,zero,0,3932,-26,-7
1586434766218057127,first,1,3908,-26,-7,second,2,3923,-30,-6,zero,0,3899,-30,-7
1586434766345968470,first,1,3830,-37,-8,second,2,3849,-36,-8,zero,0,3826,-36,-9
1586434766409975221,first,1,3787,-40,-9,second,2,3806,-40,-9,zero,0,3784,-39,-9
1586434766538388925,first,1,3698,-43,-9,second,2,3710,-48,-8,zero,0,3689,-47,-7
1586434766601997650,first,1,3650,-45,-10,second,2,3657,-51,-11,zero,0,3635,-51,-8
1586434766729924892,first,1,3548,-49,-12,second,2,3537,-60,-10,zero,0,3523,-54,-9
1586434766857962852,first,1,3439,-53,-12,second,2,3405,-65,-8,zero,0,3399,-59,-10
1586434766921994442,first,1,3380,-56,-11,second,2,3338,-66,-10,zero,0,3336,-61,-9
1586434767050302062,first,1,3262,-58,-11,second,2,3200,-66,-10,zero,0,3205,-64,-11
1586434767114307027,first,1,3200,-59,-12,second,2,3134,-66,-9,zero,0,3139,-65,-7
1586434767242536831,first,1,3077,-59,-10,second,2,2995,-67,-9,zero,0,3003,-67,-9
1586434767306065721,first,1,3015,-60,-10,second,2,2928,-67,-10,zero,0,2936,-67,-10
1586434767434389579,first,1,2890,-60,-12,second,2,2799,-61,-6,zero,0,2801,-67,-8
1586434767498489731,first,1,2831,-60,-9,second,2,2740,-58,-8,zero,0,2738,-63,-7
1586434767626602640,first,1,2713,-57,-10,second,2,2629,-54,-6,zero,0,2621,-56,-7
1586434767754213204,first,1,2607,-53,-8,second,2,2529,-48,-6,zero,0,2515,-51,-5
1586434767817964538,first,1,2557,-49,-8,second,2,2482,-45,-6,zero,0,2467,-47,-4
1586434767946561118,first,1,2463,-45,-8,second,2,2396,-40,-5,zero,0,2378,-42,-5
1586434768010388253,first,1,2421,-43,-7,second,2,2358,-38,-6,zero,0,2339,-39,-6
1586434768138515710,first,1,2341,-39,-6,second,2,2290,-31,-5,zero,0,2266,-34,-3
1586434768202678022,first,1,2304,-37,-5,second,2,2260,-29,-2,zero,0,2234,-31,-2
1586434768330629184,first,1,2233,-34,-2,second,2,2208,-25,-4,zero,0,2178,-27,-2
1586434768458371222,first,1,2174,-28,-2,second,2,2160,-23,-2,zero,0,2128,-22,-1
1586434768522520967,first,1,2151,-23,-2,second,2,2140,-19,-1,zero,0,2116,-12,-1
1586434768650602252,first,1,2121,-13,-2,second,2,2116,-10,-1,zero,0,2107,-3,-1
1586434768714605582,first,1,2110,-11,-1,second,2,2109,-6,-1,zero,0,2103,-3,-1
1586434768842580976,first,1,2091,-8,-1,second,2,2095,-6,-1,zero,0,2096,-3,-1
1586434768906507193,first,1,2087,-5,0,second,2,2089,-5,-1,zero,0,2093,-3,-1
1586434769033790066,first,1,2087,0,0,second,2,2080,-3,0,zero,0,2087,-2,-1
1586434769097794165,first,1,2087,0,-1,second,2,2080,0,0,zero,0,2085,-2,-1
1586434769226718128,first,1,2087,0,-1,second,2,2080,0,0,zero,0,2080,-2,-1
1586434769354476919,first,1,2082,-1,-1,second,2,2080,0,-1,zero,0,2073,-2,-1
1586434769418360256,first,1,2074,-5,-1,second,2,2080,0,-1,zero,0,2066,-6,-1
1586434769546673959,first,1,2052,-9,-3,second,2,2079,0,-4,zero,0,2044,-9,-1
1586434769610504937,first,1,2039,-10,-3,second,2,2071,-5,-3,zero,0,2031,-10,-1
1586434769738307521,first,1,2010,-13,-4,second,2,2044,-12,-4,zero,0,2003,-13,-1
1586434769802272636,first,1,1993,-14,-3,second,2,2026,-15,-5,zero,0,1986,-14,-5
1586434769930429174,first,1,1954,-18,-5,second,2,1984,-21,-7,zero,0,1945,-19,-4
1586434770058702974,first,1,1903,-24,-6,second,2,1922,-30,-7,zero,0,1886,-30,-5
1586434770121909327,first,1,1872,-27,-9,second,2,1886,-34,-8,zero,0,1850,-34,-6
1586434770250642822,first,1,1798,-37,-8,second,2,1807,-40,-8,zero,0,1769,-40,-6
1586434770314378427,first,1,1756,-39,-10,second,2,1761,-43,-9,zero,0,1725,-42,-7
1586434770442419634,first,1,1665,-43,-10,second,2,1659,-51,-11,zero,0,1629,-47,-8
1586434770506424568,first,1,1618,-45,-11,second,2,1603,-54,-9,zero,0,1577,-50,-10
1586434770634662926,first,1,1517,-49,-13,second,2,1485,-59,-10,zero,0,1460,-57,-11
1586434770698671680,first,1,1463,-52,-12,second,2,1422,-61,-10,zero,0,1398,-60,-11
1586434770825863624,first,1,1350,-55,-13,second,2,1293,-63,-9,zero,0,1269,-62,-10
1586434770954820055,first,1,1231,-59,-13,second,2,1162,-65,-10,zero,0,1135,-65,-7
1586434771018434040,first,1,1168,-60,-12,second,2,1094,-65,-8,zero,0,1070,-65,-9
1586434771146464542,first,1,1042,-62,-11,second,2,959,-66,-10,zero,0,937,-65,-7
1586434771210486042,first,1,980,-62,-12,second,2,889,-67,-8,zero,0,872,-65,-7
1586434771338715956,first,1,857,-61,-12,second,2,756,-64,-8,zero,0,748,-61,-7
1586434771402742184,first,1,795,-61,-10,second,2,695,-60,-6,zero,0,687,-60,-7
1586434771529782503,first,1,678,-57,-8,second,2,581,-55,-7,zero,0,573,-55,-8
1586434771658217282,first,1,571,-52,-9,second,2,479,-48,-7,zero,0,470,-49,-5
1586434771722311435,first,1,520,-51,-9,second,2,432,-47,-7,zero,0,422,-47,-7
1586434771850290958,first,1,423,-46,-7,second,2,344,-41,-5,zero,0,333,-42,-3
1586434771914333227,first,1,380,-43,-7,second,2,305,-38,-4,zero,0,293,-39,-4
1586434772042424529,first,1,299,-39,-5,second,2,239,-30,-5,zero,0,222,-34,-4
1586434772106357527,first,1,260,-37,-6,second,2,211,-28,-4,zero,0,190,-32,-4
1586434772234593388,first,1,190,-34,-2,second,2,161,-24,-3,zero,0,130,-29,-3
1586434772298640849,first,1,159,-31,-3,second,2,135,-24,-2,zero,0,101,-28,-1
1586434772426321520,first,1,109,-23,-2,second,2,93,-19,-2,zero,0,66,-12,-1
1586434772555508237,first,1,78,-14,-1,second,2,68,-10,-1,zero,0,57,-3,-1
1586434772618967881,first,1,66,-11,-1,second,2,61,-6,-1,zero,0,54,-2,-1
1586434772746874839,first,1,45,-9,-1,second,2,48,-5,-1,zero,0,49,-2,-1
1586434772810735816,first,1,40,-6,0,second,2,42,-5,-1,zero,0,46,-2,-1
1586434772938586566,first,1,39,0,-1,second,2,33,-2,0,zero,0,42,-1,-1
1586434773002993670,first,1,40,0,0,second,2,33,0,0,zero,0,39,-1,-1
1586434773130552979,first,1,40,0,0,second,2,33,0,0,zero,0,37,0,0
1586434773258392920,first,1,40,0,0,second,2,33,0,0,zero,0,37,0,0
1586434773322480939,first,1,40,0,0,second,2,33,0,0,zero,0,38,0,0
1586434773450754883,first,1,42,0,0,second,2,39,2,1,zero,0,41,0,2
1586434773514519360,first,1,47,1,2,second,2,54,13,2,zero,0,50,6,2
1586434773642443976,first,1,88,20,2,second,2,112,29,2,zero,0,83,16,2
1586434773706451242,first,1,120,28,3,second,2,149,35,2,zero,0,106,21,3
1586434773834746664,first,1,199,39,2,second,2,229,38,1,zero,0,160,26,4
1586434773898632086,first,1,243,41,2,second,2,271,39,1,zero,0,192,30,5
1586434774026604721,first,1,332,43,2,second,2,361,45,1,zero,0,270,38,3
1586434774154748479,first,1,431,48,2,second,2,461,49,1,zero,0,363,44,4
1586434774218698323,first,1,484,49,2,second,2,514,50,1,zero,0,410,45,6
1586434774346619441,first,1,593,53,3,second,2,622,52,1,zero,0,511,50,6
1586434774410548209,first,1,649,54,5,second,2,680,55,1,zero,0,567,53,6
1586434774538538627,first,1,772,60,5,second,2,803,60,4,zero,0,684,56,6
1586434774601990677,first,1,836,61,4,second,2,867,62,1,zero,0,745,59,8
1586434774730783174,first,1,969,65,2,second,2,1002,65,2,zero,0,874,63,4
1586434774858361443,first,1,1101,65,1,second,2,1133,65,1,zero,0,1004,64,6
1586434774922772454,first,1,1167,65,4,second,2,1198,64,3,zero,0,1070,64,5
1586434775050292701,first,1,1300,65,1,second,2,1326,63,1,zero,0,1201,64,6
1586434775114176575,first,1,1364,65,2,second,2,1388,63,2,zero,0,1266,64,6
1586434775242681270,first,1,1490,62,2,second,2,1512,62,1,zero,0,1396,63,5
1586434775306787355,first,1,1550,60,1,second,2,1571,59,1,zero,0,1458,61,4
1586434775434549230,first,1,1663,55,1,second,2,1670,43,5,zero,0,1575,55,3
1586434775498570463,first,1,1713,51,1,second,2,1682,12,1,zero,0,1629,54,2
1586434775626540759,first,1,1800,42,-18,second,2,1716,20,3,zero,0,1729,47,2
1586434775754503274,first,1,1815,3,4,second,2,1794,42,4,zero,0,1816,42,1
1586434775818451918,first,1,1834,13,2,second,2,1841,46,1,zero,0,1855,38,1
1586434775946760531,first,1,1903,33,2,second,2,1929,38,3,zero,0,1919,29,1
1586434776010544007,first,1,1944,38,1,second,2,1939,10,0,zero,0,1946,27,1
1586434776138547635,first,1,1980,11,0,second,2,1958,13,2,zero,0,1988,16,2
1586434776202586632,first,1,1981,0,0,second,2,1981,21,1,zero,0,1988,0,0
1586434776330564085,first,1,1999,10,1,second,2,2000,1,0,zero,0,1991,0,0
1586434776458243059,first,1,2008,1,0,second,2,2001,0,0,zero,0,1993,0,0
1586434776522745579,first,1,2009,0,0,second,2,2003,0,0,zero,0,1995,0,0
1586434776651051137,first,1,2013,0,0,second,2,2006,0,0,zero,0,1998,0,0
1586434776714800706,first,1,2015,0,0,second,2,2008,0,0,zero,0,1999,0,0
1586434776842838424,first,1,2017,0,0,second,2,2011,0,0,zero,0,2002,0,0
1586434776906824944,first,1,2018,0,0,second,2,2013,0,0,zero,0,2004,0,0
1586434777034738317,first,1,2022,0,0,second,2,2016,0,0,zero,0,2006,0,0
1586434777098732147,first,1,2024,0,0,second,2,2018,0,0,zero,0,2010,1,1
1586434777226824658,first,1,2044,10,1,second,2,2038,13,1,zero,0,2030,11,1
1586434777354799570,first,1,2088,20,1,second,2,2093,28,1,zero,0,2065,16,2
1586434777418720235,first,1,2111,21,1,second,2,2124,28,1,zero,0,2085,18,2
1586434777546847617,first,1,2158,21,2,second,2,2184,28,1,zero,0,2129,21,3
1586434777610899139,first,1,2188,27,1,second,2,2215,28,1,zero,0,2156,24,4
1586434777738670290,first,1,2263,36,2,second,2,2275,28,1,zero,0,2214,28,2
1586434777802715211,first,1,2307,40,1,second,2,2313,34,2,zero,0,2248,31,4
1586434777929954219,first,1,2401,46,1,second,2,2398,42,1,zero,0,2322,35,4
1586434778058699308,first,1,2503,49,1,second,2,2494,46,3,zero,0,2406,41,5
1586434778122621624,first,1,2556,50,2,second,2,2545,48,2,zero,0,2453,45,7
1586434778250601172,first,1,2661,52,1,second,2,2657,54,2,zero,0,2557,50,7
1586434778314831422,first,1,2718,54,2,second,2,2716,56,1,zero,0,2612,52,5
1586434778442621332,first,1,2839,58,1,second,2,2840,59,4,zero,0,2726,56,7
1586434778506675598,first,1,2901,60,3,second,2,2903,61,3,zero,0,2785,59,8
1586434778634650266,first,1,3029,63,3,second,2,3034,63,4,zero,0,2913,63,7
1586434778698605499,first,1,3095,63,2,second,2,3100,63,2,zero,0,2979,64,5
1586434778826697896,first,1,3230,66,3,second,2,3234,66,2,zero,0,3116,68,5
1586434778954802268,first,1,3363,66,1,second,2,3364,64,2,zero,0,3253,68,7
1586434779018676402,first,1,3429,64,1,second,2,3427,63,3,zero,0,3320,67,5
1586434779146770483,first,1,3554,61,1,second,2,3550,60,1,zero,0,3450,63,4
1586434779210737015,first,1,3611,57,1,second,2,3606,57,1,zero,0,3512,60,2
1586434779338690973,first,1,3718,52,1,second,2,3712,52,1,zero,0,3623,53,4
1586434779402601093,first,1,3768,51,1,second,2,3764,51,1,zero,0,3674,50,3
1586434779530663387,first,1,3819,16,1,second,2,3812,10,1,zero,0,3770,46,3
1586434779658647006,first,1,3849,16,3,second,2,3843,19,3,zero,0,3855,41,1
1586434779722614939,first,1,3882,28,3,second,2,3875,30,2,zero,0,3892,37,1
1586434779850522352,first,1,3965,40,1,second,2,3961,42,1,zero,0,3957,31,1
1586434779914604767,first,1,3997,37,-5,second,2,3994,34,3,zero,0,3984,26,1
1586434780042723334,first,1,4006,0,0,second,2,4004,1,1,zero,0,4031,22,1
1586434780106816540,first,1,4011,1,1,second,2,4020,12,2,zero,0,4045,14,0
1586434780234598316,first,1,4048,19,1,second,2,4058,17,1,zero,0,4046,0,0
1586434780298654068,first,1,4066,19,1,second,2,4059,1,0,zero,0,4048,0,0
1586434780426729678,first,1,4068,0,0,second,2,4061,0,0,zero,0,4051,0,0
1586434780554741054,first,1,4068,0,0,second,2,4063,0,0,zero,0,4054,0,0
1586434780618942502,first,1,4067,0,0,second,2,4064,0,0,zero,0,4055,0,0
1586434780746948380,first,1,4068,0,0,second,2,4065,0,0,zero,0,4058,0,0
1586434780810658516,first,1,4067,0,0,second,2,4065,0,0,zero,0,4060,0,0
1586434780938734656,first,1,4067,0,0,second,2,4065,0,0,zero,0,4063,0,0
1586434781002658348,first,1,4067,0,0,second,2,4065,0,0,zero,0,4065,0,0
1586434781130751080,first,1,4068,0,0,second,2,4065,0,0,zero,0,4066,0,0
1586434781258630327,first,1,4067,0,-2,second,2,4065,0,-1,zero,0,4066,0,0
1586434781322613213,first,1,4066,0,-2,second,2,4065,0,-3,zero,0,4061,-2,-2
1586434781450804537,first,1,4044,-10,-3,second,2,4056,-6,-4,zero,0,4034,-13,-6
1586434781515014422,first,1,4027,-13,-6,second,2,4043,-11,-4,zero,0,4018,-14,-4
1586434781642847889,first,1,3987,-19,-4,second,2,4008,-16,-5,zero,0,3981,-17,-5
1586434781706737096,first,1,3963,-22,-6,second,2,3985,-21,-7,zero,0,3955,-23,-5
1586434781834950520,first,1,3902,-29,-8,second,2,3923,-31,-9,zero,0,3890,-32,-6
1586434781898855210,first,1,3863,-35,-8,second,2,3887,-33,-8,zero,0,3854,-34,-6
1586434782026805648,first,1,3778,-40,-8,second,2,3804,-40,-9,zero,0,3774,-39,-11
1586434782154891664,first,1,3689,-43,-9,second,2,3708,-48,-10,zero,0,3676,-48,-9
1586434782218655646,first,1,3640,-46,-9,second,2,3654,-51,-10,zero,0,3623,-51,-8
1586434782346607890,first,1,3539,-49,-10,second,2,3537,-59,-11,zero,0,3511,-55,-9
1586434782410686606,first,1,3486,-51,-11,second,2,3473,-62,-10,zero,0,3449,-57,-10
1586434782539188274,first,1,3374,-55,-13,second,2,3340,-65,-8,zero,0,3322,-61,-8
1586434782602806929,first,1,3315,-56,-12,second,2,3272,-66,-9,zero,0,3255,-64,-10
1586434782731288944,first,1,3193,-59,-12,second,2,3135,-67,-10,zero,0,3122,-65,-6
1586434782858474014,first,1,3069,-60,-11,second,2,2995,-68,-8,zero,0,2989,-66,-10
1586434782922938296,first,1,3007,-60,-12,second,2,2928,-67,-9,zero,0,2923,-66,-9
1586434783051030661,first,1,2885,-59,-11,second,2,2798,-62,-7,zero,0,2789,-66,-8
1586434783114857170,first,1,2827,-58,-12,second,2,2738,-59,-6,zero,0,2726,-63,-7
1586434783242932491,first,1,2712,-57,-11,second,2,2625,-54,-6,zero,0,2611,-56,-8
1586434783305974630,first,1,2657,-54,-8,second,2,2573,-51,-7,zero,0,2558,-53,-6
1586434783434935098,first,1,2556,-49,-10,second,2,2476,-46,-4,zero,0,2457,-47,-6
1586434783498912403,first,1,2508,-47,-9,second,2,2433,-43,-7,zero,0,2411,-45,-4
1586434783626877776,first,1,2418,-43,-6,second,2,2355,-37,-4,zero,0,2329,-40,-5
1586434783754761899,first,1,2338,-39,-4,second,2,2290,-30,-5,zero,0,2258,-33,-4
1586434783819014627,first,1,2301,-37,-5,second,2,2261,-28,-3,zero,0,2226,-31,-1
1586434783946922833,first,1,2229,-34,-3,second,2,2209,-25,-3,zero,0,2170,-27,-1
1586434784011039921,first,1,2199,-31,-2,second,2,2183,-25,-1,zero,0,2146,-24,-1
1586434784138960359,first,1,2151,-22,-2,second,2,2139,-20,-3,zero,0,2119,-8,-1
1586434784202827339,first,1,2135,-16,-2,second,2,2125,-14,-1,zero,0,2112,-7,-1
1586434784330921433,first,1,2110,-12,-1,second,2,2109,-7,-1,zero,0,2105,-2,-1
1586434784458458283,first,1,2092,-8,-1,second,2,2094,-6,-1,zero,0,2098,-2,-1
1586434784522921794,first,1,2083,-8,-1,second,2,2087,-6,-1,zero,0,2095,-2,-1
1586434784651008991,first,1,2080,0,0,second,2,2084,0,1,zero,0,2089,-2,-1
1586434784714812013,first,1,2079,0,0,second,2,2084,0,1,zero,0,2086,-2,-1
1586434784842890582,first,1,2079,0,0,second,2,2084,0,-1,zero,0,2080,-2,-1
1586434784907004037,first,1,2079,0,0,second,2,2084,0,-1,zero,0,2078,-2,-1
1586434785034907716,first,1,2079,0,-2,second,2,2084,0,-2,zero,0,2064,-6,-1
1586434785098890089,first,1,2078,0,-2,second,2,2084,0,-3,zero,0,2053,-9,-1
1586434785226901379,first,1,2056,-10,-4,second,2,2074,-5,-3,zero,0,2028,-10,-2
1586434785354914530,first,1,2024,-14,-4,second,2,2045,-13,-4,zero,0,2000,-13,-2
1586434785418872812,first,1,2005,-16,-4,second,2,2028,-15,-7,zero,0,1983,-14,-6
1586434785546911803,first,1,1963,-20,-3,second,2,1982,-24,-7,zero,0,1941,-20,-5
1586434785610823975,first,1,1938,-22,-7,second,2,1952,-28,-8,zero,0,1913,-25,-5
1586434785738900321,first,1,1874,-30,-7,second,2,1882,-35,-8,zero,0,1846,-33,-8
1586434785802102928,first,1,1837,-35,-8,second,2,1843,-37,-10,zero,0,1807,-36,-10
1586434785930712858,first,1,1754,-40,-7,second,2,1755,-43,-9,zero,0,1721,-42,-6
1586434786058456413,first,1,1665,-43,-10,second,2,1656,-50,-10,zero,0,1628,-46,-11
1586434786122903716,first,1,1617,-45,-10,second,2,1601,-53,-10,zero,0,1576,-49,-10
1586434786250710624,first,1,1515,-50,-13,second,2,1484,-58,-10,zero,0,1459,-57,-8
1586434786314821456,first,1,1461,-52,-12,second,2,1423,-60,-10,zero,0,1397,-60,-8
1586434786442771856,first,1,1346,-56,-13,second,2,1294,-64,-10,zero,0,1266,-63,-9
1586434786506738165,first,1,1288,-57,-10,second,2,1227,-65,-8,zero,0,1198,-66,-10
1586434786634723037,first,1,1165,-60,-10,second,2,1091,-66,-11,zero,0,1064,-66,-7
1586434786698771377,first,1,1104,-60,-11,second,2,1023,-67,-10,zero,0,996,-66,-10
1586434786826745726,first,1,980,-61,-12,second,2,883,-68,-9,zero,0,864,-65,-8
1586434786954754169,first,1,855,-61,-12,second,2,753,-62,-8,zero,0,739,-62,-9
1586434787018831588,first,1,793,-61,-12,second,2,693,-60,-8,zero,0,678,-61,-8
1586434787146743947,first,1,674,-58,-10,second,2,579,-55,-6,zero,0,564,-55,-7
1586434787210761401,first,1,619,-56,-10,second,2,527,-51,-7,zero,0,510,-53,-9
1586434787339105147,first,1,512,-52,-8,second,2,431,-46,-6,zero,0,410,-48,-5
1586434787402762972,first,1,462,-49,-8,second,2,385,-44,-6,zero,0,364,-46,-7
1586434787530946750,first,1,372,-43,-6,second,2,306,-37,-4,zero,0,282,-38,-5
1586434787658475572,first,1,291,-39,-5,second,2,240,-30,-4,zero,0,214,-32,-4
1586434787722779129,first,1,253,-37,-6,second,2,212,-28,-3,zero,0,182,-31,-5
1586434787850805894,first,1,183,-34,-4,second,2,160,-24,-3,zero,0,123,-28,-2
1586434787914845559,first,1,153,-30,-3,second,2,135,-24,-2,zero,0,96,-26,-2
1586434788042801867,first,1,107,-21,-1,second,2,91,-20,-2,zero,0,64,-10,-1
1586434788106918685,first,1,91,-16,-2,second,2,75,-14,-1,zero,0,60,-4,-1
1586434788234875626,first,1,66,-12,-1,second,2,60,-6,-1,zero,0,54,-2,-1
1586434788298762149,first,1,56,-9,-1,second,2,53,-6,-1,zero,0,51,-2,-1
1586434788426774365,first,1,42,-6,0,second,2,40,-5,-1,zero,0,46,-1,-1
1586434788554881502,first,1,41,0,0,second,2,37,0,0,zero,0,42,-1,-1
1586434788618828902,first,1,42,0,0,second,2,37,0,0,zero,0,40,-1,-1
1586434788746871391,first,1,41,0,0,second,2,37,0,0,zero,0,38,0,0
1586434788810788632,first,1,42,0,0,second,2,37,0,0,zero,0,38,0,0
1586434788938972111,first,1,42,0,0,second,2,37,0,0,zero,0,39,0,0
1586434789002847740,first,1,43,0,0,second,2,38,0,0,zero,0,39,0,0
1586434789130856881,first,1,49,1,1,second,2,44,2,1,zero,0,53,8,2
1586434789258464157,first,1,85,18,2,second,2,88,24,2,zero,0,92,20,2
1586434789322796414,first,1,115,26,3,second,2,124,33,2,zero,0,117,22,3
1586434789450751203,first,1,188,36,4,second,2,210,42,1,zero,0,176,29,2
1586434789514366300,first,1,230,39,1,second,2,258,45,2,zero,0,211,33,3
1586434789642878065,first,1,321,43,3,second,2,358,48,2,zero,0,294,41,3
1586434789706398698,first,1,367,45,3,second,2,409,49,2,zero,0,340,43,4
1586434789834431031,first,1,470,49,3,second,2,516,51,2,zero,0,433,44,5
1586434789898425352,first,1,525,52,3,second,2,571,52,2,zero,0,482,47,5
1586434790026390841,first,1,640,56,5,second,2,682,54,1,zero,0,594,54,5
1586434790154968406,first,1,762,59,3,second,2,800,57,3,zero,0,711,57,5
1586434790218985253,first,1,824,60,4,second,2,862,59,4,zero,0,773,60,4
1586434790346928895,first,1,953,62,4,second,2,993,64,1,zero,0,902,63,6
1586434790410896070,first,1,1016,63,2,second,2,1059,64,3,zero,0,968,65,5
1586434790538827282,first,1,1149,65,2,second,2,1187,64,2,zero,0,1101,65,6
1586434790602781247,first,1,1217,65,2,second,2,1252,63,2,zero,0,1166,65,5
1586434790730827262,first,1,1346,64,2,second,2,1376,62,1,zero,0,1294,63,5
1586434790858459675,first,1,1473,62,1,second,2,1500,61,2,zero,0,1421,61,3
1586434790922874419,first,1,1531,59,2,second,2,1560,61,1,zero,0,1480,59,3
1586434791050876542,first,1,1645,55,1,second,2,1672,54,1,zero,0,1595,56,2
1586434791114912670,first,1,1696,51,1,second,2,1714,43,6,zero,0,1649,53,3
1586434791242878570,first,1,1787,44,1,second,2,1734,7,4,zero,0,1745,45,1
1586434791306846521,first,1,1831,43,1,second,2,1756,20,2,zero,0,1788,42,1
1586434791434961035,first,1,1872,12,1,second,2,1832,41,2,zero,0,1866,37,1
1586434791498287707,first,1,1881,6,1,second,2,1880,46,1,zero,0,1899,33,1
1586434791627094106,first,1,1925,22,2,second,2,1964,37,4,zero,0,1952,20,0
1586434791755035190,first,1,1981,26,1,second,2,1974,0,0,zero,0,1957,1,1
1586434791819020175,first,1,2002,24,1,second,2,1979,2,1,zero,0,1967,7,1
1586434791946538082,first,1,2005,0,0,second,2,2006,12,1,zero,0,2003,17,1
1586434792010519986,first,1,2007,0,0,second,2,2017,10,0,zero,0,2015,12,0
1586434792138560263,first,1,2011,0,0,second,2,2017,0,0,zero,0,2016,0,0
1586434792202480578,first,1,2013,0,0,second,2,2017,0,0,zero,0,2016,0,0
1586434792331061197,first,1,2017,0,0,second,2,2020,0,0,zero,0,2019,0,0
1586434792458562910,first,1,2020,0,0,second,2,2020,0,0,zero,0,2022,0,0
1586434792523051864,first,1,2021,0,0,second,2,2020,0,0,zero,0,2023,0,0
1586434792650292176,first,1,2025,0,0,second,2,2023,0,0,zero,0,2026,0,0
1586434792714206132,first,1,2027,0,0,second,2,2025,0,0,zero,0,2028,0,0
1586434792842581970,first,1,2033,1,1,second,2,2045,13,1,zero,0,2032,1,1
1586434792906698103,first,1,2046,9,2,second,2,2069,21,1,zero,0,2043,8,2
1586434793034248607,first,1,2095,24,1,second,2,2116,22,1,zero,0,2077,16,1
1586434793098901320,first,1,2128,29,2,second,2,2140,22,1,zero,0,2098,20,1
1586434793227004580,first,1,2195,32,1,second,2,2188,23,1,zero,0,2155,27,1
1586434793354859450,first,1,2267,35,2,second,2,2258,34,2,zero,0,2221,32,1
1586434793418726581,first,1,2308,38,1,second,2,2298,38,1,zero,0,2258,34,4
1586434793546888404,first,1,2395,42,1,second,2,2390,44,3,zero,0,2340,39,1
1586434793610695617,first,1,2440,43,2,second,2,2439,46,1,zero,0,2383,41,3
1586434793738723443,first,1,2539,47,2,second,2,2543,50,4,zero,0,2477,46,5
1586434793802806574,first,1,2591,50,1,second,2,2598,53,3,zero,0,2527,48,4
1586434793930792027,first,1,2701,53,2,second,2,2720,58,2,zero,0,2633,52,5
1586434794058465603,first,1,2820,58,5,second,2,2846,61,3,zero,0,2749,58,5
1586434794122796246,first,1,2882,60,5,second,2,2912,63,1,zero,0,2811,60,5
1586434794250904136,first,1,3014,65,2,second,2,3043,63,1,zero,0,2938,63,7
1586434794314934953,first,1,3080,65,3,second,2,3107,63,1,zero,0,3003,64,5
1586434794442887923,first,1,3211,64,3,second,2,3232,62,1,zero,0,3138,67,4
1586434794506852046,first,1,3276,64,2,second,2,3294,62,1,zero,0,3205,67,5
1586434794634872300,first,1,3404,63,1,second,2,3416,61,1,zero,0,3337,65,4
1586434794698837291,first,1,3468,63,1,second,2,3477,60,2,zero,0,3403,64,6
1586434794826962470,first,1,3589,59,2,second,2,3596,59,3,zero,0,3531,61,4
1586434794954952867,first,1,3703,56,1,second,2,3713,56,1,zero,0,3645,54,2
1586434795018819741,first,1,3754,52,1,second,2,3768,55,1,zero,0,3697,51,3
1586434795146833133,first,1,3849,45,1,second,2,3820,11,1,zero,0,3794,47,2
1586434795210826062,first,1,3883,39,-5,second,2,3829,6,4,zero,0,3838,44,1
1586434795338389886,first,1,3895,2,4,second,2,3884,30,3,zero,0,3917,37,1
1586434795403058734,first,1,3912,11,2,second,2,3924,38,2,zero,0,3950,33,1
1586434795530868053,first,1,3973,30,2,second,2,3999,32,4,zero,0,4001,21,1
1586434795658668434,first,1,4037,31,-11,second,2,4007,0,0,zero,0,4007,1,2
1586434795722969972,first,1,4041,9,0,second,2,4011,2,1,zero,0,4018,9,1
1586434795850940232,first,1,4044,0,0,second,2,4050,20,1,zero,0,4046,12,1
1586434795915012656,first,1,4046,0,0,second,2,4067,16,1,zero,0,4055,8,0
1586434796042799183,first,1,4050,0,0,second,2,4068,0,0,zero,0,4056,0,0
1586434796106858154,first,1,4051,0,0,second,2,4068,0,0,zero,0,4058,0,0
1586434796234768435,first,1,4055,0,0,second,2,4068,0,0,zero,0,4060,0,0
1586434796298863796,first,1,4057,0,0,second,2,4068,0,0,zero,0,4062,0,0
1586434796426926286,first,1,4060,0,0,second,2,4068,0,0,zero,0,4065,0,0
1586434796554998896,first,1,4063,0,0,second,2,4068,0,0,zero,0,4068,0,0
1586434796619068289,first,1,4065,0,0,second,2,4068,0,0,zero,0,4069,0,0
1586434796746909447,first,1,4068,0,0,second,2,4068,0,-1,zero,0,4071,0,0
1586434796811073280,first,1,4068,0,0,second,2,4068,0,0,zero,0,4071,0,0
1586434796938914674,first,1,4066,0,-2,second,2,4068,0,-2,zero,0,4066,-1,-2
1586434797002906338,first,1,4056,-4,-4,second,2,4063,-2,-3,zero,0,4054,-9,-1
1586434797130904330,first,1,4027,-13,-4,second,2,4039,-11,-3,zero,0,4023,-14,-5
1586434797258580269,first,1,3989,-18,-6,second,2,4005,-16,-5,zero,0,3986,-17,-5
1586434797322998423,first,1,3965,-21,-8,second,2,3984,-19,-5,zero,0,3961,-23,-7
1586434797450928768,first,1,3901,-31,-7,second,2,3924,-30,-7,zero,0,3894,-32,-6
1586434797514900074,first,1,3862,-37,-7,second,2,3888,-34,-10,zero,0,3857,-34,-7
1586434797643008669,first,1,3775,-41,-8,second,2,3805,-41,-10,zero,0,3776,-40,-7
1586434797707097640,first,1,3731,-43,-8,second,2,3758,-46,-8,zero,0,3729,-44,-7
1586434797834966477,first,1,3637,-45,-10,second,2,3652,-52,-11,zero,0,3626,-51,-10
1586434797898931012,first,1,3588,-47,-10,second,2,3594,-55,-11,zero,0,3569,-54,-11
1586434798027306883,first,1,3483,-52,-11,second,2,3470,-61,-11,zero,0,3447,-59,-8
1586434798154893069,first,1,3370,-55,-12,second,2,3338,-65,-8,zero,0,3315,-64,-10
1586434798218881654,first,1,3312,-55,-13,second,2,3270,-66,-10,zero,0,3248,-65,-8
1586434798347014225,first,1,3192,-59,-13,second,2,3134,-67,-9,zero,0,3115,-65,-7
1586434798410973066,first,1,3129,-60,-11,second,2,3064,-67,-9,zero,0,3049,-65,-10
1586434798539008422,first,1,3004,-61,-11,second,2,2929,-66,-8,zero,0,2917,-65,-7
1586434798602891375,first,1,2943,-60,-11,second,2,2864,-64,-8,zero,0,2850,-65,-8
1586434798731123126,first,1,2824,-59,-11,second,2,2743,-59,-6,zero,0,2726,-61,-5
1586434798858650128,first,1,2707,-56,-9,second,2,2629,-54,-6,zero,0,2611,-55,-6
1586434798923073889,first,1,2654,-54,-10,second,2,2577,-51,-6,zero,0,2556,-54,-4
1586434799050945013,first,1,2550,-50,-9,second,2,2479,-47,-6,zero,0,2454,-48,-5
1586434799115062660,first,1,2501,-48,-9,second,2,2433,-45,-6,zero,0,2408,-46,-6
1586434799243000578,first,1,2413,-43,-7,second,2,2350,-39,-3,zero,0,2325,-39,-3
1586434799306923297,first,1,2373,-40,-5,second,2,2315,-35,-5,zero,0,2290,-35,-5
1586434799435025349,first,1,2296,-37,-5,second,2,2252,-30,-4,zero,0,2225,-30,-3
1586434799499130736,first,1,2259,-35,-4,second,2,2225,-26,-4,zero,0,2197,-28,-3
1586434799626969223,first,1,2195,-31,-3,second,2,2175,-24,-2,zero,0,2142,-26,-1
1586434799754964104,first,1,2147,-22,-1,second,2,2137,-15,-2,zero,0,2111,-10,-1
1586434799818869757,first,1,2130,-17,-2,second,2,2125,-12,-2,zero,0,2103,-7,-1
1586434799946973635,first,1,2107,-10,-1,second,2,2108,-7,-1,zero,0,2093,-3,-1
1586434800011177155,first,1,2098,-8,-1,second,2,2102,-6,-1,zero,0,2089,-2,-1
1586434800138886117,first,1,2086,-5,0,second,2,2088,-5,-1,zero,0,2084,-2,-1
1586434800203069228,first,1,2086,0,0,second,2,2081,-5,-1,zero,0,2081,-2,-1
1586434800331018658,first,1,2086,0,-1,second,2,2079,0,-1,zero,0,2080,0,-1
1586434800458654571,first,1,2086,0,-1,second,2,2079,0,0,zero,0,2078,0,0
1586434800523016614,first,1,2086,0,-2,second,2,2079,0,0,zero,0,2077,0,0
1586434800650953334,first,1,2085,0,-3,second,2,2079,0,-1,zero,0,2066,-5,-1
1586434800715089722,first,1,2076,-4,-2,second,2,2078,0,-3,zero,0,2055,-8,-1
1586434800843038600,first,1,2050,-11,-3,second,2,2070,-5,-2,zero,0,2030,-10,-4
1586434800906975631,first,1,2034,-13,-4,second,2,2058,-10,-5,zero,0,2016,-12,-4
1586434801035127157,first,1,2001,-15,-3,second,2,2025,-15,-4,zero,0,1985,-15,-4
1586434801099047177,first,1,1981,-17,-6,second,2,2005,-18,-4,zero,0,1965,-18,-4
1586434801226992227,first,1,1933,-22,-7,second,2,1952,-27,-6,zero,0,1914,-25,-5
1586434801354946766,first,1,1871,-29,-9,second,2,1882,-34,-7,zero,0,1847,-34,-8
1586434801419052179,first,1,1834,-34,-7,second,2,1843,-36,-8,zero,0,1807,-36,-9
1586434801546326374,first,1,1752,-39,-7,second,2,1756,-43,-10,zero,0,1719,-43,-7
1586434801611143294,first,1,1708,-41,-9,second,2,1708,-47,-8,zero,0,1671,-45,-8
1586434801739076622,first,1,1614,-45,-11,second,2,1600,-53,-10,zero,0,1568,-50,-8
1586434801803400505,first,1,1564,-48,-9,second,2,1541,-56,-9,zero,0,1512,-53,-9
1586434801931234831,first,1,1459,-51,-11,second,2,1421,-60,-10,zero,0,1394,-57,-8
1586434802058707289,first,1,1344,-56,-10,second,2,1293,-63,-10,zero,0,1267,-62,-10
1586434802123085506,first,1,1285,-57,-11,second,2,1228,-64,-9,zero,0,1200,-65,-8
1586434802251390737,first,1,1164,-59,-12,second,2,1094,-65,-10,zero,0,1066,-66,-9
1586434802315188115,first,1,1103,-59,-11,second,2,1027,-67,-8,zero,0,1000,-66,-9
1586434802443258945,first,1,980,-60,-12,second,2,886,-68,-10,zero,0,865,-67,-9
1586434802507107133,first,1,918,-60,-10,second,2,818,-68,-7,zero,0,800,-65,-8
1586434802634749952,first,1,792,-61,-9,second,2,693,-60,-7,zero,0,674,-61,-6
1586434802698764706,first,1,730,-61,-11,second,2,634,-57,-7,zero,0,615,-58,-7
1586434802826800545,first,1,614,-57,-11,second,2,525,-52,-5,zero,0,507,-52,-6
1586434802954610153,first,1,509,-51,-8,second,2,428,-46,-4,zero,0,409,-47,-5
1586434803018694959,first,1,459,-48,-8,second,2,383,-43,-5,zero,0,363,-45,-3
1586434803146223291,first,1,368,-44,-6,second,2,305,-37,-5,zero,0,282,-38,-4
1586434803210895335,first,1,327,-41,-7,second,2,271,-34,-5,zero,0,246,-35,-4
1586434803338899945,first,1,248,-37,-4,second,2,210,-28,-3,zero,0,182,-31,-1
1586434803403029835,first,1,213,-35,-5,second,2,184,-26,-4,zero,0,152,-29,-4
1586434803530778962,first,1,148,-31,-1,second,2,133,-24,-2,zero,0,96,-26,-1
1586434803658545151,first,1,100,-22,-1,second,2,93,-17,-3,zero,0,64,-10,-1
1586434803723063536,first,1,83,-17,-2,second,2,79,-13,-1,zero,0,58,-5,-1
1586434803850575262,first,1,59,-10,-1,second,2,62,-6,-1,zero,0,52,-2,-1
1586434803915565049,first,1,50,-8,-1,second,2,55,-6,-1,zero,0,49,-2,-1
1586434804042958474,first,1,36,-6,0,second,2,43,-5,-1,zero,0,44,-1,-1
1586434804106871342,first,1,36,0,0,second,2,37,-5,-1,zero,0,42,-1,-1
1586434804234983902,first,1,36,0,0,second,2,34,0,0,zero,0,38,0,0
1586434804298964359,first,1,35,0,0,second,2,34,0,0,zero,0,38,0,0
1586434804426911458,first,1,35,0,0,second,2,34,0,0,zero,0,38,0,0
1586434804555028408,first,1,35,0,0,second,2,34,0,0,zero,0,38,0,0
1586434804618904748,first,1,36,0,0,second,2,35,0,0,zero,0,39,0,0
1586434804746892286,first,1,54,9,2,second,2,54,11,2,zero,0,43,0,2
1586434804811001583,first,1,74,16,1,second,2,75,19,1,zero,0,54,8,4
1586434804939026992,first,1,128,26,1,second,2,136,30,1,zero,0,99,23,4
1586434805003022174,first,1,160,30,1,second,2,173,34,1,zero,0,131,29,3
1586434805130979456,first,1,234,36,1,second,2,253,39,2,zero,0,205,37,5
1586434805258819870,first,1,320,41,2,second,2,342,42,1,zero,0,291,41,3
1586434805323010157,first,1,366,43,2,second,2,388,43,2,zero,0,335,42,3
1586434805451050862,first,1,464,48,3,second,2,489,49,3,zero,0,429,46,4
1586434805514946001,first,1,519,51,3,second,2,543,51,4,zero,0,480,48,4
1586434805643002911,first,1,632,55,4,second,2,656,54,4,zero,0,589,53,4
1586434805707054833,first,1,692,57,2,second,2,714,56,3,zero,0,646,56,7
1586434805834974101,first,1,813,59,3,second,2,837,60,3,zero,0,770,61,7
1586434805899038061,first,1,876,60,5,second,2,903,63,4,zero,0,835,62,6
1586434806027162210,first,1,1004,62,4,second,2,1038,65,2,zero,0,968,66,6
1586434806155086678,first,1,1135,64,1,second,2,1172,66,3,zero,0,1106,68,3
1586434806218692402,first,1,1202,65,4,second,2,1239,66,3,zero,0,1174,68,4
1586434806346858033,first,1,1337,66,3,second,2,1369,64,2,zero,0,1306,64,2
1586434806411296127,first,1,1404,66,3,second,2,1432,62,1,zero,0,1369,62,3
1586434806539320135,first,1,1531,62,2,second,2,1551,59,2,zero,0,1488,58,4
1586434806603069081,first,1,1591,60,2,second,2,1609,58,1,zero,0,1546,56,3
1586434806731149827,first,1,1699,52,1,second,2,1713,51,1,zero,0,1651,51,2
1586434806795034149,first,1,1748,48,1,second,2,1762,48,1,zero,0,1700,49,2
1586434806923165421,first,1,1836,43,1,second,2,1805,8,0,zero,0,1787,42,2
1586434807051075379,first,1,1875,11,0,second,2,1826,15,4,zero,0,1865,37,2
1586434807115078008,first,1,1877,0,1,second,2,1855,26,2,zero,0,1901,35,1
1586434807243036441,first,1,1913,17,2,second,2,1930,38,1,zero,0,1955,23,-3
1586434807307138855,first,1,1941,26,1,second,2,1961,31,3,zero,0,1957,2,0
1586434807435073139,first,1,1997,27,2,second,2,1969,0,1,zero,0,1972,8,1
1586434807499050441,first,1,2000,6,0,second,2,1983,11,1,zero,0,1987,13,1
1586434807627125266,first,1,2003,0,0,second,2,2017,15,0,zero,0,2009,8,0
1586434807755217342,first,1,2007,0,0,second,2,2018,0,0,zero,0,2010,0,0
1586434807819150715,first,1,2009,0,0,second,2,2020,0,0,zero,0,2011,0,0
1586434807947299163,first,1,2013,0,0,second,2,2023,0,0,zero,0,2013,0,0
1586434808011411232,first,1,2015,0,0,second,2,2025,0,0,zero,0,2015,0,0
1586434808139236639,first,1,2018,0,0,second,2,2028,0,0,zero,0,2017,0,0
1586434808203164504,first,1,2020,0,0,second,2,2030,0,0,zero,0,2018,0,0
1586434808331276936,first,1,2024,0,0,second,2,2033,0,0,zero,0,2021,0,0
1586434808395470849,first,1,2028,1,1,second,2,2034,0,0,zero,0,2024,0,1
1586434808523410110,first,1,2062,17,1,second,2,2053,11,1,zero,0,2049,13,2
1586434808651569843,first,1,2115,24,1,second,2,2104,26,1,zero,0,2090,19,1
1586434808715206729,first,1,2140,24,1,second,2,2136,29,1,zero,0,2114,22,1
1586434808842881157,first,1,2193,25,2,second,2,2197,29,1,zero,0,2168,26,2
1586434808906373208,first,1,2224,28,2,second,2,2229,29,2,zero,0,2199,29,4
1586434809036057188,first,1,2300,36,1,second,2,2303,36,2,zero,0,2269,33,3
1586434809099194000,first,1,2340,39,2,second,2,2345,39,1,zero,0,2306,34,1
1586434809242743052,first,1,2434,45,3,second,2,2435,43,3,zero,0,2386,38,3
1586434809306686650,first,1,2497,49,2,second,2,2495,46,3,zero,0,2439,41,4
1586434809437459599,first,1,2603,51,4,second,2,2597,49,2,zero,0,2534,45,4
1586434809498394908,first,1,2657,52,3,second,2,2651,50,4,zero,0,2583,47,5
1586434809628160284,first,1,2772,55,3,second,2,2762,54,4,zero,0,2691,53,6
1586434809755461931,first,1,2890,57,3,second,2,2885,59,2,zero,0,2810,58,5
1586434809820137476,first,1,2953,59,5,second,2,2947,60,3,zero,0,2873,60,6
1586434809946576836,first,1,3079,61,4,second,2,3078,63,2,zero,0,3003,64,5
1586434810010738681,first,1,3142,61,3,second,2,3143,64,1,zero,0,3069,65,6
1586434810138419111,first,1,3270,62,4,second,2,3273,64,3,zero,0,3206,68,6
1586434810202472337,first,1,3332,62,4,second,2,3338,64,1,zero,0,3275,68,4
1586434810331226743,first,1,3460,62,2,second,2,3466,63,2,zero,0,3409,65,4
1586434810395534740,first,1,3522,62,2,second,2,3529,62,1,zero,0,3474,62,3
1586434810522480362,first,1,3642,59,1,second,2,3648,58,3,zero,0,3591,56,2
1586434810651000681,first,1,3750,52,1,second,2,3757,53,1,zero,0,3695,50,2
1586434810714534174,first,1,3800,49,1,second,2,3805,48,1,zero,0,3743,47,2
1586434810842489279,first,1,3881,39,5,second,2,3848,8,0,zero,0,3834,43,1
1586434810906649558,first,1,3888,13,0,second,2,3853,2,2,zero,0,3875,40,2
1586434811034357956,first,1,3910,11,1,second,2,3899,26,2,zero,0,3944,32,1
1586434811098337832,first,1,3937,22,3,second,2,3935,33,2,zero,0,3975,30,1
1586434811226392443,first,1,4006,34,1,second,2,4016,40,1,zero,0,4022,20,1
1586434811354446870,first,1,4038,8,0,second,2,4052,5,0,zero,0,4024,0,0
1586434811418482115,first,1,4039,0,0,second,2,4053,0,0,zero,0,4028,1,1
1586434811546346416,first,1,4043,0,0,second,2,4057,0,0,zero,0,4046,7,1
1586434811610399495,first,1,4045,0,0,second,2,4058,0,0,zero,0,4056,7,1
1586434811738493949,first,1,4048,0,0,second,2,4062,0,0,zero,0,4061,0,0
1586434811802741372,first,1,4050,0,0,second,2,4063,0,0,zero,0,4062,0,0
1586434811930491429,first,1,4054,0,0,second,2,4066,0,0,zero,0,4065,0,0
1586434812059234436,first,1,4057,0,0,second,2,4069,0,0,zero,0,4068,0,0
1586434812122625505,first,1,4059,0,0,second,2,4070,0,0,zero,0,4069,0,0
1586434812250969069,first,1,4062,0,0,second,2,4073,0,0,zero,0,4072,0,0
1586434812315188269,first,1,4063,0,0,second,2,4075,0,0,zero,0,4073,0,0
1586434812443239157,first,1,4066,0,-1,second,2,4075,0,0,zero,0,4073,0,-1
1586434812506946174,first,1,4067,0,-2,second,2,4075,0,-2,zero,0,4073,0,0
1586434812634792923,first,1,4055,-4,-1,second,2,4074,0,-4,zero,0,4052,-10,-2
1586434812698840141,first,1,4043,-10,-3,second,2,4066,-6,-4,zero,0,4038,-13,-3
1586434812827123776,first,1,4007,-17,-3,second,2,4037,-14,-5,zero,0,4003,-15,-3
1586434812955241949,first,1,3961,-22,-6,second,2,3994,-22,-7,zero,0,3958,-22,-5
1586434813018996580,first,1,3934,-24,-7,second,2,3964,-28,-7,zero,0,3926,-28,-5
1586434813147227986,first,1,3862,-35,-7,second,2,3892,-35,-7,zero,0,3856,-34,-6
1586434813227182532,first,1,3820,-39,-8,second,2,3850,-39,-8,zero,0,3816,-36,-8
1586434813355281066,first,1,3722,-43,-9,second,2,3746,-47,-8,zero,0,3717,-44,-8
1586434813419203235,first,1,3676,-43,-8,second,2,3694,-49,-11,zero,0,3668,-47,-7
1586434813547193650,first,1,3581,-46,-10,second,2,3582,-56,-10,zero,0,3562,-51,-10
1586434813611040453,first,1,3529,-48,-10,second,2,3523,-58,-9,zero,0,3507,-52,-8
1586434813739142295,first,1,3419,-53,-11,second,2,3397,-61,-8,zero,0,3384,-59,-9
1586434813803232541,first,1,3363,-55,-9,second,2,3333,-63,-10,zero,0,3320,-61,-9
1586434813931197671,first,1,3247,-57,-11,second,2,3198,-65,-10,zero,0,3184,-67,-9
1586434813995351244,first,1,3186,-59,-13,second,2,3131,-66,-8,zero,0,3115,-68,-9
1586434814123207617,first,1,3060,-60,-12,second,2,2994,-67,-8,zero,0,2979,-67,-7
1586434814251221473,first,1,2938,-61,-12,second,2,2862,-64,-7,zero,0,2848,-65,-6
1586434814315114393,first,1,2876,-60,-11,second,2,2799,-62,-7,zero,0,2785,-63,-7
1586434814443214216,first,1,2761,-57,-8,second,2,2680,-57,-8,zero,0,2665,-58,-8
1586434814507108048,first,1,2704,-55,-10,second,2,2625,-55,-5,zero,0,2609,-56,-7
1586434814635128787,first,1,2600,-51,-8,second,2,2521,-50,-7,zero,0,2503,-51,-4
1586434814699080719,first,1,2551,-49,-9,second,2,2473,-46,-6,zero,0,2453,-48,-4
1586434814827242209,first,1,2458,-44,-6,second,2,2386,-41,-6,zero,0,2365,-42,-3
1586434814954456762,first,1,2374,-40,-6,second,2,2313,-34,-5,zero,0,2287,-36,-6
1586434815018783429,first,1,2334,-39,-6,second,2,2280,-32,-4,zero,0,2253,-33,-3
1586434815147477582,first,1,2258,-36,-4,second,2,2223,-26,-4,zero,0,2193,-29,-2
1586434815211426614,first,1,2223,-34,-5,second,2,2196,-25,-2,zero,0,2165,-28,-1
1586434815339292697,first,1,2165,-28,-2,second,2,2150,-21,-1,zero,0,2118,-20,-1
1586434815403257276,first,1,2142,-23,-1,second,2,2134,-16,-1,zero,0,2107,-11,-1
1586434815530889124,first,1,2115,-12,-1,second,2,2111,-9,-1,zero,0,2096,-3,-1
1586434815595494433,first,1,2104,-9,-1,second,2,2103,-7,-1,zero,0,2094,-2,-1
1586434815723383583,first,1,2089,-7,-1,second,2,2089,-6,-1,zero,0,2088,-2,-1
1586434815851129446,first,1,2084,0,0,second,2,2086,0,0,zero,0,2082,-2,-1
1586434815915225012,first,1,2084,0,0,second,2,2086,0,0,zero,0,2080,-1,0
1586434816043176656,first,1,2084,0,0,second,2,2086,0,0,zero,0,2079,0,0
1586434816107177452,first,1,2084,0,0,second,2,2086,0,-1,zero,0,2079,0,0
1586434816235336879,first,1,2084,0,-2,second,2,2086,0,-1,zero,0,2074,-1,-1
1586434816299214277,first,1,2083,0,-2,second,2,2086,0,-3,zero,0,2069,-3,-1
1586434816426968396,first,1,2063,-9,-4,second,2,2085,0,-2,zero,0,2051,-8,-2
1586434816554968571,first,1,2035,-12,-3,second,2,2063,-11,-3,zero,0,2021,-13,-4
1586434816618879559,first,1,2019,-14,-5,second,2,2047,-13,-6,zero,0,2006,-15,-4
1586434816747044110,first,1,1979,-18,-4,second,2,2005,-20,-5,zero,0,1967,-18,-4
1586434816810814591,first,1,1957,-20,-4,second,2,1978,-25,-6,zero,0,1942,-21,-7
1586434816939018297,first,1,1901,-26,-5,second,2,1914,-31,-8,zero,0,1879,-31,-6
1586434817003382889,first,1,1868,-30,-8,second,2,1879,-34,-8,zero,0,1842,-34,-6
1586434817131051937,first,1,1790,-38,-9,second,2,1798,-41,-7,zero,0,1761,-39,-6
1586434817195150204,first,1,1749,-39,-9,second,2,1752,-43,-9,zero,0,1716,-42,-6
1586434817322940785,first,1,1658,-44,-10,second,2,1650,-51,-9,zero,0,1620,-48,-9
1586434817451177755,first,1,1559,-48,-11,second,2,1536,-57,-10,zero,0,1511,-54,-9
1586434817514843467,first,1,1507,-50,-12,second,2,1476,-59,-10,zero,0,1452,-55,-9
1586434817642974182,first,1,1397,-54,-12,second,2,1349,-63,-8,zero,0,1333,-58,-11
1586434817707506548,first,1,1338,-57,-12,second,2,1282,-64,-10,zero,0,1268,-61,-9
1586434817835488186,first,1,1218,-58,-10,second,2,1148,-66,-11,zero,0,1136,-65,-9
1586434817898887320,first,1,1156,-59,-13,second,2,1079,-67,-7,zero,0,1070,-65,-9
1586434818026818219,first,1,1033,-60,-11,second,2,944,-67,-8,zero,0,933,-66,-7
1586434818154880276,first,1,907,-61,-12,second,2,811,-65,-8,zero,0,801,-66,-6
1586434818219095492,first,1,844,-61,-11,second,2,748,-62,-7,zero,0,736,-64,-6
1586434818347306152,first,1,722,-60,-9,second,2,631,-57,-9,zero,0,614,-59,-5
1586434818411494455,first,1,664,-57,-8,second,2,574,-55,-6,zero,0,557,-57,-8
1586434818539386822,first,1,556,-53,-9,second,2,472,-50,-7,zero,0,452,-50,-6
1586434818603486195,first,1,506,-50,-8,second,2,424,-47,-6,zero,0,404,-48,-6
1586434818731350296,first,1,411,-45,-7,second,2,338,-40,-5,zero,0,314,-42,-4
1586434818795395534,first,1,367,-43,-7,second,2,302,-36,-5,zero,0,274,-38,-2
1586434818923202452,first,1,286,-39,-4,second,2,237,-30,-5,zero,0,206,-32,-4
1586434819051359409,first,1,212,-35,-6,second,2,183,-26,-3,zero,0,144,-29,-4
1586434819115419750,first,1,178,-34,-4,second,2,157,-25,-4,zero,0,115,-29,-2
1586434819243426600,first,1,121,-27,-3,second,2,108,-23,-1,zero,0,73,-16,-1
1586434819307224398,first,1,99,-22,-2,second,2,89,-19,-2,zero,0,65,-8,-1
1586434819435193755,first,1,68,-14,-1,second,2,67,-8,-1,zero,0,53,-4,-1
1586434819499152872,first,1,58,-10,-1,second,2,60,-6,-1,zero,0,50,-2,-1
1586434819627281521,first,1,38,-9,-1,second,2,46,-6,-1,zero,0,44,-2,-1
1586434819755430392,first,1,33,0,0,second,2,36,-3,0,zero,0,39,-2,-1
1586434819819626810,first,1,33,0,0,second,2,36,0,0,zero,0,35,-2,-1
1586434819947225851,first,1,33,0,0,second,2,36,0,0,zero,0,34,0,0
1586434820011229829,first,1,33,0,0,second,2,36,0,0,zero,0,33,0,0
1586434820139292245,first,1,33,0,0,second,2,36,0,0,zero,0,34,0,0
1586434820203344910,first,1,33,0,0,second,2,36,0,0,zero,0,34,0,0
1586434820331238493,first,1,38,1,1,second,2,41,1,1,zero,0,38,1,2
1586434820395245716,first,1,51,8,3,second,2,55,11,1,zero,0,49,8,2
1586434820523313437,first,1,95,21,2,second,2,106,25,2,zero,0,89,20,3
1586434820651528501,first,1,160,32,1,second,2,175,34,1,zero,0,146,28,2
1586434820715000675,first,1,198,34,2,second,2,214,36,2,zero,0,179,30,4
1586434820843377400,first,1,281,40,2,second,2,299,40,1,zero,0,256,38,3
1586434820907420656,first,1,328,43,2,second,2,343,42,2,zero,0,300,41,2
1586434821035191551,first,1,424,47,2,second,2,439,46,2,zero,0,392,44,3
1586434821099233683,first,1,473,47,2,second,2,489,48,3,zero,0,439,45,5
1586434821227367339,first,1,580,51,4,second,2,596,52,3,zero,0,543,51,5
1586434821355277454,first,1,695,56,3,second,2,712,57,4,zero,0,657,55,3
1586434821419346118,first,1,756,58,3,second,2,775,59,3,zero,0,714,55,5
1586434821546586456,first,1,881,61,2,second,2,903,62,3,zero,0,836,60,7
1586434821611646313,first,1,945,62,3,second,2,971,64,2,zero,0,899,62,7
1586434821739422752,first,1,1076,65,4,second,2,1101,64,1,zero,0,1031,65,6
1586434821802789310,first,1,1142,65,3,second,2,1166,64,3,zero,0,1100,67,6
1586434821931487492,first,1,1279,67,3,second,2,1296,64,1,zero,0,1236,67,6
1586434821995622256,first,1,1346,67,4,second,2,1361,64,3,zero,0,1303,66,3
1586434822123257105,first,1,1478,65,2,second,2,1487,61,2,zero,0,1434,63,4
1586434822251357632,first,1,1601,60,2,second,2,1605,58,1,zero,0,1551,56,3
1586434822315335867,first,1,1659,58,1,second,2,1658,53,1,zero,0,1606,54,1
1586434822443444607,first,1,1760,49,1,second,2,1756,48,1,zero,0,1707,49,2
1586434822507446222,first,1,1796,41,-16,second,2,1802,46,1,zero,0,1751,44,1
1586434822635373145,first,1,1809,2,4,second,2,1844,9,1,zero,0,1833,39,1
1586434822699260561,first,1,1827,12,4,second,2,1852,5,1,zero,0,1870,37,1
1586434822827457895,first,1,1891,31,3,second,2,1896,25,4,zero,0,1934,30,1
1586434822955337124,first,1,1961,34,-13,second,2,1965,34,1,zero,0,1957,2,0
1586434823019406640,first,1,1966,10,0,second,2,1993,28,4,zero,0,1960,1,1
1586434823147387934,first,1,1981,7,2,second,2,1998,0,0,zero,0,1987,14,1
1586434823211391500,first,1,1999,15,1,second,2,2000,0,0,zero,0,2002,14,1
1586434823339451078,first,1,2012,1,0,second,2,2002,0,0,zero,0,2011,0,0
1586434823403266472,first,1,2014,0,0,second,2,2004,0,0,zero,0,2012,0,0
1586434823531331458,first,1,2017,0,0,second,2,2007,0,0,zero,0,2014,0,0
1586434823595301330,first,1,2019,0,0,second,2,2009,0,0,zero,0,2015,0,0
1586434823723332854,first,1,2022,0,0,second,2,2013,0,0,zero,0,2017,0,0
1586434823851497780,first,1,2025,0,0,second,2,2016,0,0,zero,0,2021,0,0
1586434823915245495,first,1,2027,0,0,second,2,2017,0,0,zero,0,2022,0,0
1586434824043308686,first,1,2031,0,0,second,2,2023,1,2,zero,0,2027,1,1
1586434824107365879,first,1,2035,1,2,second,2,2037,12,2,zero,0,2037,8,1
1586434824235521124,first,1,2070,17,1,second,2,2086,24,1,zero,0,2071,17,1
1586434824299332758,first,1,2099,25,2,second,2,2114,25,1,zero,0,2092,19,1
1586434824427366644,first,1,2161,29,1,second,2,2168,25,1,zero,0,2142,23,1
1586434824555464422,first,1,2229,33,3,second,2,2229,30,1,zero,0,2198,26,2
1586434824619398674,first,1,2268,36,1,second,2,2265,34,2,zero,0,2228,29,2
1586434824747341508,first,1,2354,41,1,second,2,2346,38,1,zero,0,2301,35,3
1586434824811709659,first,1,2400,43,2,second,2,2388,40,2,zero,0,2341,38,3
1586434824939412081,first,1,2494,46,1,second,2,2482,46,2,zero,0,2428,42,3
1586434825003330838,first,1,2544,47,2,second,2,2532,47,2,zero,0,2476,45,4
1586434825131297608,first,1,2650,52,2,second,2,2638,51,4,zero,0,2578,49,5
1586434825195286957,first,1,2705,53,1,second,2,2693,53,2,zero,0,2633,52,5
1586434825323305140,first,1,2823,56,4,second,2,2814,59,2,zero,0,2750,58,6
1586434825451343596,first,1,2946,61,5,second,2,2945,64,3,zero,0,2876,62,6
1586434825515314600,first,1,3011,63,3,second,2,3012,65,2,zero,0,2941,63,7
1586434825643421316,first,1,3145,65,4,second,2,3144,64,3,zero,0,3076,67,4
1586434825707349704,first,1,3214,66,1,second,2,3208,64,2,zero,0,3146,68,5
1586434825834934537,first,1,3348,66,2,second,2,3338,64,4,zero,0,3282,67,4
1586434825898805896,first,1,3411,64,2,second,2,3400,63,3,zero,0,3349,67,2
1586434826027253110,first,1,3534,60,2,second,2,3527,62,1,zero,0,3477,61,4
1586434826155186936,first,1,3650,57,1,second,2,3646,58,1,zero,0,3592,55,4
1586434826219193779,first,1,3706,56,1,second,2,3702,56,1,zero,0,3644,51,2
1586434826347417616,first,1,3807,49,1,second,2,3804,49,1,zero,0,3741,46,3
1586434826411832093,first,1,3844,41,-3,second,2,3839,36,5,zero,0,3790,46,1
1586434826539526800,first,1,3857,2,3,second,2,3861,8,4,zero,0,3877,42,1
1586434826603289682,first,1,3874,12,4,second,2,3883,19,2,zero,0,3915,38,1
1586434826730669428,first,1,3938,31,2,second,2,3947,33,1,zero,0,3980,30,1
1586434826794676753,first,1,3977,36,1,second,2,3984,35,1,zero,0,4001,20,1
1586434826922713015,first,1,4014,11,0,second,2,4015,4,0,zero,0,4006,1,1
1586434827051079414,first,1,4030,8,1,second,2,4031,10,1,zero,0,4032,12,1
1586434827115137219,first,1,4049,16,1,second,2,4051,17,1,zero,0,4046,13,1
1586434827243180848,first,1,4062,1,0,second,2,4067,0,0,zero,0,4054,0,0
1586434827307192018,first,1,4063,0,0,second,2,4066,0,0,zero,0,4055,0,0
1586434827435175981,first,1,4067,0,0,second,2,4067,0,0,zero,0,4059,0,0
1586434827498814951,first,1,4069,0,0,second,2,4067,0,0,zero,0,4060,0,0
1586434827626649978,first,1,4072,0,0,second,2,4067,0,0,zero,0,4063,0,0
1586434827755445452,first,1,4076,0,0,second,2,4067,0,0,zero,0,4067,0,0
1586434827819328433,first,1,4077,0,0,second,2,4067,0,0,zero,0,4068,0,0
1586434827947270407,first,1,4080,0,0,second,2,4067,0,0,zero,0,4070,0,0
1586434828011554244,first,1,4081,0,0,second,2,4067,0,0,zero,0,4071,0,0
1586434828139453722,first,1,4081,0,-2,second,2,4067,0,-1,zero,0,4071,0,-2
1586434828203315742,first,1,4080,0,-3,second,2,4065,0,-1,zero,0,4068,0,-1
1586434828331328430,first,1,4055,-11,-3,second,2,4048,-8,-2,zero,0,4040,-13,-5
1586434828395747987,first,1,4039,-14,-3,second,2,4035,-11,-4,zero,0,4022,-15,-5
1586434828523328478,first,1,3997,-19,-6,second,2,4003,-15,-4,zero,0,3983,-18,-6
1586434828651321870,first,1,3942,-27,-7,second,2,3957,-24,-7,zero,0,3926,-28,-7
1586434828715404200,first,1,3905,-32,-8,second,2,3925,-30,-8,zero,0,3891,-33,-5
1586434828843409978,first,1,3822,-40,-6,second,2,3850,-37,-8,zero,0,3815,-37,-6
1586434828907276669,first,1,3776,-42,-9,second,2,3807,-40,-11,zero,0,3772,-40,-10
1586434829035377865,first,1,3684,-45,-8,second,2,3709,-49,-10,zero,0,3672,-49,-10
1586434829099411144,first,1,3635,-46,-10,second,2,3655,-52,-10,zero,0,3619,-52,-8
1586434829227397747,first,1,3532,-50,-11,second,2,3536,-59,-10,zero,0,3507,-53,-10
1586434829355474606,first,1,3420,-55,-10,second,2,3402,-66,-9,zero,0,3383,-60,-8
1586434829419400458,first,1,3362,-56,-11,second,2,3333,-67,-10,zero,0,3318,-63,-8
1586434829547381623,first,1,3244,-57,-9,second,2,3192,-69,-9,zero,0,3182,-67,-9
1586434829611544773,first,1,3184,-58,-12,second,2,3122,-69,-10,zero,0,3113,-67,-11
1586434829739382374,first,1,3062,-59,-11,second,2,2983,-68,-9,zero,0,2978,-67,-8
1586434829803413705,first,1,3000,-59,-12,second,2,2915,-67,-9,zero,0,2911,-67,-7
1586434829931396192,first,1,2879,-59,-11,second,2,2788,-62,-8,zero,0,2778,-66,-6
1586434829995445483,first,1,2821,-59,-10,second,2,2728,-58,-6,zero,0,2715,-62,-7
1586434830123447070,first,1,2706,-55,-9,second,2,2619,-52,-6,zero,0,2600,-56,-4
1586434830251414035,first,1,2599,-53,-9,second,2,2519,-48,-7,zero,0,2498,-49,-4
1586434830315338026,first,1,2548,-51,-9,second,2,2472,-46,-5,zero,0,2451,-46,-7
1586434830443516536,first,1,2452,-46,-6,second,2,2387,-40,-6,zero,0,2366,-40,-3
1586434830507496454,first,1,2409,-42,-6,second,2,2348,-38,-4,zero,0,2327,-39,-5
1586434830635441228,first,1,2328,-40,-6,second,2,2281,-31,-4,zero,0,2255,-33,-3
1586434830699443903,first,1,2291,-37,-4,second,2,2251,-29,-4,zero,0,2224,-31,-2
1586434830827760098,first,1,2219,-34,-4,second,2,2198,-25,-3,zero,0,2167,-28,-1
1586434830955356133,first,1,2160,-28,-2,second,2,2151,-22,-1,zero,0,2120,-20,-1
1586434831019369742,first,1,2139,-22,-2,second,2,2133,-16,-2,zero,0,2110,-10,-1
1586434831147595049,first,1,2113,-10,-1,second,2,2114,-7,-1,zero,0,2099,-3,-1
1586434831211420048,first,1,2103,-9,-1,second,2,2106,-7,-1,zero,0,2095,-2,-1
1586434831339513059,first,1,2087,-7,-1,second,2,2091,-6,-1,zero,0,2088,-2,-1
1586434831403404126,first,1,2084,-4,0,second,2,2084,-6,-1,zero,0,2085,-2,-1
1586434831546706462,first,1,2083,0,0,second,2,2081,0,0,zero,0,2080,-1,-1
1586434831611601120,first,1,2083,0,0,second,2,2081,0,-1,zero,0,2078,-1,-1
1586434831739703353,first,1,2083,0,0,second,2,2081,0,-1,zero,0,2072,-1,-1
1586434831803449404,first,1,2082,0,-2,second,2,2081,0,-1,zero,0,2069,-1,-1
1586434831931474357,first,1,2068,-6,-1,second,2,2081,0,-1,zero,0,2062,-2,-4
1586434831995362198,first,1,2058,-9,-1,second,2,2081,0,-3,zero,0,2052,-7,-1
1586434832123758641,first,1,2032,-11,-1,second,2,2070,-6,-4,zero,0,2027,-11,-1
1586434832251405742,first,1,2003,-13,-5,second,2,2040,-14,-3,zero,0,1999,-13,-3
1586434832315478343,first,1,1986,-14,-3,second,2,2022,-16,-7,zero,0,1981,-15,-3
1586434832443580009,first,1,1946,-19,-4,second,2,1976,-23,-7,zero,0,1941,-20,-6
1586434832507480069,first,1,1921,-22,-6,second,2,1946,-28,-7,zero,0,1913,-25,-6
1586434832635561180,first,1,1860,-29,-7,second,2,1877,-34,-7,zero,0,1843,-34,-7
1586434832699463311,first,1,1824,-33,-8,second,2,1837,-37,-9,zero,0,1804,-37,-5
1586434832827483387,first,1,1742,-39,-8,second,2,1748,-44,-7,zero,0,1716,-43,-8
1586434832955457535,first,1,1653,-43,-9,second,2,1647,-50,-11,zero,0,1619,-47,-9
1586434833019473831,first,1,1607,-45,-10,second,2,1593,-53,-9,zero,0,1566,-50,-10
1586434833147393693,first,1,1505,-49,-11,second,2,1474,-59,-9,zero,0,1452,-56,-8
1586434833211543634,first,1,1452,-51,-10,second,2,1413,-61,-8,zero,0,1393,-57,-10
1586434833339671643,first,1,1336,-57,-12,second,2,1283,-64,-9,zero,0,1266,-62,-9
1586434833403408612,first,1,1277,-58,-12,second,2,1217,-65,-9,zero,0,1198,-65,-9
1586434833531377221,first,1,1153,-60,-11,second,2,1080,-67,-10,zero,0,1064,-66,-7
1586434833595530027,first,1,1091,-61,-11,second,2,1012,-68,-10,zero,0,995,-66,-9
1586434833723371974,first,1,964,-62,-10,second,2,874,-66,-7,zero,0,860,-67,-7
1586434833851413019,first,1,838,-62,-11,second,2,748,-61,-7,zero,0,731,-63,-7
1586434833915431629,first,1,776,-61,-10,second,2,689,-58,-8,zero,0,670,-61,-7
1586434834043462951,first,1,659,-57,-8,second,2,576,-54,-7,zero,0,556,-55,-7
1586434834107471645,first,1,602,-56,-9,second,2,524,-52,-7,zero,0,504,-51,-6
1586434834235468179,first,1,496,-51,-7,second,2,426,-47,-6,zero,0,408,-47,-6
1586434834299483224,first,1,446,-49,-8,second,2,382,-44,-6,zero,0,361,-46,-3
1586434834427545564,first,1,357,-42,-6,second,2,302,-38,-5,zero,0,278,-39,-6
1586434834555514962,first,1,277,-38,-6,second,2,235,-31,-4,zero,0,207,-34,-4
1586434834619506618,first,1,239,-37,-5,second,2,205,-29,-4,zero,0,174,-32,-1
1586434834747548696,first,1,171,-32,-2,second,2,154,-24,-3,zero,0,115,-28,-1
1586434834811532560,first,1,142,-29,-1,second,2,129,-24,-4,zero,0,89,-25,-1
1586434834939511054,first,1,95,-21,-1,second,2,90,-17,-1,zero,0,67,-7,-1
1586434835003409733,first,1,78,-17,-2,second,2,76,-13,-2,zero,0,63,-4,-1
1586434835131348360,first,1,53,-10,-1,second,2,59,-7,-1,zero,0,57,-2,-1
1586434835195559988,first,1,43,-9,-1,second,2,53,-6,-1,zero,0,54,-2,-1
1586434835323515209,first,1,38,0,0,second,2,40,-5,-1,zero,0,48,-2,-1
1586434835451514577,first,1,38,0,0,second,2,37,0,0,zero,0,42,-2,-1
1586434835515365217,first,1,38,0,0,second,2,37,0,0,zero,0,38,-2,-1
1586434835643595686,first,1,38,0,0,second,2,37,0,0,zero,0,37,0,0
1586434835707327724,first,1,38,0,0,second,2,37,0,0,zero,0,36,0,0
1586434835835539691,first,1,38,0,0,second,2,37,0,0,zero,0,37,0,0
1586434835899560828,first,1,39,0,0,second,2,38,0,0,zero,0,38,0,0
1586434836027540307,first,1,46,1,1,second,2,44,1,2,zero,0,43,0,2
1586434836155553929,first,1,86,20,3,second,2,82,22,3,zero,0,74,18,4
1586434836219688571,first,1,119,28,2,second,2,115,29,3,zero,0,99,23,3
1586434836347507246,first,1,200,40,1,second,2,195,39,3,zero,0,162,32,3
1586434836410790725,first,1,246,44,3,second,2,240,43,2,zero,0,201,36,4
1586434836539572959,first,1,341,45,1,second,2,337,46,3,zero,0,289,42,3
1586434836603525241,first,1,388,45,1,second,2,386,46,1,zero,0,336,45,4
1586434836731408608,first,1,491,49,2,second,2,491,50,2,zero,0,431,46,5
1586434836795463578,first,1,544,52,1,second,2,545,52,4,zero,0,482,49,3
1586434836923512600,first,1,658,55,3,second,2,658,54,4,zero,0,596,56,5
1586434837051726514,first,1,777,58,3,second,2,776,56,4,zero,0,713,57,5
1586434837115886563,first,1,839,60,3,second,2,838,60,2,zero,0,775,59,6
1586434837243576514,first,1,970,64,4,second,2,970,64,4,zero,0,905,64,4
1586434837307448207,first,1,1036,65,3,second,2,1036,64,4,zero,0,970,64,5
1586434837435536055,first,1,1170,66,1,second,2,1167,64,2,zero,0,1102,64,5
1586434837499487450,first,1,1238,66,3,second,2,1232,64,3,zero,0,1167,64,4
1586434837627560192,first,1,1371,65,1,second,2,1362,65,2,zero,0,1297,64,5
1586434837755540665,first,1,1500,63,2,second,2,1485,60,2,zero,0,1427,63,3
1586434837819501791,first,1,1560,61,1,second,2,1543,59,1,zero,0,1488,60,5
1586434837946744630,first,1,1671,54,1,second,2,1657,56,1,zero,0,1603,55,3
1586434838011647868,first,1,1722,51,1,second,2,1709,52,1,zero,0,1656,53,2
1586434838139586290,first,1,1773,16,1,second,2,1793,36,3,zero,0,1754,45,1
1586434838203586051,first,1,1783,7,4,second,2,1802,9,1,zero,0,1797,43,1
1586434838331598539,first,1,1839,29,3,second,2,1831,18,3,zero,0,1872,35,1
1586434838395566634,first,1,1879,37,1,second,2,1860,27,3,zero,0,1903,31,1
1586434838523483555,first,1,1955,37,-13,second,2,1932,35,1,zero,0,1955,21,1
1586434838651630370,first,1,1964,0,0,second,2,1997,28,3,zero,0,1960,1,1
1586434838715566706,first,1,1968,1,1,second,2,2001,5,0,zero,0,1972,9,2
1586434838843613100,first,1,2005,19,1,second,2,2003,0,0,zero,0,2002,13,1
1586434838907742245,first,1,2022,18,2,second,2,2005,0,0,zero,0,2011,9,0
1586434839035591886,first,1,2023,0,0,second,2,2008,0,0,zero,0,2012,0,0
1586434839099597945,first,1,2023,0,0,second,2,2009,0,0,zero,0,2013,0,0
1586434839227265350,first,1,2023,0,0,second,2,2013,0,0,zero,0,2016,0,0
1586434839355327455,first,1,2023,0,0,second,2,2016,0,0,zero,0,2017,0,0
1586434839419304342,first,1,2023,0,0,second,2,2017,0,0,zero,0,2019,0,0
1586434839547300370,first,1,2023,0,0,second,2,2020,0,0,zero,0,2022,0,0
1586434839611265737,first,1,2023,0,0,second,2,2022,0,0,zero,0,2023,0,0
1586434839739385303,first,1,2023,0,0,second,2,2025,0,0,zero,0,2026,0,0
1586434839803189394,first,1,2023,0,0,second,2,2026,0,0,zero,0,2027,0,0
1586434839931360413,first,1,2023,0,0,second,2,2030,0,0,zero,0,2030,0,0
1586434839995343378,first,1,2023,0,0,second,2,2031,0,0,zero,0,2031,0,0
1586434840123398737,first,1,2023,0,0,second,2,2034,0,0,zero,0,2034,0,0
1586434840251480220,first,1,2023,0,0,second,2,2037,0,0,zero,0,2036,0,0
1586434840315308603,first,1,2023,0,0,second,2,2038,0,0,zero,0,2037,0,0
1586434840443429333,first,1,2023,0,0,second,2,2042,0,0,zero,0,2039,0,0
1586434840507532751,first,1,2023,0,0,second,2,2043,0,0,zero,0,2040,0,0
1586434840635334190,first,1,2023,0,0,second,2,2046,0,0,zero,0,2043,0,0
1586434840699391641,first,1,2023,0,0,second,2,2047,0,0,zero,0,2044,0,0
1586434840827359002,first,1,2023,0,0,second,2,2050,0,0,zero,0,2046,0,0
1586434840955214124,first,1,2023,0,0,second,2,2053,0,0,zero,0,2049,0,0
1586434841019248575,first,1,2023,0,0,second,2,2055,0,0,zero,0,2050,0,0
1586434841147294094,first,1,2023,0,0,second,2,2058,0,0,zero,0,2053,0,0
1586434841211203165,first,1,2023,0,0,second,2,2059,0,0,zero,0,2054,0,0
1586434841339668718,first,1,2024,0,0,second,2,2062,0,0,zero,0,2057,0,0
1586434841403271535,first,1,2023,0,0,second,2,2064,0,0,zero,0,2058,0,0
1586434841531414768,first,1,2023,0,0,second,2,2067,0,0,zero,0,2061,0,0
1586434841595468107,first,1,2023,0,0,second,2,2068,0,0,zero,0,2062,0,0
1586434841723289789,first,1,2023,0,0,second,2,2071,0,0,zero,0,2065,0,0
1586434841851423873,first,1,2023,0,0,second,2,2074,0,0,zero,0,2067,0,0
1586434841915438996,first,1,2023,0,0,second,2,2076,0,0,zero,0,2069,0,0
1586434842043285922,first,1,2023,0,0,second,2,2076,0,0,zero,0,2071,0,0
1586434842107304580,first,1,2023,0,0,second,2,2076,0,0,zero,0,2072,0,0
1586434842235503277,first,1,2023,0,0,second,2,2076,0,0,zero,0,2074,0,0
1586434842298939638,first,1,2023,0,0,second,2,2076,0,0,zero,0,2076,0,0
1586434842427236652,first,1,2023,0,0,second,2,2076,0,0,zero,0,2076,0,0
1586434842555385253,first,1,2023,0,0,second,2,2076,0,0,zero,0,2077,0,0
1586434842619291443,first,1,2023,0,0,second,2,2076,0,0,zero,0,2077,0,0
1586434842747380124,first,1,2023,0,0,second,2,2076,0,0,zero,0,2076,0,0
1586434842811244111,first,1,2024,0,0,second,2,2076,0,0,zero,0,2076,0,0
1586434842939282433,first,1,2023,0,0,second,2,2076,0,0,zero,0,2076,0,0
1586434843003280240,first,1,2023,0,0,second,2,2077,0,0,zero,0,2077,0,0
1586434843131301332,first,1,2023,0,0,second,2,2076,0,0,zero,0,2076,0,0
1586434843195496113,first,1,2023,0,0,second,2,2077,0,0,zero,0,2077,0,0
1586434843323504748,first,1,2023,0,0,second,2,2076,0,0,zero,0,2076,0,0
1586434843451354034,first,1,2023,0,0,second,2,2076,0,0,zero,0,2077,0,0
1586434843515253030,first,1,2023,0,0,second,2,2076,0,0,zero,0,2076,0,0
1586434843643563592,first,1,2023,0,0,second,2,2076,0,0,zero,0,2076,0,0
1586434843707307946,first,1,2023,0,0,second,2,2076,0,0,zero,0,2076,0,0
1586434843835785542,first,1,2023,0,0,second,2,2076,0,0,zero,0,2076,0,0
1586434843899640237,first,1,2023,0,0,second,2,2076,0,0,zero,0,2076,0,0
1586434844027434722,first,1,2023,0,0,second,2,2076,0,0,zero,0,2077,0,0
