1587087402460260028,first,1,2061,0,0,second,2,2072,0,-1,zero,0,2049,0,0
1587087402587924809,first,1,2060,0,0,second,2,2072,0,0,zero,0,2048,0,0
1587087402715589955,first,1,2060,0,0,second,2,2071,0,1,zero,0,2048,0,0
1587087402779579147,first,1,2060,0,0,second,2,2071,0,1,zero,0,2048,0,0
1587087402907454259,first,1,2060,0,0,second,2,2072,0,0,zero,0,2048,0,0
1587087402972073034,first,1,2060,0,0,second,2,2071,0,-1,zero,0,2048,0,0
1587087403099224090,first,1,2060,0,0,second,2,2072,0,0,zero,0,2049,0,0
1587087403163396251,first,1,2060,0,0,second,2,2072,0,1,zero,0,2048,0,0
1587087403291352409,first,1,2061,0,0,second,2,2071,0,-1,zero,0,2048,0,0
1587087403355368142,first,1,2060,0,0,second,2,2072,0,-1,zero,0,2048,0,0
1587087403483350918,first,1,2060,0,0,second,2,2071,0,0,zero,0,2048,0,0
1587087403611665331,first,1,2060,0,0,second,2,2071,0,0,zero,0,2049,0,0
1587087403675595896,first,1,2061,0,0,second,2,2072,0,-1,zero,0,2048,0,0
1587087403803504208,first,1,2060,0,0,second,2,2072,0,-1,zero,0,2049,0,0
1587087403867508258,first,1,2060,0,0,second,2,2071,0,-1,zero,0,2049,0,0
1587087403995648488,first,1,2060,0,0,second,2,2071,0,0,zero,0,2048,0,0
1587087404059455687,first,1,2060,0,0,second,2,2071,0,0,zero,0,2048,0,0
1587087404187361962,first,1,2061,0,0,second,2,2071,0,-1,zero,0,2048,0,0
1587087404315439412,first,1,2060,0,0,second,2,2072,0,1,zero,0,2049,0,0
1587087404379311060,first,1,2060,0,0,second,2,2071,0,1,zero,0,2049,0,0
1587087404507344180,first,1,2060,0,0,second,2,2072,0,0,zero,0,2049,0,0
1587087404571430633,first,1,2060,0,0,second,2,2072,0,0,zero,0,2049,0,0
1587087404699391280,first,1,2060,0,0,second,2,2071,0,-1,zero,0,2048,0,0
1587087404763400136,first,1,2060,0,0,second,2,2071,0,-1,zero,0,2048,0,0
1587087404891281227,first,1,2061,0,0,second,2,2072,0,1,zero,0,2049,0,0
1587087404955274428,first,1,2060,0,0,second,2,2071,0,0,zero,0,2049,0,0
1587087405098798824,first,1,2060,0,0,second,2,2072,0,1,zero,0,2048,0,0
1587087405162878737,first,1,2060,0,0,second,2,2071,0,1,zero,0,2048,0,0
1587087405290753647,first,1,2060,0,0,second,2,2071,0,-1,zero,0,2048,0,0
1587087405354717550,first,1,2060,0,0,second,2,2071,0,0,zero,0,2048,0,0
1587087405482796113,first,1,2060,0,0,second,2,2071,0,-1,zero,0,2048,0,0
1587087405610715147,first,1,2061,0,0,second,2,2071,0,0,zero,0,2048,0,0
1587087405674851681,first,1,2060,0,0,second,2,2072,0,0,zero,0,2048,0,0
1587087405802701331,first,1,2060,0,0,second,2,2071,0,0,zero,0,2049,0,0
1587087405866775793,first,1,2060,0,0,second,2,2072,0,0,zero,0,2048,0,0
1587087405994708325,first,1,2061,0,0,second,2,2072,0,-1,zero,0,2048,0,0
1587087406058706511,first,1,2060,0,0,second,2,2071,0,-1,zero,0,2048,0,0
1587087406186887224,first,1,2060,0,0,second,2,2071,0,-1,zero,0,2048,0,0
1587087406315476979,first,1,2060,0,0,second,2,2071,0,0,zero,0,2049,0,0
1587087406379411900,first,1,2060,0,0,second,2,2071,0,0,zero,0,2048,0,0
1587087406507233632,first,1,2060,0,0,second,2,2072,0,-1,zero,0,2049,0,0
1587087406571309022,first,1,2060,0,0,second,2,2072,0,-1,zero,0,2048,0,0
1587087406699490148,first,1,2061,0,0,second,2,2072,0,0,zero,0,2049,0,0
1587087406763220806,first,1,2060,0,0,second,2,2071,0,0,zero,0,2048,0,0
1587087406891321824,first,1,2060,0,0,second,2,2071,0,0,zero,0,2048,0,0
1587087406955309614,first,1,2061,0,0,second,2,2071,0,0,zero,0,2048,0,0
1587087407083556852,first,1,2061,0,0,second,2,2072,0,-1,zero,0,2049,0,0
1587087407274773116,first,1,2060,0,0,second,2,2072,0,0,zero,0,2048,0,0
1587087407339594644,first,1,2060,0,0,second,2,2071,0,0,zero,0,2049,0,0
1587087407403667902,first,1,2060,0,0,second,2,2071,0,0,zero,0,2049,0,0
1587087407467581746,first,1,2060,0,0,second,2,2071,0,0,zero,0,2049,0,0
1587087407595676872,first,1,2060,0,0,second,2,2071,0,0,zero,0,2049,0,0
1587087407659586168,first,1,2061,0,0,second,2,2072,0,0,zero,0,2048,0,0
1587087407787580759,first,1,2061,0,0,second,2,2072,0,0,zero,0,2048,0,0
1587087407915579878,first,1,2060,0,0,second,2,2071,0,0,zero,0,2048,0,0
1587087407979562551,first,1,2060,0,0,second,2,2072,0,0,zero,0,2048,0,0
1587087408107611947,first,1,2061,0,0,second,2,2071,0,0,zero,0,2048,0,0
1587087408171542729,first,1,2060,0,0,second,2,2072,0,0,zero,0,2048,0,0
1587087408299713746,first,1,2060,0,0,second,2,2072,0,0,zero,0,2048,0,0
1587087408363634939,first,1,2060,0,0,second,2,2072,0,0,zero,0,2049,0,0
1587087408491587242,first,1,2060,0,0,second,2,2072,0,0,zero,0,2048,0,0
1587087408555592377,first,1,2060,0,0,second,2,2071,0,0,zero,0,2049,0,0
1587087408683538364,first,1,2060,0,0,second,2,2072,0,0,zero,0,2048,0,0
1587087408811503210,first,1,2061,0,0,second,2,2071,0,0,zero,0,2048,0,0
1587087408875572527,first,1,2061,0,0,second,2,2071,0,0,zero,0,2048,0,0
1587087409003493729,first,1,2061,0,0,second,2,2072,0,0,zero,0,2048,0,0
1587087409067505348,first,1,2060,0,0,second,2,2071,0,0,zero,0,2048,0,0
1587087409195541612,first,1,2061,0,0,second,2,2071,0,0,zero,0,2048,0,0
1587087409259429364,first,1,2060,0,0,second,2,2072,0,0,zero,0,2048,0,0
1587087409387403839,first,1,2060,0,0,second,2,2071,0,0,zero,0,2049,0,0
1587087409515495762,first,1,2060,0,0,second,2,2072,0,0,zero,0,2048,0,0
1587087409580010859,first,1,2061,0,0,second,2,2071,0,0,zero,0,2048,0,0
1587087409707462778,first,1,2061,0,0,second,2,2071,0,0,zero,0,2048,0,0
1587087409771659434,first,1,2060,0,0,second,2,2071,0,0,zero,0,2048,0,0
1587087409899634875,first,1,2060,0,0,second,2,2072,0,1,zero,0,2049,0,0
1587087409962579744,first,1,2060,0,0,second,2,2071,0,-1,zero,0,2048,0,0
1587087410090825818,first,1,2060,0,0,second,2,2071,0,-1,zero,0,2049,0,0
1587087410155269759,first,1,2060,0,0,second,2,2071,0,-1,zero,0,2048,0,0
1587087410283122994,first,1,2060,0,0,second,2,2071,0,1,zero,0,2049,0,0
1587087410410746412,first,1,2060,0,0,second,2,2072,0,-1,zero,0,2048,0,0
1587087410474825737,first,1,2061,0,0,second,2,2071,0,0,zero,0,2048,0,0
1587087410603462732,first,1,2061,0,0,second,2,2072,0,0,zero,0,2048,0,0
1587087410667381755,first,1,2060,0,0,second,2,2071,0,0,zero,0,2048,0,0
1587087410795298355,first,1,2060,0,0,second,2,2072,0,-1,zero,0,2049,0,0
1587087410858889018,first,1,2060,0,0,second,2,2071,0,0,zero,0,2048,0,0
1587087410987205319,first,1,2060,0,0,second,2,2071,0,0,zero,0,2049,0,0
1587087411115506213,first,1,2060,0,0,second,2,2071,0,-1,zero,0,2049,0,0
1587087411179452584,first,1,2061,0,0,second,2,2071,0,0,zero,0,2048,0,0
1587087411307148660,first,1,2060,0,0,second,2,2072,0,0,zero,0,2048,0,0
1587087411371185656,first,1,2060,0,0,second,2,2072,0,0,zero,0,2048,0,0
1587087411499145828,first,1,2061,0,0,second,2,2071,0,1,zero,0,2049,0,0
1587087411563174620,first,1,2061,0,0,second,2,2071,0,-1,zero,0,2053,1,2
1587087411691231013,first,1,2060,0,0,second,2,2072,0,0,zero,0,2080,13,1
1587087411754578161,first,1,2061,0,0,second,2,2072,0,0,zero,0,2088,9,0
1587087411882426943,first,1,2064,0,0,second,2,2072,0,0,zero,0,2106,12,7
1587087412010460125,first,1,2082,9,3,second,2,2077,2,1,zero,0,2181,41,3
1587087412074847045,first,1,2105,19,3,second,2,2095,15,2,zero,0,2212,32,3
1587087412202593067,first,1,2178,37,1,second,2,2177,44,3,zero,0,2235,13,14
1587087412266625163,first,1,2224,43,2,second,2,2232,52,2,zero,0,2281,42,17
1587087412394611593,first,1,2329,51,3,second,2,2349,55,1,zero,0,2411,61,4
1587087412458891245,first,1,2389,56,2,second,2,2407,55,1,zero,0,2425,14,0
1587087412586718961,first,1,2506,58,8,second,2,2467,14,6,zero,0,2490,50,28
1587087412714561905,first,1,2524,4,0,second,2,2490,15,6,zero,0,2682,95,7
1587087412778553869,first,1,2529,1,4,second,2,2529,36,8,zero,0,2715,33,-7
1587087412906593080,first,1,2594,34,8,second,2,2662,70,3,zero,0,2779,48,29
1587087412971110797,first,1,2655,54,9,second,2,2739,74,1,zero,0,2881,100,23
1587087413099371860,first,1,2838,94,12,second,2,2897,77,2,zero,0,3097,94,3
1587087413163435947,first,1,2958,114,10,second,2,2982,83,5,zero,0,3122,26,-4
1587087413290741813,first,1,3204,125,7,second,2,3169,92,3,zero,0,3163,35,30
1587087413354761037,first,1,3259,71,0,second,2,3258,90,1,zero,0,3254,89,23
1587087413482585251,first,1,3284,7,4,second,2,3356,25,2,zero,0,3474,97,5
1587087413611494159,first,1,3365,45,8,second,2,3375,8,3,zero,0,3500,0,6
1587087413675440233,first,1,3437,65,5,second,2,3399,21,2,zero,0,3530,26,25
1587087413803321372,first,1,3577,71,9,second,2,3496,54,10,zero,0,3711,101,6
1587087413867293232,first,1,3598,30,2,second,2,3573,74,8,zero,0,3796,84,5
1587087413994662137,first,1,3658,32,9,second,2,3773,103,3,zero,0,3808,-4,1
1587087414058562347,first,1,3719,53,8,second,2,3862,91,-33,zero,0,3824,13,17
1587087414186531053,first,1,3893,88,5,second,2,3909,9,-4,zero,0,3954,73,1
1587087414314557557,first,1,4078,91,17,second,2,3917,5,8,zero,0,4015,6,-12
1587087414378824263,first,1,4111,45,-1,second,2,3948,28,9,zero,0,4003,-11,0
1587087414506522406,first,1,4094,-11,-6,second,2,4073,68,4,zero,0,4045,31,6
1587087414571157461,first,1,4070,-22,-3,second,2,4136,63,9,zero,0,4077,30,6
1587087414698497287,first,1,4065,2,5,second,2,4158,1,-6,zero,0,4075,-4,0
1587087414762685082,first,1,4090,19,4,second,2,4145,-10,-6,zero,0,4079,1,4
1587087414890790080,first,1,4150,29,4,second,2,4109,-16,-1,zero,0,4110,14,3
1587087414955188442,first,1,4155,9,-2,second,2,4104,-4,0,zero,0,4105,-2,-5
1587087415083095204,first,1,4136,-10,-2,second,2,4122,11,1,zero,0,4098,0,0
1587087415211083204,first,1,4114,-10,0,second,2,4131,0,0,zero,0,4098,0,0
1587087415275058978,first,1,4114,0,0,second,2,4130,0,-2,zero,0,4098,0,0
1587087415403064456,first,1,4114,0,0,second,2,4130,0,0,zero,0,4097,0,0
1587087415467293421,first,1,4114,0,0,second,2,4130,0,0,zero,0,4094,0,-2
1587087415594438596,first,1,4114,0,0,second,2,4130,0,-2,zero,0,4083,-3,-1
1587087415658901078,first,1,4114,0,0,second,2,4130,0,-2,zero,0,4077,-4,-2
1587087415786881020,first,1,4114,0,0,second,2,4130,0,-3,zero,0,4051,-11,-2
1587087415915284185,first,1,4114,0,-1,second,2,4129,0,-2,zero,0,4024,-12,-5
1587087415978291023,first,1,4113,0,-2,second,2,4123,-4,-3,zero,0,4010,-12,-3
1587087416106943220,first,1,4092,-10,-3,second,2,4096,-12,-5,zero,0,3964,-23,-7
1587087416171091588,first,1,4076,-14,-4,second,2,4078,-15,-4,zero,0,3935,-27,-3
1587087416299118592,first,1,4033,-19,-4,second,2,4037,-20,-5,zero,0,3874,-29,-3
1587087416363036837,first,1,4009,-22,-5,second,2,4010,-24,-5,zero,0,3844,-28,-5
1587087416491136054,first,1,3949,-29,-7,second,2,3949,-30,-4,zero,0,3777,-33,-4
1587087416555109129,first,1,3915,-32,-6,second,2,3916,-30,-4,zero,0,3737,-36,-8
1587087416682925214,first,1,3837,-37,-7,second,2,3845,-34,-7,zero,0,3656,-39,-5
1587087416810978901,first,1,3757,-38,-5,second,2,3767,-38,-8,zero,0,3570,-41,-4
1587087416875459203,first,1,3718,-38,-6,second,2,3723,-42,-6,zero,0,3526,-41,-8
1587087417003501263,first,1,3634,-40,-7,second,2,3626,-48,-8,zero,0,3423,-49,-4
1587087417067126363,first,1,3591,-41,-9,second,2,3575,-49,-7,zero,0,3372,-49,-3
1587087417195118279,first,1,3500,-45,-9,second,2,3473,-50,-6,zero,0,3280,-44,-7
1587087417259449847,first,1,3452,-46,-7,second,2,3423,-49,-4,zero,0,3230,-47,-7
1587087417387000132,first,1,3350,-49,-10,second,2,3330,-46,-7,zero,0,3119,-55,-6
1587087417515061097,first,1,3243,-52,-8,second,2,3233,-46,-6,zero,0,3016,-50,-5
1587087417579000376,first,1,3189,-52,-9,second,2,3181,-49,-8,zero,0,2969,-47,-8
1587087417707071359,first,1,3084,-52,-8,second,2,3074,-53,-8,zero,0,2862,-53,-5
1587087417770929652,first,1,3033,-51,-8,second,2,3016,-54,-7,zero,0,2810,-52,-1
1587087417899023158,first,1,2931,-50,-9,second,2,2901,-56,-6,zero,0,2721,-43,-4
1587087417963030456,first,1,2878,-50,-9,second,2,2848,-53,-5,zero,0,2675,-43,-6
1587087418090970964,first,1,2775,-50,-8,second,2,2750,-46,-5,zero,0,2574,-49,-4
1587087418154880389,first,1,2723,-50,-7,second,2,2705,-43,-4,zero,0,2527,-47,-1
1587087418283018241,first,1,2623,-49,-7,second,2,2622,-41,-6,zero,0,2445,-38,-5
1587087418411040425,first,1,2534,-43,-6,second,2,2537,-40,-5,zero,0,2366,-38,-6
1587087418474911986,first,1,2492,-40,-5,second,2,2494,-40,-5,zero,0,2325,-39,-4
1587087418603037567,first,1,2413,-39,-5,second,2,2413,-40,-5,zero,0,2246,-37,-2
1587087418667120775,first,1,2374,-38,-6,second,2,2372,-39,-5,zero,0,2211,-34,-4
1587087418794931038,first,1,2295,-38,-4,second,2,2291,-39,-6,zero,0,2144,-33,-3
1587087418858908510,first,1,2256,-38,-5,second,2,2251,-39,-5,zero,0,2108,-34,-3
1587087418986903004,first,1,2178,-38,-5,second,2,2177,-35,-3,zero,0,2037,-34,-3
1587087419115007007,first,1,2105,-35,-3,second,2,2110,-32,-6,zero,0,2017,0,-3
1587087419178967313,first,1,2071,-34,-2,second,2,2078,-30,-4,zero,0,2003,-12,-14
1587087419307024716,first,1,2017,-25,-2,second,2,2025,-25,-4,zero,0,1901,-57,-8
1587087419370960043,first,1,1997,-19,-3,second,2,1998,-25,-5,zero,0,1857,-45,-1
1587087419498907621,first,1,1957,-18,-4,second,2,1940,-27,-3,zero,0,1836,-12,-16
1587087419563025420,first,1,1935,-20,-2,second,2,1912,-27,-2,zero,0,1790,-44,-21
1587087419690994550,first,1,1883,-24,-6,second,2,1861,-25,-5,zero,0,1656,-60,-2
1587087419754990513,first,1,1849,-31,-8,second,2,1831,-27,-8,zero,0,1648,-7,0
1587087419882869916,first,1,1765,-40,-6,second,2,1765,-32,-7,zero,0,1590,-46,-25
1587087420010952852,first,1,1680,-41,-6,second,2,1691,-36,-9,zero,0,1427,-77,8
1587087420074824313,first,1,1636,-41,-7,second,2,1645,-43,-11,zero,0,1412,-15,4
1587087420202828347,first,1,1545,-43,-7,second,2,1537,-54,-8,zero,0,1362,-42,-28
1587087420266925476,first,1,1502,-43,-7,second,2,1482,-54,-6,zero,0,1274,-85,-20
1587087420394939088,first,1,1411,-44,-11,second,2,1375,-52,-7,zero,0,1106,-68,27
1587087420458895900,first,1,1356,-51,-13,second,2,1318,-56,-10,zero,0,1096,-9,5
1587087420586941358,first,1,1234,-60,-7,second,2,1200,-58,-3,zero,0,1054,-38,-27
1587087420715001630,first,1,1120,-55,-10,second,2,1101,-47,-4,zero,0,864,-103,-3
1587087420778846675,first,1,1065,-54,-10,second,2,1055,-45,-7,zero,0,791,-74,23
1587087420906907908,first,1,948,-58,-10,second,2,948,-53,-6,zero,0,780,1,-15
1587087420970783024,first,1,892,-56,-6,second,2,891,-55,-6,zero,0,747,-30,-25
1587087421099030051,first,1,800,-43,-6,second,2,787,-49,-6,zero,0,575,-93,-5
1587087421162844853,first,1,757,-42,-9,second,2,738,-48,-7,zero,0,507,-68,-3
1587087421290787871,first,1,660,-48,-9,second,2,638,-49,-4,zero,0,500,3,-10
1587087421354729178,first,1,611,-48,-6,second,2,589,-47,-4,zero,0,470,-26,-26
1587087421482788146,first,1,523,-42,-7,second,2,512,-35,-4,zero,0,318,-81,-1
1587087421610786991,first,1,436,-42,-7,second,2,439,-35,-8,zero,0,258,-4,8
1587087421674742274,first,1,391,-42,-6,second,2,397,-39,-5,zero,0,266,8,-8
1587087421802668147,first,1,313,-37,-3,second,2,316,-39,-3,zero,0,193,-50,-14
1587087421866725263,first,1,279,-33,-3,second,2,280,-35,-3,zero,0,145,-48,-3
1587087421994741949,first,1,213,-32,-3,second,2,212,-32,-4,zero,0,143,1,-5
1587087422058975049,first,1,182,-31,-1,second,2,183,-28,-1,zero,0,121,-19,-13
1587087422186699314,first,1,136,-21,-1,second,2,137,-21,-3,zero,0,47,-32,0
1587087422314731524,first,1,102,-16,-2,second,2,98,-18,-2,zero,0,53,5,-5
1587087422378740358,first,1,88,-13,-2,second,2,84,-12,-1,zero,0,40,-10,-9
1587087422506641265,first,1,64,-11,-1,second,2,68,-7,-1,zero,0,1,-15,1
1587087422570896129,first,1,52,-11,-1,second,2,59,-7,-1,zero,0,7,3,2
1587087422698758795,first,1,36,-6,0,second,2,41,-8,-1,zero,0,11,-3,-6
1587087422762718773,first,1,36,0,0,second,2,34,-7,-1,zero,0,3,-8,0
1587087422890736695,first,1,36,0,0,second,2,23,-3,0,zero,0,5,0,0
1587087422954670137,first,1,36,0,-1,second,2,23,0,0,zero,0,6,0,-1
1587087423082750698,first,1,36,0,0,second,2,24,0,0,zero,0,6,0,-1
1587087423210724351,first,1,36,0,0,second,2,23,0,0,zero,0,6,0,0
1587087423274762668,first,1,36,0,0,second,2,23,0,0,zero,0,6,0,0
1587087423402493769,first,1,36,0,0,second,2,23,0,0,zero,0,19,9,2
1587087423466731009,first,1,36,0,0,second,2,24,0,0,zero,0,30,11,0
1587087423594699268,first,1,36,0,0,second,2,23,0,0,zero,0,35,2,5
1587087423658690835,first,1,36,0,0,second,2,25,0,0,zero,0,54,16,6
1587087423786660785,first,1,37,0,0,second,2,31,2,2,zero,0,108,24,-5
1587087423914206879,first,1,58,11,2,second,2,79,28,1,zero,0,116,2,9
1587087423978551204,first,1,86,23,4,second,2,109,29,5,zero,0,144,25,11
1587087424106640564,first,1,166,40,1,second,2,120,1,3,zero,0,241,46,11
1587087424170664034,first,1,211,43,1,second,2,141,17,6,zero,0,251,10,-2
1587087424298613721,first,1,256,15,-1,second,2,237,53,5,zero,0,292,31,18
1587087424362568308,first,1,257,1,0,second,2,304,63,1,zero,0,357,62,11
1587087424490537810,first,1,286,17,10,second,2,380,19,-9,zero,0,437,16,-2
1587087424554718384,first,1,336,40,10,second,2,384,3,-1,zero,0,443,3,11
1587087424682513727,first,1,472,69,2,second,2,388,2,4,zero,0,564,78,18
1587087424810597910,first,1,552,28,2,second,2,466,49,12,zero,0,674,27,-2
1587087424874613438,first,1,555,5,0,second,2,545,77,8,zero,0,682,7,11
1587087425002636890,first,1,585,17,8,second,2,731,88,7,zero,0,798,77,20
1587087425066619426,first,1,634,39,14,second,2,766,36,-18,zero,0,900,100,4
1587087425194586467,first,1,813,93,11,second,2,784,3,5,zero,0,999,20,-9
1587087425258497933,first,1,930,111,4,second,2,809,23,8,zero,0,999,0,9
1587087425386519804,first,1,1073,58,3,second,2,940,75,13,zero,0,1109,75,22
1587087425514494569,first,1,1090,3,2,second,2,1164,118,6,zero,0,1293,82,6
1587087425578543358,first,1,1113,14,10,second,2,1288,125,2,zero,0,1315,21,-12
1587087425706633918,first,1,1246,72,13,second,2,1441,48,-2,zero,0,1337,21,21
1587087425770493870,first,1,1351,98,9,second,2,1446,6,-10,zero,0,1405,65,20
1587087425898547555,first,1,1569,109,11,second,2,1425,-9,3,zero,0,1576,76,5
1587087425961666599,first,1,1612,57,-23,second,2,1440,13,10,zero,0,1595,19,-10
1587087426090234023,first,1,1613,-3,-5,second,2,1554,69,7,zero,0,1614,19,18
1587087426154257716,first,1,1597,-13,-2,second,2,1638,83,2,zero,0,1676,58,18
1587087426282450403,first,1,1606,8,9,second,2,1740,27,-12,zero,0,1826,66,1
1587087426410377795,first,1,1728,66,10,second,2,1745,0,0,zero,0,1833,-4,5
1587087426474387210,first,1,1818,86,4,second,2,1748,1,2,zero,0,1852,16,16
1587087426602438025,first,1,1929,42,0,second,2,1802,34,11,zero,0,1976,69,2
1587087426666347883,first,1,1934,11,-2,second,2,1863,59,11,zero,0,2030,55,-28
1587087426794501144,first,1,1941,2,3,second,2,2039,92,2,zero,0,2036,-3,8
1587087426858380927,first,1,1964,16,7,second,2,2121,80,8,zero,0,2051,14,3
1587087426986869342,first,1,2071,56,6,second,2,2152,1,-7,zero,0,2124,43,9
1587087427114482196,first,1,2217,74,-32,second,2,2132,-7,1,zero,0,2221,42,-22
1587087427178354648,first,1,2241,34,2,second,2,2145,11,5,zero,0,2229,9,0
1587087427306610520,first,1,2240,-2,-2,second,2,2232,48,4,zero,0,2275,34,17
1587087427370365931,first,1,2234,-6,0,second,2,2292,57,2,zero,0,2344,65,11
1587087427498450647,first,1,2270,20,8,second,2,2361,17,-10,zero,0,2425,18,1
1587087427562554397,first,1,2324,44,7,second,2,2363,2,1,zero,0,2431,3,12
1587087427690451848,first,1,2468,72,1,second,2,2370,3,4,zero,0,2548,75,16
1587087427754458326,first,1,2529,66,-1,second,2,2398,25,9,zero,0,2627,79,18
1587087427882392883,first,1,2553,7,0,second,2,2540,81,10,zero,0,2659,6,12
1587087428010381801,first,1,2577,13,8,second,2,2732,90,9,zero,0,2784,81,18
1587087428074315267,first,1,2624,37,14,second,2,2770,38,3,zero,0,2872,89,8
1587087428202390568,first,1,2804,94,11,second,2,2784,1,0,zero,0,2910,7,13
1587087428266330186,first,1,2918,110,2,second,2,2790,4,5,zero,0,2948,35,23
1587087428394496173,first,1,3053,54,-16,second,2,2877,56,15,zero,0,3130,101,4
1587087428458334813,first,1,3063,16,-2,second,2,2970,89,17,zero,0,3209,80,-39
1587087428586310509,first,1,3084,11,7,second,2,3226,133,4,zero,0,3229,0,10
1587087428714344722,first,1,3186,55,13,second,2,3397,55,-5,zero,0,3332,71,20
1587087428778231500,first,1,3276,80,14,second,2,3407,10,-11,zero,0,3431,96,5
1587087428906357800,first,1,3505,117,3,second,2,3391,-6,2,zero,0,3530,19,-12
1587087428970355106,first,1,3608,111,11,second,2,3410,16,8,zero,0,3527,-1,6
1587087429098317288,first,1,3657,14,-10,second,2,3530,71,11,zero,0,3612,60,18
1587087429162307626,first,1,3641,-10,-5,second,2,3621,90,7,zero,0,3700,84,4
1587087429290374054,first,1,3635,1,6,second,2,3810,88,16,zero,0,3784,14,-9
1587087429354297017,first,1,3668,24,11,second,2,3847,37,1,zero,0,3779,-4,4
1587087429482240108,first,1,3806,72,5,second,2,3840,-10,-6,zero,0,3849,49,12
1587087429610268616,first,1,3967,80,12,second,2,3820,-3,6,zero,0,3915,10,-4
1587087429674261799,first,1,3993,37,1,second,2,3843,19,9,zero,0,3915,0,9
1587087429802267337,first,1,3973,-12,-6,second,2,3954,61,5,zero,0,3986,46,9
1587087429866279975,first,1,3960,-16,0,second,2,4028,73,1,zero,0,4029,44,3
1587087429994315710,first,1,3987,15,8,second,2,4113,22,-12,zero,0,4031,-4,2
1587087430058178402,first,1,4027,33,5,second,2,4111,0,-6,zero,0,4042,8,9
1587087430186261986,first,1,4129,51,-7,second,2,4080,-15,-1,zero,0,4090,22,0
1587087430314375453,first,1,4142,2,-2,second,2,4089,9,3,zero,0,4083,-5,0
1587087430378220006,first,1,4131,-7,-5,second,2,4111,20,1,zero,0,4087,1,3
1587087430506483515,first,1,4108,-10,0,second,2,4130,1,-1,zero,0,4091,0,0
1587087430570341450,first,1,4108,0,0,second,2,4130,0,-1,zero,0,4091,0,0
1587087430698145528,first,1,4108,0,0,second,2,4131,0,-1,zero,0,4091,0,0
1587087430762301634,first,1,4108,0,0,second,2,4130,0,-1,zero,0,4091,0,0
1587087430890180229,first,1,4108,0,0,second,2,4131,0,-1,zero,0,4092,0,0
1587087430954236022,first,1,4108,0,0,second,2,4130,0,-1,zero,0,4091,0,0
1587087431082099279,first,1,4108,0,0,second,2,4130,0,-1,zero,0,4091,0,0
1587087431210250891,first,1,4108,0,0,second,2,4130,0,-1,zero,0,4082,-5,-2
1587087431274104399,first,1,4108,0,0,second,2,4130,0,-1,zero,0,4069,-10,-2
1587087431402249519,first,1,4108,0,0,second,2,4130,0,-3,zero,0,4060,0,-3
1587087431466114328,first,1,4108,0,-1,second,2,4130,0,-3,zero,0,4046,-11,-5
1587087431594112312,first,1,4108,0,-2,second,2,4122,-4,-5,zero,0,4003,-21,-2
1587087431658188649,first,1,4107,0,-3,second,2,4108,-12,-4,zero,0,3981,-21,-2
1587087431786180143,first,1,4082,-12,-6,second,2,4072,-17,-4,zero,0,3937,-21,-5
1587087431914144582,first,1,4035,-22,-6,second,2,4033,-19,-5,zero,0,3876,-31,-3
1587087431978380062,first,1,4006,-26,-5,second,2,4009,-22,-5,zero,0,3843,-31,-3
1587087432106143543,first,1,3936,-34,-6,second,2,3949,-29,-7,zero,0,3776,-32,-7
1587087432170078322,first,1,3898,-35,-6,second,2,3912,-34,-6,zero,0,3736,-36,-8
1587087432298076472,first,1,3823,-36,-4,second,2,3836,-37,-7,zero,0,3655,-39,-5
1587087432362301231,first,1,3785,-36,-6,second,2,3794,-40,-6,zero,0,3613,-39,-8
1587087432490061767,first,1,3708,-37,-5,second,2,3710,-41,-7,zero,0,3525,-43,-5
1587087432554052843,first,1,3667,-38,-6,second,2,3665,-43,-7,zero,0,3473,-48,-7
1587087432682004319,first,1,3584,-40,-7,second,2,3573,-45,-5,zero,0,3371,-48,-4
1587087432810085806,first,1,3496,-43,-8,second,2,3476,-46,-6,zero,0,3282,-43,-9
1587087432874127937,first,1,3448,-45,-10,second,2,3427,-47,-6,zero,0,3232,-47,-8
1587087433002105042,first,1,3348,-48,-10,second,2,3332,-47,-6,zero,0,3118,-56,-6
1587087433066077900,first,1,3298,-49,-9,second,2,3283,-47,-6,zero,0,3064,-54,-2
1587087433194049355,first,1,3197,-49,-9,second,2,3182,-49,-8,zero,0,2968,-47,-7
1587087433258052225,first,1,3146,-49,-8,second,2,3130,-51,-7,zero,0,2916,-49,-8
1587087433386006555,first,1,3043,-49,-8,second,2,3026,-51,-7,zero,0,2808,-53,-5
1587087433513905403,first,1,2938,-52,-11,second,2,2915,-53,-7,zero,0,2717,-43,-3
1587087433578080745,first,1,2882,-53,-8,second,2,2859,-53,-7,zero,0,2673,-42,-8
1587087433705981978,first,1,2774,-53,-9,second,2,2753,-51,-7,zero,0,2574,-49,-7
1587087433770051639,first,1,2722,-52,-7,second,2,2702,-49,-5,zero,0,2526,-47,-4
1587087433897936096,first,1,2622,-49,-8,second,2,2607,-46,-6,zero,0,2442,-39,-4
1587087433962167005,first,1,2574,-47,-4,second,2,2562,-44,-6,zero,0,2403,-38,-4
1587087434090037679,first,1,2484,-43,-6,second,2,2476,-40,-6,zero,0,2324,-39,-4
1587087434153958955,first,1,2442,-42,-5,second,2,2438,-38,-6,zero,0,2283,-39,-5
1587087434281900558,first,1,2360,-39,-6,second,2,2363,-36,-4,zero,0,2208,-35,-3
1587087434409957627,first,1,2283,-38,-6,second,2,2286,-36,-5,zero,0,2143,-31,-5
1587087434474026886,first,1,2245,-37,-5,second,2,2248,-36,-6,zero,0,2106,-35,-6
1587087434602029019,first,1,2171,-36,-4,second,2,2177,-34,-4,zero,0,2033,-35,-2
1587087434666069889,first,1,2135,-36,-3,second,2,2143,-33,-6,zero,0,2013,-20,10
1587087434793972260,first,1,2066,-34,-1,second,2,2074,-32,-4,zero,0,2003,-11,-14
1587087434858001876,first,1,2037,-29,-2,second,2,2045,-29,-3,zero,0,1961,-39,-15
1587087434986320966,first,1,1995,-19,-4,second,2,1992,-26,-3,zero,0,1854,-46,6
1587087435113930531,first,1,1955,-18,-3,second,2,1936,-26,-3,zero,0,1836,-9,-17
1587087435177924036,first,1,1933,-20,-5,second,2,1908,-26,-2,zero,0,1790,-43,-22
1587087435306002560,first,1,1881,-24,-7,second,2,1856,-25,-5,zero,0,1656,-61,-10
1587087435369826279,first,1,1846,-31,-9,second,2,1826,-27,-7,zero,0,1649,-7,0
1587087435497931827,first,1,1759,-42,-6,second,2,1759,-32,-4,zero,0,1589,-46,-24
1587087435561987424,first,1,1718,-41,-5,second,2,1725,-32,-6,zero,0,1503,-82,-16
1587087435689968569,first,1,1634,-41,-8,second,2,1646,-41,-9,zero,0,1412,-14,2
1587087435753904615,first,1,1587,-43,-8,second,2,1596,-48,-9,zero,0,1406,-3,-17
1587087435882281945,first,1,1501,-42,-7,second,2,1489,-53,-7,zero,0,1272,-86,-19
1587087436010014880,first,1,1410,-44,-10,second,2,1377,-55,-7,zero,0,1170,-18,2
1587087436073801048,first,1,1357,-49,-9,second,2,1321,-56,-6,zero,0,1163,-4,-18
1587087436201869974,first,1,1251,-52,-8,second,2,1218,-48,-4,zero,0,1021,-91,-21
1587087436265816142,first,1,1197,-52,-10,second,2,1174,-44,-5,zero,0,913,-107,-1
1587087436393822393,first,1,1081,-58,-10,second,2,1079,-49,-11,zero,0,831,-10,8
1587087436457872947,first,1,1017,-61,-9,second,2,1022,-56,-8,zero,0,834,3,-15
1587087436585962210,first,1,901,-57,-6,second,2,899,-59,-6,zero,0,716,-80,-21
1587087436713941714,first,1,804,-47,-8,second,2,784,-57,-7,zero,0,547,-70,15
1587087436777848511,first,1,754,-47,-11,second,2,724,-57,-9,zero,0,536,-10,7
1587087436905959871,first,1,649,-51,-7,second,2,611,-54,-4,zero,0,513,-25,-23
1587087436969776593,first,1,600,-48,-5,second,2,564,-46,-1,zero,0,445,-65,-19
1587087437097902858,first,1,513,-42,-9,second,2,496,-31,-3,zero,0,297,-61,13
1587087437161914850,first,1,466,-44,-8,second,2,464,-30,-7,zero,0,289,-8,8
1587087437289846761,first,1,374,-45,-3,second,2,394,-33,-4,zero,0,277,-17,-21
1587087437353802320,first,1,336,-39,-1,second,2,359,-33,-4,zero,0,222,-51,-15
1587087437481811305,first,1,270,-31,-4,second,2,290,-33,-7,zero,0,168,-4,3
1587087437609865920,first,1,215,-26,-2,second,2,220,-33,-2,zero,0,142,-24,-17
1587087437673774466,first,1,194,-22,-2,second,2,190,-29,-2,zero,0,92,-47,-6
1587087437801841210,first,1,156,-18,-6,second,2,138,-25,-4,zero,0,53,-1,5
1587087437865724964,first,1,134,-19,-3,second,2,113,-24,-1,zero,0,62,8,-3
1587087437993785621,first,1,94,-19,-1,second,2,83,-8,0,zero,0,29,-21,-3
1587087438057862077,first,1,77,-16,-3,second,2,83,0,-1,zero,0,10,-19,1
1587087438185748092,first,1,47,-13,-1,second,2,83,0,-3,zero,0,21,7,-3
1587087438313715085,first,1,42,0,0,second,2,82,0,-2,zero,0,5,-9,0
1587087438377686767,first,1,42,0,0,second,2,75,-4,-2,zero,0,5,0,0
1587087438505826037,first,1,42,0,0,second,2,49,-11,-2,zero,0,5,0,0
1587087438569708036,first,1,42,0,-1,second,2,36,-12,-2,zero,0,5,0,0
1587087438697748498,first,1,42,0,-2,second,2,21,-4,0,zero,0,5,0,0
1587087438761709895,first,1,42,0,-2,second,2,22,0,0,zero,0,5,0,0
1587087438889697905,first,1,42,0,-2,second,2,22,0,0,zero,0,5,0,0
1587087438953740131,first,1,42,0,-2,second,2,22,0,0,zero,0,9,1,2
1587087439082037066,first,1,42,0,-1,second,2,22,0,0,zero,0,30,10,0
1587087439209709394,first,1,42,0,-1,second,2,25,0,0,zero,0,34,1,6
1587087439273790131,first,1,42,0,-1,second,2,26,0,0,zero,0,52,15,7
1587087439401748082,first,1,43,0,0,second,2,33,2,1,zero,0,106,24,2
1587087439465673375,first,1,47,1,1,second,2,51,15,3,zero,0,108,2,0
1587087439593670365,first,1,83,18,1,second,2,111,28,7,zero,0,142,26,12
1587087439657693978,first,1,113,25,2,second,2,118,7,0,zero,0,193,47,8
1587087439785636123,first,1,192,39,2,second,2,139,15,5,zero,0,244,8,0
1587087439913695137,first,1,234,13,0,second,2,225,48,6,zero,0,291,36,18
1587087439977634372,first,1,235,0,0,second,2,289,59,4,zero,0,362,68,10
1587087440105699139,first,1,271,20,12,second,2,360,18,0,zero,0,446,18,-3
1587087440169633386,first,1,324,44,11,second,2,362,2,0,zero,0,450,2,10
1587087440297881595,first,1,466,72,3,second,2,383,15,5,zero,0,561,72,18
1587087440361620638,first,1,526,66,-34,second,2,420,34,8,zero,0,639,79,15
1587087440489604792,first,1,547,4,1,second,2,571,83,8,zero,0,673,7,14
1587087440553662506,first,1,563,10,4,second,2,670,96,1,zero,0,718,42,26
1587087440681608770,first,1,655,48,13,second,2,794,36,2,zero,0,903,95,17
1587087440809608135,first,1,843,97,10,second,2,808,2,1,zero,0,941,5,7
1587087440873655011,first,1,954,108,1,second,2,826,15,5,zero,0,974,30,25
1587087441001746290,first,1,1075,47,0,second,2,934,65,14,zero,0,1156,102,4
1587087441065936892,first,1,1081,11,-2,second,2,1032,93,12,zero,0,1240,84,-43
1587087441193165844,first,1,1107,14,9,second,2,1275,125,1,zero,0,1259,0,8
1587087441257594091,first,1,1152,37,10,second,2,1377,103,-32,zero,0,1283,22,21
1587087441385342688,first,1,1316,86,13,second,2,1426,5,-9,zero,0,1450,95,6
1587087441512810972,first,1,1543,114,2,second,2,1408,-6,4,zero,0,1550,20,-12
1587087441576870807,first,1,1637,104,7,second,2,1429,17,11,zero,0,1546,-1,6
1587087441704869553,first,1,1676,9,-11,second,2,1550,73,10,zero,0,1631,60,19
1587087441769827909,first,1,1656,-14,-4,second,2,1645,92,7,zero,0,1719,85,3
1587087441897543017,first,1,1650,2,9,second,2,1831,87,7,zero,0,1801,14,-15
1587087441961636996,first,1,1690,29,13,second,2,1866,34,-8,zero,0,1796,-3,4
1587087442089574582,first,1,1845,80,6,second,2,1855,-11,-5,zero,0,1870,52,15
1587087442153567207,first,1,1935,87,1,second,2,1845,-10,0,zero,0,1946,74,3
1587087442281501924,first,1,2032,37,0,second,2,1881,27,10,zero,0,2014,9,-9
1587087442409441217,first,1,2021,-7,-4,second,2,2015,74,5,zero,0,2025,16,17
1587087442473447722,first,1,2014,-10,0,second,2,2085,71,-4,zero,0,2058,33,3
1587087442601936198,first,1,2038,13,5,second,2,2116,4,-5,zero,0,2093,23,15
1587087442665618710,first,1,2072,28,6,second,2,2109,-4,-3,zero,0,2144,49,15
1587087442793507779,first,1,2175,51,1,second,2,2108,2,4,zero,0,2268,54,3
1587087442857483570,first,1,2233,56,1,second,2,2130,20,7,zero,0,2279,11,-5
1587087442985428358,first,1,2295,21,-9,second,2,2244,64,8,zero,0,2309,26,19
1587087443113417113,first,1,2299,0,4,second,2,2396,70,-17,zero,0,2453,77,3
1587087443177556586,first,1,2320,14,11,second,2,2423,26,-6,zero,0,2511,58,-24
1587087443305432951,first,1,2431,59,8,second,2,2428,0,0,zero,0,2526,0,12
1587087443369505087,first,1,2509,73,2,second,2,2434,3,5,zero,0,2560,30,21
1587087443497528451,first,1,2598,32,1,second,2,2502,42,10,zero,0,2727,91,3
1587087443561423343,first,1,2602,6,0,second,2,2572,67,13,zero,0,2798,73,6
1587087443689325201,first,1,2635,19,10,second,2,2766,100,4,zero,0,2819,0,10
1587087443753419290,first,1,2684,42,11,second,2,2854,87,-35,zero,0,2849,27,23
1587087443881628911,first,1,2857,89,9,second,2,2895,6,-2,zero,0,3025,98,4
1587087444009360173,first,1,3081,112,2,second,2,2921,19,10,zero,0,3122,21,-10
1587087444073439126,first,1,3175,102,-35,second,2,2970,46,12,zero,0,3125,0,9
1587087444201376954,first,1,3217,11,-6,second,2,3153,100,8,zero,0,3233,73,21
1587087444265479959,first,1,3207,-6,-1,second,2,3267,113,6,zero,0,3332,97,4
1587087444393362174,first,1,3229,15,12,second,2,3411,44,-10,zero,0,3431,19,-8
1587087444457490400,first,1,3286,46,14,second,2,3422,11,-6,zero,0,3431,0,8
1587087444585391075,first,1,3469,94,4,second,2,3411,-6,0,zero,0,3531,68,18
1587087444713411801,first,1,3588,46,2,second,2,3450,30,13,zero,0,3690,67,1
1587087444777322314,first,1,3596,13,-1,second,2,3514,62,13,zero,0,3702,12,-9
1587087444905444739,first,1,3600,0,4,second,2,3711,103,1,zero,0,3720,19,18
1587087444969462694,first,1,3622,14,7,second,2,3801,91,15,zero,0,3779,56,12
1587087445097934563,first,1,3741,64,11,second,2,3848,8,-5,zero,0,3856,15,-3
1587087445161353497,first,1,3834,86,6,second,2,3842,-4,-3,zero,0,3860,1,10
1587087445289293232,first,1,4008,85,9,second,2,3842,2,5,zero,0,3941,51,9
1587087445353424726,first,1,4034,38,-6,second,2,3867,21,9,zero,0,3990,50,4
1587087445481351331,first,1,4015,-12,-6,second,2,3988,69,7,zero,0,3998,-1,1
1587087445609159042,first,1,3990,-10,3,second,2,4131,65,-26,zero,0,4040,28,4
1587087445673482699,first,1,4004,6,5,second,2,4152,21,-10,zero,0,4070,29,-12
1587087445801450153,first,1,4092,46,6,second,2,4129,-17,-5,zero,0,4068,-4,0
1587087445865296386,first,1,4140,52,18,second,2,4104,-21,-2,zero,0,4072,1,5
1587087445992722016,first,1,4154,2,-3,second,2,4092,1,1,zero,0,4103,14,-5
1587087446057549982,first,1,4141,-8,-3,second,2,4107,12,2,zero,0,4098,-2,-5
1587087446185312386,first,1,4109,-14,-1,second,2,4148,18,2,zero,0,4094,0,1
1587087446313426340,first,1,4104,0,0,second,2,4150,0,-4,zero,0,4098,0,0
1587087446377293831,first,1,4106,0,0,second,2,4142,-5,-3,zero,0,4097,0,0
1587087446505275735,first,1,4108,0,0,second,2,4119,-10,-1,zero,0,4097,0,-1
1587087446569378844,first,1,4108,0,0,second,2,4109,-10,-1,zero,0,4097,0,0
1587087446697375909,first,1,4108,0,0,second,2,4106,0,0,zero,0,4094,0,-1
1587087446761376496,first,1,4109,0,0,second,2,4106,0,0,zero,0,4086,-5,-1
1587087446889238249,first,1,4108,0,0,second,2,4106,0,-1,zero,0,4072,-4,-1
1587087446953335352,first,1,4108,0,0,second,2,4106,0,0,zero,0,4067,-3,-2
1587087447081225023,first,1,4108,0,-2,second,2,4106,0,-2,zero,0,4037,-14,-3
1587087447209157636,first,1,4106,0,-3,second,2,4106,0,-3,zero,0,4005,-15,-5
1587087447273159549,first,1,4098,-4,-3,second,2,4105,0,-4,zero,0,3987,-15,-2
1587087447401308547,first,1,4066,-15,-4,second,2,4081,-12,-5,zero,0,3938,-26,-5
1587087447465182770,first,1,4046,-18,-3,second,2,4064,-15,-6,zero,0,3903,-32,-4
1587087447593342588,first,1,4001,-21,-3,second,2,4011,-27,-7,zero,0,3841,-28,-3
1587087447657173647,first,1,3974,-23,-5,second,2,3977,-32,-7,zero,0,3811,-28,-5
1587087447785155996,first,1,3910,-31,-5,second,2,3903,-35,-4,zero,0,3735,-37,-6
1587087447912588836,first,1,3832,-38,-6,second,2,3828,-36,-7,zero,0,3655,-38,-5
1587087447977365084,first,1,3789,-39,-7,second,2,3790,-36,-5,zero,0,3615,-38,-6
1587087448105145611,first,1,3708,-40,-6,second,2,3712,-39,-5,zero,0,3527,-43,-9
1587087448169177513,first,1,3667,-40,-6,second,2,3669,-41,-5,zero,0,3475,-49,-9
1587087448297166758,first,1,3582,-40,-8,second,2,3578,-45,-9,zero,0,3365,-53,-2
1587087448361131427,first,1,3538,-41,-8,second,2,3529,-47,-9,zero,0,3319,-46,-3
1587087448489186779,first,1,3445,-45,-8,second,2,3421,-53,-6,zero,0,3231,-43,-9
1587087448553227330,first,1,3395,-47,-10,second,2,3367,-53,-4,zero,0,3179,-50,-8
1587087448681242491,first,1,3293,-49,-10,second,2,3263,-50,-5,zero,0,3067,-56,-4
1587087448809135073,first,1,3185,-53,-10,second,2,3166,-48,-7,zero,0,2965,-50,-4
1587087448873246817,first,1,3128,-54,-7,second,2,3119,-47,-7,zero,0,2914,-49,-5
1587087449001079491,first,1,3021,-52,-7,second,2,3019,-48,-8,zero,0,2810,-51,-4
1587087449064985974,first,1,2971,-51,-7,second,2,2965,-51,-9,zero,0,2762,-48,-4
1587087449193145482,first,1,2871,-48,-8,second,2,2852,-54,-6,zero,0,2672,-43,-8
1587087449257123016,first,1,2824,-48,-7,second,2,2796,-54,-7,zero,0,2621,-48,-7
1587087449385116655,first,1,2727,-47,-10,second,2,2695,-48,-5,zero,0,2524,-46,-2
1587087449513157334,first,1,2627,-48,-7,second,2,2605,-42,-3,zero,0,2445,-37,-6
1587087449577162666,first,1,2578,-48,-7,second,2,2565,-39,-5,zero,0,2406,-37,-6
1587087449705370056,first,1,2483,-45,-7,second,2,2488,-36,-5,zero,0,2321,-41,-3
1587087449769057426,first,1,2441,-42,-6,second,2,2450,-36,-5,zero,0,2282,-39,-1
1587087449897005602,first,1,2359,-39,-3,second,2,2369,-39,-7,zero,0,2211,-34,-3
1587087449961225489,first,1,2321,-38,-5,second,2,2326,-41,-5,zero,0,2176,-34,-4
1587087450089073946,first,1,2245,-36,-5,second,2,2240,-41,-6,zero,0,2104,-35,-5
1587087450153063387,first,1,2209,-36,-4,second,2,2199,-39,-5,zero,0,2067,-36,-1
1587087450281079739,first,1,2133,-36,-5,second,2,2128,-33,-3,zero,0,2015,-20,10
1587087450409112902,first,1,2061,-35,-3,second,2,2067,-28,-3,zero,0,2004,-12,-15
1587087450473008503,first,1,2031,-31,-2,second,2,2041,-25,-1,zero,0,1961,-40,-16
1587087450601067179,first,1,1986,-20,-2,second,2,1993,-23,-5,zero,0,1853,-47,-5
1587087450664889277,first,1,1967,-18,-6,second,2,1964,-26,-5,zero,0,1847,-6,-1
1587087450792955098,first,1,1927,-18,-4,second,2,1907,-27,-3,zero,0,1791,-41,-21
1587087450857017352,first,1,1905,-20,-6,second,2,1881,-26,-3,zero,0,1720,-69,-12
1587087450984955808,first,1,1842,-30,-7,second,2,1824,-27,-5,zero,0,1654,-7,0
1587087451113211541,first,1,1757,-41,-6,second,2,1758,-32,-4,zero,0,1592,-49,-26
1587087451177120160,first,1,1716,-41,-6,second,2,1725,-32,-5,zero,0,1503,-85,-13
1587087451304995285,first,1,1632,-41,-8,second,2,1646,-42,-10,zero,0,1408,-16,3
1587087451368991227,first,1,1586,-43,-9,second,2,1594,-50,-11,zero,0,1403,-2,-16
1587087451497238268,first,1,1496,-44,-6,second,2,1478,-57,-7,zero,0,1273,-83,-18
1587087451561161715,first,1,1451,-43,-9,second,2,1422,-55,-5,zero,0,1172,-100,-1
1587087451689091707,first,1,1346,-52,-12,second,2,1307,-57,-10,zero,0,1092,-12,4
1587087451752987547,first,1,1285,-59,-11,second,2,1246,-60,-8,zero,0,1089,0,-15
1587087451881027940,first,1,1161,-60,-9,second,2,1134,-53,-4,zero,0,966,-80,-20
1587087452009007775,first,1,1051,-54,-12,second,2,1041,-45,-7,zero,0,793,-73,12
1587087452072888763,first,1,994,-54,-8,second,2,990,-48,-10,zero,0,780,-13,7
1587087452200959730,first,1,885,-53,-5,second,2,878,-54,-5,zero,0,746,-32,-28
1587087452265041473,first,1,837,-48,-4,second,2,824,-53,-4,zero,0,666,-78,-20
1587087452392883396,first,1,751,-42,-8,second,2,727,-47,-5,zero,0,500,-68,13
1587087452456818955,first,1,703,-45,-12,second,2,678,-46,-7,zero,0,490,-10,7
1587087452584922223,first,1,599,-50,-5,second,2,579,-48,-4,zero,0,467,-24,-22
1587087452713022529,first,1,509,-43,-5,second,2,500,-36,-4,zero,0,322,-78,-3
1587087452777099043,first,1,466,-41,-7,second,2,466,-33,-4,zero,0,266,-55,19
1587087452904863570,first,1,379,-42,-5,second,2,388,-38,-7,zero,0,269,6,-10
1587087452968924932,first,1,339,-40,-3,second,2,349,-38,-5,zero,0,248,-18,-20
1587087453096961755,first,1,267,-33,-4,second,2,278,-34,-5,zero,0,144,-49,-3
1587087453160961260,first,1,235,-32,-2,second,2,244,-32,-4,zero,0,140,-4,4
1587087453289068529,first,1,176,-28,-1,second,2,183,-29,-3,zero,0,120,-19,-17
1587087453352956571,first,1,153,-23,-1,second,2,157,-26,-1,zero,0,78,-40,-6
1587087453480953584,first,1,122,-14,-2,second,2,108,-24,-2,zero,0,48,0,4
1587087453608852455,first,1,91,-14,-2,second,2,74,-9,0,zero,0,42,-9,-8
1587087453672778978,first,1,77,-13,-2,second,2,74,0,0,zero,0,17,-22,-3
1587087453800825947,first,1,50,-12,-1,second,2,74,0,-2,zero,0,6,3,3
1587087453864855259,first,1,44,-8,0,second,2,72,0,-4,zero,0,14,9,-2
1587087453992927283,first,1,44,0,0,second,2,55,-8,-1,zero,0,2,-7,0
1587087454057014358,first,1,44,0,0,second,2,44,-10,-1,zero,0,2,0,0
1587087454184842014,first,1,44,0,-1,second,2,30,-4,0,zero,0,4,0,-1
1587087454313012344,first,1,44,0,-2,second,2,30,0,0,zero,0,4,0,0
1587087454376842872,first,1,43,0,-2,second,2,30,0,0,zero,0,5,0,0
1587087454504778612,first,1,43,0,-2,second,2,30,0,0,zero,0,6,0,0
1587087454568988654,first,1,44,0,-2,second,2,30,0,0,zero,0,7,0,0
1587087454696985418,first,1,44,0,0,second,2,30,0,0,zero,0,26,13,2
1587087454760822734,first,1,43,0,0,second,2,30,0,0,zero,0,41,14,0
1587087454888839444,first,1,44,0,0,second,2,30,0,0,zero,0,45,1,5
1587087454952745521,first,1,44,0,0,second,2,31,0,0,zero,0,66,17,9
1587087455080709036,first,1,44,0,0,second,2,38,3,3,zero,0,132,30,2
1587087455208946787,first,1,69,13,3,second,2,94,32,1,zero,0,142,3,8
1587087455272733519,first,1,98,24,3,second,2,126,32,3,zero,0,171,26,13
1587087455400737989,first,1,184,44,3,second,2,139,2,4,zero,0,272,48,5
1587087455464758356,first,1,235,49,1,second,2,160,18,7,zero,0,283,11,-1
1587087455592686301,first,1,285,17,0,second,2,262,56,4,zero,0,326,32,19
1587087455656790959,first,1,285,1,0,second,2,332,68,1,zero,0,392,63,12
1587087455784739309,first,1,319,19,9,second,2,417,23,-11,zero,0,471,15,-1
1587087455912719790,first,1,440,63,5,second,2,422,0,0,zero,0,528,43,25
1587087455976794201,first,1,516,73,1,second,2,426,1,4,zero,0,617,86,14
1587087456103854941,first,1,602,31,1,second,2,506,51,13,zero,0,733,30,-7
1587087456168804130,first,1,605,7,1,second,2,591,82,11,zero,0,739,4,7
1587087456296762963,first,1,635,16,8,second,2,791,95,8,zero,0,852,76,19
1587087456360615759,first,1,685,40,12,second,2,832,41,-15,zero,0,952,101,3
1587087456488716348,first,1,870,97,14,second,2,851,4,4,zero,0,1054,21,-10
1587087456552641300,first,1,992,117,7,second,2,874,20,8,zero,0,1053,0,8
1587087456680705296,first,1,1144,63,2,second,2,997,71,12,zero,0,1157,73,19
1587087456808731803,first,1,1156,1,0,second,2,1214,117,5,zero,0,1346,84,-14
1587087456872719800,first,1,1163,3,8,second,2,1340,125,2,zero,0,1368,22,-15
1587087457000692483,first,1,1268,57,14,second,2,1493,48,-4,zero,0,1385,18,21
1587087457064609684,first,1,1362,86,11,second,2,1498,5,-12,zero,0,1450,62,20
1587087457192509716,first,1,1590,115,3,second,2,1465,-14,1,zero,0,1622,77,-43
1587087457256835103,first,1,1684,103,9,second,2,1479,10,11,zero,0,1642,20,-14
1587087457384609354,first,1,1727,12,-9,second,2,1599,74,12,zero,0,1656,15,20
1587087457512588839,first,1,1695,-17,0,second,2,1799,102,1,zero,0,1795,79,4
1587087457576606602,first,1,1700,0,6,second,2,1884,86,8,zero,0,1860,65,-5
1587087457704652352,first,1,1791,50,14,second,2,1922,4,-9,zero,0,1868,-2,6
1587087457768697493,first,1,1872,74,6,second,2,1909,-11,-6,zero,0,1889,18,16
1587087457896681020,first,1,2036,81,-28,second,2,1883,-8,3,zero,0,2011,67,2
1587087457960680794,first,1,2062,37,-13,second,2,1901,14,11,zero,0,2058,48,-11
1587087458088923254,first,1,2049,-8,-2,second,2,2015,68,9,zero,0,2055,-8,-4
1587087458152675015,first,1,2034,-13,-1,second,2,2100,81,1,zero,0,2049,-6,15
1587087458280726067,first,1,2044,7,7,second,2,2193,24,-13,zero,0,2157,71,13
1587087458408494909,first,1,2137,50,8,second,2,2177,-11,-3,zero,0,2247,19,-9
1587087458472558069,first,1,2214,70,6,second,2,2171,-6,0,zero,0,2247,0,5
1587087458600518976,first,1,2310,35,-7,second,2,2201,21,7,zero,0,2328,55,16
1587087458664577111,first,1,2313,7,-3,second,2,2246,42,8,zero,0,2406,76,3
1587087458792565328,first,1,2318,2,5,second,2,2392,78,6,zero,0,2483,14,-5
1587087458856709625,first,1,2343,17,9,second,2,2466,73,8,zero,0,2484,0,9
1587087458984539603,first,1,2458,59,8,second,2,2498,5,-3,zero,0,2586,69,18
1587087459112609746,first,1,2625,84,6,second,2,2507,5,7,zero,0,2751,72,-32
1587087459176551130,first,1,2698,80,-1,second,2,2543,32,13,zero,0,2769,17,-8
1587087459304636831,first,1,2729,8,-2,second,2,2707,93,8,zero,0,2800,28,23
1587087459368573958,first,1,2730,0,0,second,2,2819,107,3,zero,0,2876,73,21
1587087459496607242,first,1,2774,25,17,second,2,2958,42,3,zero,0,3053,80,5
1587087459560439311,first,1,2846,59,18,second,2,2972,13,0,zero,0,3075,22,-9
1587087459688845322,first,1,3066,113,4,second,2,2977,2,4,zero,0,3106,27,23
1587087459752447348,first,1,3170,112,8,second,2,2998,19,8,zero,0,3180,71,23
1587087459880567500,first,1,3227,19,-3,second,2,3127,77,14,zero,0,3366,84,-46
1587087460008475595,first,1,3235,2,7,second,2,3362,124,4,zero,0,3386,0,7
1587087460072633075,first,1,3264,20,12,second,2,3472,111,7,zero,0,3411,21,22
1587087460200532927,first,1,3406,77,12,second,2,3536,12,-7,zero,0,3572,90,4
1587087460264493611,first,1,3516,101,11,second,2,3529,-4,-2,zero,0,3646,73,-36
1587087460392450440,first,1,3741,113,-28,second,2,3544,16,7,zero,0,3660,-1,7
1587087460456629936,first,1,3787,61,-8,second,2,3589,43,11,zero,0,3680,17,17
1587087460584424712,first,1,3774,-11,-7,second,2,3754,90,7,zero,0,3816,76,4
1587087460712436824,first,1,3765,0,7,second,2,3944,88,-11,zero,0,3887,11,-9
1587087460776500181,first,1,3797,22,14,second,2,3980,37,-18,zero,0,3879,-6,2
1587087460904411111,first,1,3936,72,6,second,2,3968,-14,-7,zero,0,3935,39,11
1587087460968442531,first,1,4020,82,1,second,2,3943,-22,-1,zero,0,3976,41,4
1587087461096446972,first,1,4109,32,-5,second,2,3942,9,6,zero,0,3985,0,6
1587087461160406832,first,1,4102,1,-11,second,2,3977,32,6,zero,0,4005,18,8
1587087461288427465,first,1,4044,-29,-3,second,2,4092,61,1,zero,0,4079,33,0
1587087461352620867,first,1,4023,-26,5,second,2,4145,52,-24,zero,0,4081,3,-6
1587087461480426629,first,1,4060,22,6,second,2,4155,-3,-8,zero,0,4077,0,5
1587087461608452960,first,1,4147,45,4,second,2,4117,-18,-2,zero,0,4097,7,-1
1587087461672460680,first,1,4159,18,-1,second,2,4107,-11,0,zero,0,4093,-1,-1
1587087461800365174,first,1,4144,-8,-2,second,2,4109,0,0,zero,0,4093,0,0
1587087461864346042,first,1,4128,-14,-3,second,2,4110,0,0,zero,0,4094,0,0
1587087461991623568,first,1,4103,-11,0,second,2,4114,0,0,zero,0,4097,0,0
1587087462055941555,first,1,4104,0,0,second,2,4114,0,-1,zero,0,4098,0,0
1587087462183834531,first,1,4104,0,0,second,2,4114,0,0,zero,0,4097,0,0
1587087462311980189,first,1,4103,0,0,second,2,4114,0,0,zero,0,4093,0,-3
1587087462375853965,first,1,4104,0,0,second,2,4114,0,0,zero,0,4088,-3,-5
1587087462504413991,first,1,4103,0,0,second,2,4114,0,0,zero,0,4076,-4,-1
1587087462568292446,first,1,4104,0,0,second,2,4114,0,-1,zero,0,4069,-5,-1
1587087462696306090,first,1,4104,0,0,second,2,4114,0,-1,zero,0,4036,-16,-2
1587087462760282365,first,1,4103,0,-2,second,2,4113,0,-4,zero,0,4019,-16,-1
1587087462888385571,first,1,4102,0,-1,second,2,4100,-7,-3,zero,0,3989,-14,-4
1587087463016077767,first,1,4078,-11,-4,second,2,4071,-13,-3,zero,0,3937,-27,-6
1587087463080414245,first,1,4057,-17,-4,second,2,4054,-14,-4,zero,0,3904,-31,-4
1587087463208244310,first,1,4006,-25,-5,second,2,4012,-20,-4,zero,0,3842,-29,-4
1587087463272363679,first,1,3974,-29,-6,second,2,3984,-26,-6,zero,0,3810,-29,-5
1587087463400275281,first,1,3900,-35,-4,second,2,3914,-34,-7,zero,0,3734,-37,-5
1587087463464363014,first,1,3860,-37,-6,second,2,3874,-37,-7,zero,0,3694,-39,-5
1587087463592250126,first,1,3780,-38,-6,second,2,3789,-41,-7,zero,0,3614,-38,-7
1587087463656276808,first,1,3740,-38,-5,second,2,3745,-43,-5,zero,0,3573,-39,-8
1587087463784269866,first,1,3659,-39,-5,second,2,3651,-45,-4,zero,0,3474,-50,-9
1587087463912372590,first,1,3574,-41,-7,second,2,3559,-45,-7,zero,0,3367,-51,-2
1587087463976218868,first,1,3530,-42,-8,second,2,3513,-45,-7,zero,0,3322,-45,-2
1587087464104322305,first,1,3436,-45,-8,second,2,3419,-45,-7,zero,0,3233,-44,-9
1587087464168360861,first,1,3388,-46,-6,second,2,3374,-45,-6,zero,0,3178,-52,-11
1587087464296213630,first,1,3293,-46,-9,second,2,3279,-46,-6,zero,0,3061,-58,-3
1587087464360239640,first,1,3244,-47,-8,second,2,3230,-48,-8,zero,0,3010,-52,-2
1587087464488249715,first,1,3143,-49,-8,second,2,3123,-53,-8,zero,0,2916,-46,-6
1587087464616048210,first,1,3038,-50,-9,second,2,3011,-53,-6,zero,0,2810,-53,-8
1587087464680279994,first,1,2983,-52,-8,second,2,2956,-54,-5,zero,0,2758,-52,-1
1587087464808146470,first,1,2868,-55,-9,second,2,2850,-51,-6,zero,0,2667,-44,-6
1587087464872241061,first,1,2813,-55,-9,second,2,2799,-50,-6,zero,0,2622,-43,-7
1587087465000264031,first,1,2707,-51,-6,second,2,2701,-47,-5,zero,0,2530,-44,-5
1587087465064135054,first,1,2659,-47,-5,second,2,2655,-46,-5,zero,0,2483,-45,-5
1587087465192122614,first,1,2569,-44,-8,second,2,2563,-44,-6,zero,0,2397,-41,-1
1587087465256114348,first,1,2525,-43,-6,second,2,2518,-44,-7,zero,0,2360,-37,-3
1587087465384202241,first,1,2441,-41,-7,second,2,2428,-43,-5,zero,0,2285,-36,-3
1587087465512100249,first,1,2359,-40,-6,second,2,2345,-39,-2,zero,0,2209,-36,-4
1587087465576163090,first,1,2319,-40,-6,second,2,2310,-35,-3,zero,0,2175,-35,-3
1587087465704257825,first,1,2238,-39,-5,second,2,2243,-32,-5,zero,0,2104,-34,-5
1587087465768104683,first,1,2200,-37,-5,second,2,2211,-31,-5,zero,0,2068,-35,-2
1587087465896137838,first,1,2127,-35,-2,second,2,2144,-32,-5,zero,0,2015,-20,11
1587087465959234403,first,1,2092,-34,-3,second,2,2109,-33,-4,zero,0,2018,2,-4
1587087466088421021,first,1,2037,-25,-1,second,2,2044,-29,-4,zero,0,1960,-42,-17
1587087466215663470,first,1,2003,-15,-4,second,2,1990,-26,-3,zero,0,1852,-46,-1
1587087466280127743,first,1,1985,-15,-6,second,2,1961,-26,-5,zero,0,1847,-5,0
1587087466408233974,first,1,1938,-22,-4,second,2,1907,-26,-1,zero,0,1792,-42,-22
1587087466472189047,first,1,1909,-26,-7,second,2,1883,-24,-2,zero,0,1715,-74,-12
1587087466600108870,first,1,1833,-37,-8,second,2,1828,-27,-7,zero,0,1644,-9,0
1587087466664083185,first,1,1788,-42,-7,second,2,1795,-32,-7,zero,0,1635,-5,-19
1587087466792121862,first,1,1705,-40,-5,second,2,1720,-36,-7,zero,0,1508,-80,-16
1587087466856191831,first,1,1666,-38,-6,second,2,1680,-39,-9,zero,0,1430,-76,-16
1587087466984094126,first,1,1580,-41,-6,second,2,1578,-52,-8,zero,0,1411,-4,-19
1587087467112115993,first,1,1496,-41,-6,second,2,1469,-54,-4,zero,0,1267,-90,-18
1587087467176145635,first,1,1452,-42,-8,second,2,1419,-50,-6,zero,0,1178,-89,29
1587087467304059892,first,1,1345,-53,-12,second,2,1313,-52,-5,zero,0,1154,-2,-15
1587087467368127137,first,1,1288,-56,-7,second,2,1260,-52,-5,zero,0,1112,-40,-30
1587087467495950046,first,1,1177,-54,-9,second,2,1167,-44,-5,zero,0,915,-106,-5
1587087467560043901,first,1,1123,-53,-8,second,2,1122,-44,-8,zero,0,839,-78,13
1587087467687988854,first,1,1008,-57,-7,second,2,1011,-58,-9,zero,0,829,2,-12
1587087467815662993,first,1,900,-53,-6,second,2,885,-61,-3,zero,0,716,-76,-20
1587087467879940720,first,1,853,-47,-6,second,2,828,-57,-4,zero,0,617,-96,-3
1587087468008110201,first,1,755,-48,-12,second,2,716,-54,-8,zero,0,536,-11,9
1587087468071920140,first,1,700,-52,-9,second,2,661,-54,-5,zero,0,539,3,-9
1587087468199910740,first,1,591,-53,-5,second,2,569,-42,-2,zero,0,445,-64,-20
1587087468263919079,first,1,544,-48,-6,second,2,534,-34,-4,zero,0,359,-82,-2
1587087468391946517,first,1,456,-43,-7,second,2,467,-33,-6,zero,0,294,-6,7
1587087468455972082,first,1,412,-42,-5,second,2,425,-37,-6,zero,0,301,7,-13
1587087468583975256,first,1,336,-35,-4,second,2,345,-38,-3,zero,0,223,-52,-13
1587087468711986663,first,1,270,-31,-2,second,2,275,-35,-4,zero,0,169,-4,2
1587087468775836287,first,1,238,-31,-2,second,2,240,-33,-3,zero,0,167,0,-12
1587087468904012078,first,1,186,-24,-1,second,2,182,-27,-3,zero,0,90,-47,-7
1587087468968016910,first,1,166,-19,-4,second,2,157,-24,-2,zero,0,53,-36,7
1587087469095931450,first,1,123,-19,-4,second,2,107,-24,-2,zero,0,61,7,-4
1587087469159968528,first,1,103,-19,-1,second,2,87,-20,-1,zero,0,53,-5,-8
1587087469287814264,first,1,70,-14,-1,second,2,78,0,0,zero,0,10,-19,0
1587087469415957554,first,1,50,-9,0,second,2,77,0,-3,zero,0,22,7,-3
1587087469479976856,first,1,50,0,0,second,2,77,0,-3,zero,0,14,-5,-4
1587087469608042574,first,1,50,0,0,second,2,78,0,-3,zero,0,5,0,0
1587087469671859147,first,1,50,0,0,second,2,76,0,-5,zero,0,7,0,0
1587087469799946908,first,1,50,0,0,second,2,57,-8,-2,zero,0,7,0,-1
1587087469863894987,first,1,50,0,0,second,2,45,-10,-1,zero,0,7,0,0
1587087469991924971,first,1,50,0,-2,second,2,31,-4,0,zero,0,6,0,0
1587087470055842457,first,1,50,0,-2,second,2,31,0,0,zero,0,6,0,0
1587087470183967315,first,1,50,0,-2,second,2,31,0,0,zero,0,8,0,1
1587087470311837647,first,1,50,0,-1,second,2,31,0,0,zero,0,31,10,0
1587087470375945093,first,1,50,0,-1,second,2,31,0,0,zero,0,31,0,0
1587087470503787338,first,1,50,0,-1,second,2,31,0,0,zero,0,54,16,7
1587087470568007332,first,1,50,0,0,second,2,32,0,0,zero,0,86,29,2
1587087470695905799,first,1,52,0,2,second,2,53,14,3,zero,0,115,3,-1
1587087470759800551,first,1,65,8,3,second,2,81,25,1,zero,0,121,2,7
1587087470887940539,first,1,114,24,4,second,2,112,5,0,zero,0,194,45,7
1587087471015937050,first,1,193,39,1,second,2,136,17,6,zero,0,247,9,-1
1587087471079946540,first,1,227,38,-6,second,2,172,34,5,zero,0,252,2,11
1587087471207708313,first,1,236,1,0,second,2,284,58,3,zero,0,357,65,10
1587087471271944807,first,1,243,2,4,second,2,348,62,1,zero,0,423,66,-32
1587087471399817488,first,1,322,42,11,second,2,414,16,-4,zero,0,446,3,13
1587087471463801276,first,1,392,63,9,second,2,415,1,-1,zero,0,485,36,23
1587087471591809931,first,1,551,78,1,second,2,424,5,8,zero,0,648,82,-22
1587087471655897143,first,1,611,67,-10,second,2,457,30,14,zero,0,675,27,-5
1587087471783749617,first,1,632,4,-2,second,2,612,86,9,zero,0,721,34,22
1587087471911786409,first,1,652,11,7,second,2,807,91,-29,zero,0,904,100,1
1587087471975752009,first,1,697,34,13,second,2,845,38,-16,zero,0,980,78,-6
1587087472103800469,first,1,881,97,12,second,2,858,1,1,zero,0,999,0,11
1587087472167794573,first,1,995,113,3,second,2,874,13,5,zero,0,1030,27,23
1587087472295728684,first,1,1135,55,1,second,2,977,62,15,zero,0,1207,99,5
1587087472359691789,first,1,1146,17,0,second,2,1071,91,13,zero,0,1288,82,-26
1587087472487753957,first,1,1166,10,6,second,2,1316,127,3,zero,0,1307,0,7
1587087472615785018,first,1,1271,56,10,second,2,1471,49,-10,zero,0,1404,66,20
1587087472679741503,first,1,1360,81,12,second,2,1479,7,-9,zero,0,1498,91,5
1587087472807667925,first,1,1588,115,4,second,2,1460,-6,4,zero,0,1592,19,-12
1587087472871698585,first,1,1687,107,9,second,2,1478,15,10,zero,0,1590,-1,6
1587087472999849857,first,1,1730,11,-12,second,2,1598,71,9,zero,0,1670,57,17
1587087473063767543,first,1,1709,-14,-7,second,2,1692,92,7,zero,0,1754,82,4
1587087473191626562,first,1,1701,0,8,second,2,1883,90,-10,zero,0,1836,14,-11
1587087473255623996,first,1,1736,25,11,second,2,1921,38,-20,zero,0,1832,-3,6
1587087473383622629,first,1,1880,75,6,second,2,1911,-12,-5,zero,0,1908,53,15
1587087473511603845,first,1,2043,80,-33,second,2,1886,-6,6,zero,0,1983,15,-4
1587087473575646820,first,1,2071,38,-2,second,2,1906,16,9,zero,0,1987,2,8
1587087473703706243,first,1,2051,-12,-6,second,2,2014,62,7,zero,0,2063,45,4
1587087473767739112,first,1,2032,-18,-1,second,2,2090,74,2,zero,0,2074,11,1
1587087473895621776,first,1,2041,8,7,second,2,2177,22,-4,zero,0,2131,42,17
1587087473959861549,first,1,2078,29,7,second,2,2173,-1,-6,zero,0,2205,71,7
1587087474087571715,first,1,2209,67,6,second,2,2155,-5,2,zero,0,2285,16,-7
1587087474215636502,first,1,2302,34,-10,second,2,2207,33,8,zero,0,2309,21,18
1587087474279520010,first,1,2306,8,-3,second,2,2261,52,7,zero,0,2371,59,16
1587087474407704304,first,1,2310,1,6,second,2,2409,75,3,zero,0,2517,64,4
1587087474471723051,first,1,2338,19,12,second,2,2475,65,20,zero,0,2531,14,-7
1587087474599767582,first,1,2476,73,7,second,2,2501,3,-1,zero,0,2562,27,20
1587087474663565739,first,1,2570,89,3,second,2,2502,0,0,zero,0,2633,68,19
1587087474791520196,first,1,2683,43,6,second,2,2542,29,15,zero,0,2805,77,-32
1587087474855736015,first,1,2691,13,0,second,2,2605,61,16,zero,0,2825,20,-10
1587087474983548280,first,1,2699,2,3,second,2,2808,106,2,zero,0,2851,23,22
1587087475111585966,first,1,2781,44,15,second,2,2945,40,2,zero,0,3021,97,7
1587087475175575594,first,1,2864,74,13,second,2,2955,10,-2,zero,0,3104,84,8
1587087475303620301,first,1,3101,121,4,second,2,2974,14,8,zero,0,3130,1,9
1587087475367660035,first,1,3211,118,9,second,2,3012,36,10,zero,0,3160,27,23
1587087475495618806,first,1,3271,19,-7,second,2,3166,87,12,zero,0,3334,98,4
1587087475559632964,first,1,3265,-2,-1,second,2,3277,109,8,zero,0,3414,80,-30
1587087475687595095,first,1,3289,15,11,second,2,3503,106,8,zero,0,3432,0,8
1587087475815706302,first,1,3420,70,13,second,2,3556,6,-10,zero,0,3529,66,18
1587087475879625640,first,1,3521,93,8,second,2,3541,-12,-5,zero,0,3621,89,2
1587087476007251901,first,1,3721,100,7,second,2,3543,11,10,zero,0,3705,14,-11
1587087476071847732,first,1,3757,50,-15,second,2,3584,39,11,zero,0,3701,-2,7
1587087476199692181,first,1,3750,-7,-5,second,2,3747,89,5,zero,0,3781,55,15
1587087476263611915,first,1,3740,-13,0,second,2,3843,95,1,zero,0,3843,62,-7
1587087476391583787,first,1,3778,22,11,second,2,3954,31,-7,zero,0,3861,1,7
1587087476455563844,first,1,3835,47,10,second,2,3955,1,-8,zero,0,3884,21,15
1587087476583549977,first,1,3989,78,2,second,2,3919,-19,-1,zero,0,3984,49,-6
1587087476711551143,first,1,4076,31,-8,second,2,3931,15,8,zero,0,3991,-2,3
1587087476775818458,first,1,4072,2,-8,second,2,3973,39,6,zero,0,4004,11,9
1587087476903627655,first,1,4028,-21,-1,second,2,4088,55,8,zero,0,4069,31,-4
1587087476966859130,first,1,4019,-13,3,second,2,4108,19,-9,zero,0,4072,3,-2
1587087477096074926,first,1,4059,22,4,second,2,4102,-5,-3,zero,0,4071,2,4
1587087477159442191,first,1,4099,34,2,second,2,4090,-10,-2,zero,0,4087,13,2
1587087477287542938,first,1,4138,12,-2,second,2,4087,0,1,zero,0,4096,-1,-4
1587087477415445015,first,1,4121,-8,-3,second,2,4119,17,1,zero,0,4095,2,2
1587087477479481641,first,1,4109,-11,-1,second,2,4120,2,0,zero,0,4100,5,0
1587087477607167116,first,1,4103,0,0,second,2,4121,0,-1,zero,0,4096,-1,0
1587087477671083021,first,1,4103,0,0,second,2,4121,0,0,zero,0,4096,0,0
1587087477798997579,first,1,4103,0,0,second,2,4121,0,0,zero,0,4096,0,0
1587087477863421722,first,1,4103,0,0,second,2,4121,0,-1,zero,0,4096,0,-1
1587087477991300847,first,1,4103,0,0,second,2,4120,0,-1,zero,0,4088,-3,-1
1587087478055260681,first,1,4103,0,0,second,2,4121,0,0,zero,0,4083,-3,-3
1587087478182591104,first,1,4103,0,0,second,2,4120,0,-2,zero,0,4061,-11,-2
1587087478310565564,first,1,4103,0,0,second,2,4121,0,-3,zero,0,4041,-8,-3
1587087478374558480,first,1,4103,0,0,second,2,4120,0,-3,zero,0,4027,-12,-2
1587087478503837525,first,1,4102,0,-2,second,2,4111,-6,-5,zero,0,3985,-20,-3
1587087478567207740,first,1,4093,-4,-5,second,2,4097,-12,-5,zero,0,3959,-24,-5
1587087478694729845,first,1,4057,-17,-4,second,2,4058,-18,-4,zero,0,3900,-28,-2
1587087478759596140,first,1,4033,-21,-6,second,2,4032,-24,-6,zero,0,3870,-28,-3
1587087478887352232,first,1,3972,-29,-4,second,2,3970,-30,-6,zero,0,3808,-29,-4
1587087479015374925,first,1,3897,-36,-6,second,2,3899,-34,-4,zero,0,3734,-36,-6
1587087479079481295,first,1,3857,-38,-4,second,2,3861,-35,-6,zero,0,3695,-38,-3
1587087479207482935,first,1,3775,-38,-5,second,2,3786,-36,-8,zero,0,3612,-39,-5
1587087479271386491,first,1,3736,-38,-6,second,2,3745,-38,-5,zero,0,3568,-42,-5
1587087479399477291,first,1,3655,-38,-5,second,2,3658,-42,-7,zero,0,3475,-45,-7
1587087479463403774,first,1,3614,-38,-7,second,2,3611,-45,-6,zero,0,3422,-48,-5
1587087479591358818,first,1,3529,-40,-7,second,2,3514,-47,-7,zero,0,3326,-46,-5
1587087479655485406,first,1,3485,-42,-7,second,2,3463,-48,-4,zero,0,3279,-46,-5
1587087479783465899,first,1,3390,-47,-8,second,2,3365,-48,-6,zero,0,3175,-52,-6
1587087479911348005,first,1,3288,-49,-9,second,2,3268,-47,-6,zero,0,3064,-55,-6
1587087479975400486,first,1,3236,-50,-7,second,2,3219,-47,-5,zero,0,3013,-52,-4
1587087480103364646,first,1,3131,-51,-7,second,2,3120,-49,-8,zero,0,2914,-49,-8
1587087480167313855,first,1,3078,-51,-9,second,2,3067,-50,-7,zero,0,2860,-52,-4
1587087480295609832,first,1,2973,-51,-9,second,2,2960,-52,-7,zero,0,2761,-47,-3
1587087480359353041,first,1,2920,-51,-9,second,2,2905,-52,-6,zero,0,2716,-44,-5
1587087480487269423,first,1,2815,-51,-7,second,2,2798,-52,-6,zero,0,2623,-46,-6
1587087480615403573,first,1,2714,-48,-7,second,2,2696,-49,-6,zero,0,2524,-47,-2
1587087480679373258,first,1,2666,-48,-7,second,2,2649,-48,-5,zero,0,2482,-41,-2
1587087480807365208,first,1,2571,-47,-8,second,2,2553,-46,-5,zero,0,2405,-37,-7
1587087480871407089,first,1,2524,-45,-7,second,2,2508,-44,-4,zero,0,2364,-39,-5
1587087480999569010,first,1,2436,-43,-6,second,2,2426,-39,-5,zero,0,2279,-41,-4
1587087481063369413,first,1,2394,-41,-6,second,2,2387,-38,-3,zero,0,2240,-38,-1
1587087481191368910,first,1,2313,-40,-4,second,2,2314,-35,-6,zero,0,2176,-31,-6
1587087481255249777,first,1,2274,-39,-5,second,2,2278,-35,-4,zero,0,2142,-32,-3
1587087481383478660,first,1,2197,-37,-3,second,2,2208,-33,-5,zero,0,2069,-35,-3
1587087481511276912,first,1,2127,-34,-4,second,2,2138,-34,-5,zero,0,2014,-21,11
1587087481575316060,first,1,2093,-33,-3,second,2,2102,-34,-3,zero,0,2016,1,-4
1587087481703267527,first,1,2033,-28,-1,second,2,2037,-29,-2,zero,0,1962,-39,-15
1587087481767183073,first,1,2011,-23,-1,second,2,2011,-26,-2,zero,0,1900,-59,-8
1587087481895283836,first,1,1973,-18,-5,second,2,1957,-25,-3,zero,0,1846,-6,0
1587087481959339691,first,1,1950,-20,-4,second,2,1928,-27,-2,zero,0,1837,-6,-15
1587087482087279020,first,1,1900,-23,-8,second,2,1877,-24,-3,zero,0,1718,-72,-11
1587087482215230848,first,1,1830,-34,-8,second,2,1821,-28,-5,zero,0,1647,-9,0
1587087482279203975,first,1,1787,-41,-7,second,2,1788,-32,-5,zero,0,1638,-6,-18
1587087482407142943,first,1,1705,-39,-4,second,2,1716,-35,-6,zero,0,1507,-81,-16
1587087482471217720,first,1,1666,-38,-7,second,2,1678,-36,-7,zero,0,1428,-78,10
1587087482599265061,first,1,1577,-43,-9,second,2,1582,-50,-8,zero,0,1410,-2,-18
1587087482663209765,first,1,1531,-44,-5,second,2,1526,-54,-7,zero,0,1364,-42,-29
1587087482791222051,first,1,1446,-42,-9,second,2,1415,-54,-5,zero,0,1169,-102,-2
1587087482855183309,first,1,1398,-44,-10,second,2,1359,-54,-9,zero,0,1106,-65,14
1587087482983194419,first,1,1280,-59,-10,second,2,1243,-58,-4,zero,0,1096,0,-16
1587087483111164856,first,1,1157,-60,-8,second,2,1136,-51,-3,zero,0,967,-83,-21
1587087483175146412,first,1,1103,-55,-8,second,2,1090,-46,-6,zero,0,864,-102,-3
1587087483303508015,first,1,994,-53,-10,second,2,995,-48,-8,zero,0,778,-13,7
1587087483367160828,first,1,939,-54,-7,second,2,937,-54,-9,zero,0,779,1,-14
1587087483495122826,first,1,838,-48,-5,second,2,823,-56,-5,zero,0,666,-76,-21
1587087483559107604,first,1,795,-43,-6,second,2,770,-51,-4,zero,0,569,-95,-2
1587087483687069724,first,1,700,-46,-12,second,2,670,-49,-6,zero,0,491,-10,7
1587087483815016690,first,1,593,-52,-6,second,2,572,-46,-1,zero,0,470,-23,-26
1587087483878390326,first,1,544,-49,-4,second,2,532,-40,-3,zero,0,403,-65,-18
1587087484007053994,first,1,457,-41,-7,second,2,464,-32,-5,zero,0,260,-58,8
1587087484071126925,first,1,414,-41,-5,second,2,426,-35,-7,zero,0,255,-5,8
1587087484198538358,first,1,333,-39,-3,second,2,340,-41,-5,zero,0,244,-16,-18
1587087484263215897,first,1,298,-35,-3,second,2,299,-40,-4,zero,0,192,-49,-12
1587087484391206331,first,1,233,-31,-3,second,2,228,-33,-4,zero,0,141,-4,2
1587087484455235338,first,1,201,-31,-4,second,2,197,-31,-3,zero,0,142,1,-12
1587087484583409930,first,1,150,-24,-2,second,2,146,-24,-1,zero,0,77,-40,-8
1587087484710981396,first,1,112,-18,-1,second,2,113,-14,-2,zero,0,44,0,3
1587087484774985118,first,1,95,-17,-2,second,2,99,-13,-2,zero,0,51,7,-4
1587087484903020511,first,1,72,-10,-1,second,2,75,-10,-2,zero,0,18,-21,-5
1587087484966988878,first,1,61,-9,-1,second,2,64,-10,-1,zero,0,1,-17,3
1587087485094968562,first,1,37,-10,-1,second,2,42,-10,-1,zero,0,17,10,-2
1587087485159014777,first,1,32,-7,0,second,2,33,-9,-1,zero,0,11,-3,-5
1587087485287016545,first,1,32,0,-1,second,2,29,0,0,zero,0,4,0,0
1587087485415152572,first,1,31,0,-1,second,2,29,0,0,zero,0,6,0,0
1587087485478967340,first,1,32,0,-1,second,2,29,0,0,zero,0,5,0,0
1587087485607069883,first,1,32,0,0,second,2,29,0,0,zero,0,4,0,0
1587087485671243374,first,1,32,0,0,second,2,29,0,0,zero,0,3,0,0
1587087485798996077,first,1,32,0,0,second,2,29,0,0,zero,0,8,1,2
1587087485863039124,first,1,31,0,0,second,2,29,0,0,zero,0,21,10,1
1587087485990310682,first,1,32,0,0,second,2,29,0,0,zero,0,32,0,0
1587087486055103905,first,1,32,0,0,second,2,29,0,0,zero,0,36,1,5
1587087486183046101,first,1,32,0,0,second,2,30,0,0,zero,0,82,26,3
1587087486311030342,first,1,38,2,4,second,2,49,12,2,zero,0,109,2,0
1587087486375047540,first,1,56,13,2,second,2,73,21,1,zero,0,116,4,10
1587087486502980408,first,1,123,34,1,second,2,121,21,1,zero,0,196,49,6
1587087486566992552,first,1,167,40,3,second,2,147,24,2,zero,0,242,46,-21
1587087486694929925,first,1,251,43,9,second,2,230,44,3,zero,0,257,2,11
1587087486759024973,first,1,262,16,1,second,2,283,49,1,zero,0,292,31,18
1587087486886854673,first,1,283,11,5,second,2,334,10,0,zero,0,420,63,16
1587087487014891227,first,1,371,45,4,second,2,340,3,4,zero,0,444,5,11
1587087487079263723,first,1,429,55,1,second,2,359,17,5,zero,0,484,37,22
1587087487206937656,first,1,486,19,0,second,2,450,51,10,zero,0,647,82,8
1587087487270866380,first,1,491,3,4,second,2,522,69,8,zero,0,673,26,-8
1587087487398952610,first,1,560,37,8,second,2,683,75,16,zero,0,719,34,23
1587087487462843082,first,1,627,59,10,second,2,711,29,0,zero,0,803,81,17
1587087487590945859,first,1,813,94,5,second,2,723,2,6,zero,0,988,81,4
1587087487654919439,first,1,917,102,1,second,2,753,27,13,zero,0,1008,20,-13
1587087487782908401,first,1,1039,48,1,second,2,911,92,16,zero,0,1032,23,24
1587087487910749080,first,1,1042,0,0,second,2,1154,123,3,zero,0,1205,100,7
1587087487974972498,first,1,1052,3,10,second,2,1259,108,-30,zero,0,1289,84,-3
1587087488102893489,first,1,1165,64,15,second,2,1318,11,-6,zero,0,1310,0,7
1587087488167421771,first,1,1269,95,10,second,2,1309,-6,-5,zero,0,1336,23,21
1587087488294784212,first,1,1477,104,7,second,2,1307,3,7,zero,0,1500,92,5
1587087488358892390,first,1,1516,54,1,second,2,1341,30,14,zero,0,1578,78,-39
1587087488486854836,first,1,1522,0,-1,second,2,1505,96,11,zero,0,1593,-2,4
1587087488614836355,first,1,1537,8,6,second,2,1720,101,-40,zero,0,1670,55,16
1587087488679011324,first,1,1575,29,10,second,2,1764,46,-1,zero,0,1754,81,5
1587087488806779210,first,1,1732,83,11,second,2,1767,-4,-2,zero,0,1835,14,-11
1587087488870784162,first,1,1839,102,4,second,2,1762,-5,0,zero,0,1832,-2,6
1587087488999116275,first,1,1975,54,0,second,2,1794,23,7,zero,0,1905,51,15
1587087489062740474,first,1,1978,12,-8,second,2,1843,47,11,zero,0,1978,70,3
1587087489190900180,first,1,1951,-13,0,second,2,2003,87,5,zero,0,2041,9,-10
1587087489254738218,first,1,1956,0,4,second,2,2085,82,-31,zero,0,2037,-4,8
1587087489382838019,first,1,2021,35,7,second,2,2120,3,-8,zero,0,2077,23,9
1587087489510883597,first,1,2148,63,1,second,2,2098,-9,0,zero,0,2177,54,4
1587087489574703095,first,1,2203,61,-8,second,2,2103,2,4,zero,0,2219,44,6
1587087489702883497,first,1,2221,4,-3,second,2,2172,42,6,zero,0,2235,5,13
1587087489766793751,first,1,2215,-3,-1,second,2,2232,56,2,zero,0,2274,35,19
1587087489894812690,first,1,2230,9,6,second,2,2346,50,14,zero,0,2410,66,8
1587087489958645458,first,1,2268,30,11,second,2,2364,17,1,zero,0,2427,17,-3
1587087490086751991,first,1,2409,72,4,second,2,2366,0,0,zero,0,2469,33,23
1587087490214776079,first,1,2501,33,2,second,2,2398,23,11,zero,0,2635,89,1
1587087490278861357,first,1,2505,8,0,second,2,2452,51,12,zero,0,2701,66,-24
1587087490406738706,first,1,2537,17,7,second,2,2631,95,6,zero,0,2714,0,10
1587087490470765637,first,1,2582,38,8,second,2,2720,88,-33,zero,0,2747,30,25
1587087490598772093,first,1,2738,80,11,second,2,2766,9,0,zero,0,2927,100,3
1587087490662793627,first,1,2841,97,7,second,2,2770,2,5,zero,0,3007,81,-38
1587087490790738828,first,1,3041,99,8,second,2,2852,53,15,zero,0,3026,0,9
1587087490854690727,first,1,3079,52,-7,second,2,2940,84,13,zero,0,3055,27,24
1587087490982822349,first,1,3081,-2,0,second,2,3169,117,3,zero,0,3239,105,5
1587087491110781056,first,1,3122,23,14,second,2,3320,47,-7,zero,0,3345,21,-12
1587087491174687254,first,1,3191,58,15,second,2,3332,12,-5,zero,0,3341,-3,4
1587087491302581555,first,1,3395,105,3,second,2,3322,-5,0,zero,0,3432,65,19
1587087491366706758,first,1,3488,101,16,second,2,3327,3,7,zero,0,3531,94,2
1587087491494578914,first,1,3537,15,-2,second,2,3427,65,14,zero,0,3628,19,-10
1587087491558617415,first,1,3536,0,0,second,2,3525,95,9,zero,0,3624,-1,5
1587087491686612891,first,1,3557,12,6,second,2,3739,100,14,zero,0,3699,54,17
1587087491815446938,first,1,3667,59,11,second,2,3794,11,-6,zero,0,3846,64,0
1587087491878611592,first,1,3760,85,12,second,2,3789,-3,-2,zero,0,3859,13,-10
1587087492006596589,first,1,3964,102,-11,second,2,3790,4,5,zero,0,3864,10,15
1587087492070649585,first,1,4002,53,-3,second,2,3818,25,9,zero,0,3907,40,10
1587087492198440435,first,1,3986,-12,-7,second,2,3941,70,8,zero,0,3999,37,-8
1587087492262568591,first,1,3963,-21,-1,second,2,4027,84,4,zero,0,4002,3,-7
1587087492390611331,first,1,3968,6,7,second,2,4130,28,-3,zero,0,4009,10,10
1587087492454627421,first,1,4002,27,7,second,2,4127,0,-10,zero,0,4043,31,6
1587087492582659881,first,1,4121,60,2,second,2,4078,-26,-2,zero,0,4078,2,-7
1587087492710643790,first,1,4192,25,-8,second,2,4068,3,2,zero,0,4075,1,4
1587087492774641121,first,1,4184,0,-8,second,2,4089,18,5,zero,0,4091,13,2
1587087492902503732,first,1,4135,-24,-3,second,2,4157,33,3,zero,0,4102,-1,-4
1587087492966632697,first,1,4119,-20,0,second,2,4165,8,-2,zero,0,4094,-8,0
1587087493094676704,first,1,4119,0,0,second,2,4153,-7,-2,zero,0,4102,5,0
1587087493158494187,first,1,4119,0,0,second,2,4139,-11,-3,zero,0,4099,0,-3
1587087493286500759,first,1,4119,0,0,second,2,4115,-11,-1,zero,0,4095,0,0
1587087493414615178,first,1,4119,0,0,second,2,4110,0,0,zero,0,4095,0,0
1587087493478474791,first,1,4119,0,0,second,2,4110,0,0,zero,0,4095,0,0
1587087493606600559,first,1,4119,0,0,second,2,4110,0,0,zero,0,4087,-5,-4
1587087493670528822,first,1,4119,0,0,second,2,4110,0,0,zero,0,4076,-9,-1
1587087493798588863,first,1,4113,-2,-1,second,2,4110,0,-1,zero,0,4071,0,-8
1587087493862592157,first,1,4103,-6,-1,second,2,4110,0,-1,zero,0,4057,-11,-5
1587087493990615744,first,1,4085,-7,-1,second,2,4110,0,-3,zero,0,4020,-17,-1
1587087494054477857,first,1,4076,-7,-1,second,2,4109,0,-2,zero,0,4005,-15,-2
1587087494182496357,first,1,4057,-7,-1,second,2,4086,-12,-5,zero,0,3966,-19,-7
1587087494310509538,first,1,4034,-10,-4,second,2,4048,-18,-6,zero,0,3902,-32,-6
1587087494374545397,first,1,4018,-13,-3,second,2,4021,-24,-5,zero,0,3869,-32,-2
1587087494502561218,first,1,3976,-20,-6,second,2,3959,-30,-3,zero,0,3809,-29,-5
1587087494566489767,first,1,3949,-24,-7,second,2,3926,-31,-4,zero,0,3773,-33,-6
1587087494694486731,first,1,3878,-34,-7,second,2,3861,-31,-5,zero,0,3692,-39,-3
1587087494758302977,first,1,3836,-40,-8,second,2,3828,-31,-5,zero,0,3653,-38,-4
1587087494886697618,first,1,3747,-42,-5,second,2,3758,-34,-6,zero,0,3572,-40,-6
1587087495014351619,first,1,3665,-41,-4,second,2,3675,-40,-7,zero,0,3471,-49,-9
1587087495078349151,first,1,3624,-40,-6,second,2,3628,-45,-7,zero,0,3417,-51,-3
1587087495206445012,first,1,3537,-42,-9,second,2,3523,-52,-7,zero,0,3326,-43,-8
1587087495270821224,first,1,3490,-44,-9,second,2,3467,-54,-7,zero,0,3280,-43,-7
1587087495398361066,first,1,3391,-48,-9,second,2,3354,-54,-4,zero,0,3172,-54,-5
1587087495462482946,first,1,3339,-50,-9,second,2,3303,-51,-3,zero,0,3114,-57,-4
1587087495590385101,first,1,3229,-54,-9,second,2,3204,-48,-6,zero,0,3011,-50,-2
1587087495654393657,first,1,3173,-55,-7,second,2,3156,-47,-7,zero,0,2964,-47,-5
1587087495782316198,first,1,3061,-55,-7,second,2,3058,-48,-6,zero,0,2862,-50,-5
1587087495910456913,first,1,2956,-52,-8,second,2,2953,-50,-5,zero,0,2761,-49,-3
1587087495974382832,first,1,2905,-50,-7,second,2,2899,-51,-6,zero,0,2716,-45,-6
1587087496102391418,first,1,2811,-46,-7,second,2,2788,-53,-6,zero,0,2622,-46,-9
1587087496166312459,first,1,2766,-44,-8,second,2,2735,-52,-4,zero,0,2571,-49,-7
1587087496294517119,first,1,2671,-46,-8,second,2,2639,-46,-6,zero,0,2481,-41,-2
1587087496358472851,first,1,2621,-47,-8,second,2,2594,-44,-4,zero,0,2443,-36,-4
1587087496486341016,first,1,2524,-47,-7,second,2,2513,-38,-4,zero,0,2365,-38,-7
1587087496614314287,first,1,2435,-43,-5,second,2,2438,-36,-7,zero,0,2278,-42,-3
1587087496678280882,first,1,2394,-41,-5,second,2,2399,-36,-6,zero,0,2238,-39,-1
1587087496806230651,first,1,2312,-40,-5,second,2,2319,-38,-4,zero,0,2176,-30,-5
1587087496870258967,first,1,2273,-39,-3,second,2,2277,-39,-5,zero,0,2141,-32,-3
1587087496998364559,first,1,2195,-37,-5,second,2,2196,-38,-6,zero,0,2067,-36,-4
1587087497062339165,first,1,2158,-37,-4,second,2,2157,-38,-6,zero,0,2032,-34,-2
1587087497190386602,first,1,2082,-37,-5,second,2,2085,-33,-2,zero,0,2016,1,-3
1587087497254495612,first,1,2047,-35,-2,second,2,2055,-30,-2,zero,0,2002,-11,-15
1587087497382459218,first,1,1998,-22,-1,second,2,2004,-24,-1,zero,0,1901,-57,-7
1587087497510338836,first,1,1967,-14,-3,second,2,1953,-25,-3,zero,0,1850,-5,0
1587087497574295082,first,1,1948,-17,-3,second,2,1924,-26,-3,zero,0,1838,-9,-17
1587087497702260745,first,1,1902,-21,-6,second,2,1873,-24,-2,zero,0,1716,-73,-12
1587087497766513055,first,1,1872,-25,-6,second,2,1846,-25,-5,zero,0,1654,-62,-11
1587087497894315652,first,1,1792,-40,-7,second,2,1783,-31,-5,zero,0,1636,-6,-17
1587087497958310975,first,1,1748,-42,-6,second,2,1751,-31,-5,zero,0,1591,-43,-24
1587087498086195949,first,1,1665,-40,-7,second,2,1682,-34,-8,zero,0,1429,-78,24
1587087498214329033,first,1,1579,-42,-7,second,2,1589,-48,-10,zero,0,1408,-3,-20
1587087498278234503,first,1,1535,-42,-6,second,2,1535,-53,-5,zero,0,1363,-41,-30
1587087498406168190,first,1,1451,-41,-9,second,2,1425,-54,-7,zero,0,1186,-87,-7
1587087498470240804,first,1,1403,-44,-10,second,2,1369,-54,-7,zero,0,1169,-18,4
1587087498598221157,first,1,1296,-52,-9,second,2,1256,-56,-5,zero,0,1116,-44,-29
1587087498662289964,first,1,1241,-53,-8,second,2,1205,-51,-3,zero,0,1019,-94,-22
1587087498790078183,first,1,1130,-54,-12,second,2,1112,-46,-6,zero,0,841,-72,2
1587087498854135844,first,1,1070,-59,-10,second,2,1060,-50,-8,zero,0,831,-10,6
1587087498982317904,first,1,944,-62,-7,second,2,940,-59,-5,zero,0,798,-31,-24
1587087499110474639,first,1,838,-51,-6,second,2,825,-55,-4,zero,0,617,-98,-4
1587087499174204301,first,1,789,-48,-10,second,2,771,-54,-7,zero,0,547,-73,30
1587087499302237716,first,1,685,-50,-7,second,2,657,-55,-6,zero,0,539,4,-8
1587087499366153544,first,1,634,-51,-6,second,2,602,-54,-3,zero,0,511,-25,-24
1587087499494176288,first,1,544,-43,-6,second,2,516,-38,-2,zero,0,358,-83,-5
1587087499558012860,first,1,499,-42,-9,second,2,482,-34,-6,zero,0,298,-61,27
1587087499686091343,first,1,407,-44,-6,second,2,411,-34,-8,zero,0,297,6,-7
1587087499814464307,first,1,328,-38,-3,second,2,341,-33,-4,zero,0,221,-50,-12
1587087499878122259,first,1,293,-34,-1,second,2,309,-31,-6,zero,0,161,-59,-1
1587087500006225720,first,1,229,-31,-4,second,2,241,-32,-4,zero,0,128,0,3
1587087500070188867,first,1,199,-30,-2,second,2,205,-33,-4,zero,0,135,7,-7
1587087500198165285,first,1,148,-23,-1,second,2,142,-29,-2,zero,0,75,-38,-8
1587087500262312527,first,1,128,-19,-3,second,2,116,-25,-2,zero,0,45,-31,6
1587087500390202901,first,1,93,-17,-2,second,2,72,-20,-1,zero,0,50,4,-5
1587087500454159391,first,1,77,-16,-1,second,2,65,-7,0,zero,0,39,-8,-8
1587087500582332118,first,1,50,-13,-1,second,2,64,0,-1,zero,0,2,-14,1
1587087500710093941,first,1,35,-6,0,second,2,65,0,-3,zero,0,15,8,-1
1587087500774160066,first,1,35,0,0,second,2,65,0,-3,zero,0,9,-3,-3
1587087500902128991,first,1,35,0,0,second,2,64,0,-3,zero,0,3,0,0
1587087500966101975,first,1,35,0,0,second,2,65,0,-3,zero,0,4,0,0
1587087501094103661,first,1,35,0,0,second,2,65,0,-3,zero,0,6,0,0
1587087501158086754,first,1,35,0,0,second,2,64,0,-3,zero,0,4,0,0
1587087501286148694,first,1,35,0,0,second,2,65,0,-3,zero,0,4,0,0
1587087501414054181,first,1,35,0,0,second,2,65,0,-3,zero,0,19,9,1
1587087501478029436,first,1,35,0,0,second,2,64,0,-3,zero,0,34,13,1
1587087501605973116,first,1,38,0,0,second,2,65,0,-1,zero,0,46,0,3
1587087501670066203,first,1,40,0,0,second,2,64,0,0,zero,0,59,10,10
1587087501798082553,first,1,46,1,1,second,2,64,0,0,zero,0,134,41,3
1587087501862018438,first,1,62,10,4,second,2,68,1,1,zero,0,168,34,5
1587087501989994092,first,1,127,33,2,second,2,115,27,3,zero,0,189,10,12
1587087502054008212,first,1,171,40,3,second,2,156,38,2,zero,0,231,39,18
1587087502182028695,first,1,260,43,3,second,2,268,57,5,zero,0,368,65,7
1587087502310003812,first,1,369,54,3,second,2,398,61,11,zero,0,394,7,17
1587087502374055638,first,1,429,57,1,second,2,420,22,2,zero,0,443,46,26
1587087502501937828,first,1,490,20,0,second,2,441,10,5,zero,0,636,97,6
1587087502566466710,first,1,494,3,3,second,2,475,31,9,zero,0,672,36,0
1587087502694120734,first,1,544,27,7,second,2,605,71,5,zero,0,731,43,29
1587087502758043395,first,1,596,44,9,second,2,687,79,1,zero,0,829,95,24
1587087502885940009,first,1,757,83,14,second,2,859,84,3,zero,0,1052,100,-32
1587087503013940847,first,1,1002,126,8,second,2,1040,89,2,zero,0,1083,0,9
1587087503077822485,first,1,1135,132,3,second,2,1119,80,-7,zero,0,1116,30,27
1587087503206025110,first,1,1297,65,3,second,2,1165,15,6,zero,0,1330,122,8
1587087503269925085,first,1,1312,22,0,second,2,1204,36,8,zero,0,1435,104,-6
1587087503397955594,first,1,1316,0,2,second,2,1363,90,9,zero,0,1465,0,5
1587087503462139230,first,1,1337,14,7,second,2,1466,102,1,zero,0,1485,17,23
1587087503590072217,first,1,1450,60,12,second,2,1591,37,0,zero,0,1652,98,7
1587087503653869026,first,1,1544,86,16,second,2,1600,9,-3,zero,0,1740,88,4
1587087503781918426,first,1,1779,119,3,second,2,1627,20,6,zero,0,1760,-1,2
1587087503909771438,first,1,1924,58,-4,second,2,1745,70,11,zero,0,1830,50,16
1587087503973832234,first,1,1927,12,-9,second,2,1842,95,11,zero,0,1907,74,2
1587087504101845419,first,1,1900,-14,3,second,2,2056,103,11,zero,0,1974,8,-14
1587087504165853034,first,1,1912,4,9,second,2,2105,48,0,zero,0,1961,-11,0
1587087504294138487,first,1,2008,51,7,second,2,2095,-15,-10,zero,0,1998,26,5
1587087504357854164,first,1,2080,66,3,second,2,2061,-32,-7,zero,0,2024,28,-5
1587087504485853785,first,1,2161,30,-7,second,2,2039,1,4,zero,0,2024,-2,1
1587087504614048182,first,1,2133,-17,-5,second,2,2090,29,2,zero,0,2050,15,1
1587087504677847390,first,1,2102,-27,-3,second,2,2120,29,6,zero,0,2061,10,-2
1587087504805947611,first,1,2079,-3,0,second,2,2125,0,-5,zero,0,2044,-9,0
1587087504869533330,first,1,2079,0,0,second,2,2116,-6,-6,zero,0,2048,1,2
1587087504997405477,first,1,2079,0,0,second,2,2085,-13,-2,zero,0,2050,0,-1
1587087505061397653,first,1,2079,0,0,second,2,2073,-12,-1,zero,0,2048,-2,0
1587087505189524300,first,1,2079,0,0,second,2,2069,0,0,zero,0,2048,0,0
1587087505253597641,first,1,2079,0,0,second,2,2069,0,0,zero,0,2048,0,0
1587087505381372341,first,1,2079,0,0,second,2,2069,0,0,zero,0,2049,0,0
1587087505509490779,first,1,2079,0,0,second,2,2069,0,0,zero,0,2048,0,0
1587087505573367660,first,1,2079,0,-1,second,2,2069,0,0,zero,0,2048,0,0
1587087505701302917,first,1,2079,0,-1,second,2,2069,0,0,zero,0,2048,0,0
1587087505765339484,first,1,2079,0,0,second,2,2069,0,0,zero,0,2048,0,0
1587087505893423509,first,1,2079,0,-1,second,2,2069,0,0,zero,0,2048,0,0
1587087505957428330,first,1,2079,0,0,second,2,2069,0,0,zero,0,2048,0,0
1587087506085447439,first,1,2079,0,0,second,2,2069,0,0,zero,0,2048,0,0
1587087506213490498,first,1,2079,0,0,second,2,2069,0,0,zero,0,2048,0,0
1587087506277424212,first,1,2079,0,0,second,2,2069,0,0,zero,0,2048,0,0
1587087506405284065,first,1,2079,0,0,second,2,2069,0,0,zero,0,2048,0,0
1587087506469320290,first,1,2079,0,0,second,2,2069,0,0,zero,0,2048,0,0
1587087506597271277,first,1,2079,0,-1,second,2,2069,0,0,zero,0,2048,0,0
1587087506661494875,first,1,2079,0,0,second,2,2069,0,0,zero,0,2049,0,0
1587087506789628596,first,1,2079,0,0,second,2,2069,0,0,zero,0,2048,0,0
1587087506852951698,first,1,2079,0,-1,second,2,2069,0,0,zero,0,2048,0,0
1587087506981384004,first,1,2079,0,-1,second,2,2069,0,0,zero,0,2048,0,0
1587087507109339587,first,1,2079,0,0,second,2,2070,0,0,zero,0,2048,0,0
1587087507172778602,first,1,2079,0,0,second,2,2070,0,0,zero,0,2049,0,0
1587087507300858462,first,1,2079,0,0,second,2,2069,0,0,zero,0,2048,0,0
1587087507365333719,first,1,2079,0,-1,second,2,2069,0,0,zero,0,2048,0,0
1587087507493330051,first,1,2079,0,0,second,2,2069,0,0,zero,0,2048,0,0
1587087507557299748,first,1,2079,0,0,second,2,2069,0,0,zero,0,2048,0,0
1587087507685478816,first,1,2079,0,-1,second,2,2069,0,0,zero,0,2048,0,0
1587087507813305861,first,1,2079,0,0,second,2,2069,0,0,zero,0,2048,0,0
1587087507877275425,first,1,2079,0,0,second,2,2069,0,0,zero,0,2048,0,0
1587087508005434811,first,1,2079,0,-1,second,2,2069,0,0,zero,0,2048,0,0
1587087508069396796,first,1,2079,0,0,second,2,2069,0,0,zero,0,2048,0,0
1587087508197462846,first,1,2079,0,0,second,2,2069,0,0,zero,0,2048,0,0
1587087508261425485,first,1,2079,0,0,second,2,2069,0,0,zero,0,2049,0,0
1587087508389418517,first,1,2079,0,-1,second,2,2069,0,0,zero,0,2048,0,0
1587087508453502716,first,1,2079,0,-1,second,2,2070,0,0,zero,0,2049,0,0
