1586678980525759071,first,1,2120,0,0,second,2,2122,0,0,zero,0,2117,0,0
1586678980589629393,first,1,2120,0,0,second,2,2122,0,1,zero,0,2117,0,0
1586678980717600718,first,1,2120,0,0,second,2,2122,0,0,zero,0,2117,0,0
1586678980845429211,first,1,2120,0,0,second,2,2122,0,-1,zero,0,2117,0,0
1586678980909540346,first,1,2119,0,0,second,2,2122,0,0,zero,0,2117,0,0
1586678981037994699,first,1,2120,0,0,second,2,2122,0,-1,zero,0,2117,0,0
1586678981102083321,first,1,2120,0,0,second,2,2122,0,0,zero,0,2117,0,0
1586678981229381995,first,1,2120,0,0,second,2,2122,0,-1,zero,0,2117,0,0
1586678981293822122,first,1,2120,0,0,second,2,2122,0,1,zero,0,2117,0,0
1586678981421609847,first,1,2120,0,0,second,2,2122,0,-1,zero,0,2117,0,0
1586678981548913443,first,1,2119,0,0,second,2,2122,0,-1,zero,0,2117,0,0
1586678981613422902,first,1,2120,0,0,second,2,2122,0,-1,zero,0,2117,0,0
1586678981741517398,first,1,2120,0,0,second,2,2122,0,0,zero,0,2117,0,0
1586678981805615430,first,1,2120,0,0,second,2,2122,0,0,zero,0,2117,0,0
1586678981933495385,first,1,2120,0,0,second,2,2122,0,-1,zero,0,2117,0,0
1586678981997360770,first,1,2120,0,0,second,2,2122,0,-1,zero,0,2117,0,0
1586678982125467383,first,1,2120,0,0,second,2,2122,0,-2,zero,0,2117,0,0
1586678982189330799,first,1,2120,0,0,second,2,2122,0,-1,zero,0,2117,0,0
1586678982317668755,first,1,2120,0,0,second,2,2122,0,-2,zero,0,2117,0,0
1586678982445428949,first,1,2119,0,0,second,2,2122,0,-1,zero,0,2117,0,0
1586678982509343979,first,1,2120,0,0,second,2,2122,0,-1,zero,0,2117,0,0
1586678982637437111,first,1,2120,0,0,second,2,2122,0,-1,zero,0,2117,0,0
1586678982701458800,first,1,2120,0,0,second,2,2122,0,-1,zero,0,2117,0,0
1586678982829639925,first,1,2120,0,0,second,2,2122,0,-2,zero,0,2117,0,0
1586678982893389735,first,1,2120,0,0,second,2,2122,0,-1,zero,0,2117,0,0
1586678983021324108,first,1,2120,0,0,second,2,2122,0,-1,zero,0,2117,0,0
1586678983149429064,first,1,2120,0,0,second,2,2122,0,-1,zero,0,2117,0,0
1586678983214438237,first,1,2120,0,0,second,2,2122,0,-1,zero,0,2117,0,0
1586678983341434828,first,1,2120,0,0,second,2,2122,0,-1,zero,0,2117,0,0
1586678983405888502,first,1,2120,0,0,second,2,2122,0,-1,zero,0,2117,0,0
1586678983532732321,first,1,2120,0,0,second,2,2122,0,-2,zero,0,2117,0,0
1586678983596716806,first,1,2120,0,0,second,2,2122,0,-1,zero,0,2117,0,0
1586678983724752094,first,1,2120,0,0,second,2,2122,0,-2,zero,0,2117,0,0
1586678983788678844,first,1,2120,0,0,second,2,2122,0,-2,zero,0,2117,0,0
1586678983916648549,first,1,2120,0,0,second,2,2122,0,-1,zero,0,2117,0,0
1586678984044690458,first,1,2120,0,0,second,2,2122,0,-2,zero,0,2117,0,0
1586678984108658438,first,1,2120,0,0,second,2,2122,0,-1,zero,0,2117,0,0
1586678984236713846,first,1,2120,0,0,second,2,2122,0,-1,zero,0,2117,0,0
1586678984300628592,first,1,2119,0,0,second,2,2122,0,-1,zero,0,2117,0,0
1586678984428647883,first,1,2119,0,0,second,2,2122,0,-1,zero,0,2117,0,0
1586678984492681458,first,1,2120,0,0,second,2,2122,0,-1,zero,0,2117,0,0
1586678984621124422,first,1,2120,0,0,second,2,2122,0,-1,zero,0,2117,0,0
1586678984749313222,first,1,2120,0,0,second,2,2122,0,-2,zero,0,2117,0,0
1586678984813291741,first,1,2120,0,0,second,2,2122,0,-2,zero,0,2117,0,0
1586678984941163425,first,1,2120,0,0,second,2,2121,0,-1,zero,0,2117,0,0
1586678985005160851,first,1,2120,0,0,second,2,2122,0,-1,zero,0,2117,0,0
1586678985132610907,first,1,2120,0,0,second,2,2122,0,-1,zero,0,2117,0,0
1586678985196986373,first,1,2120,0,0,second,2,2122,0,-2,zero,0,2117,0,0
1586678985325228078,first,1,2119,0,0,second,2,2122,0,-2,zero,0,2117,0,0
1586678985389128408,first,1,2120,0,0,second,2,2122,0,-2,zero,0,2117,0,0
1586678985586943003,first,1,2120,0,0,second,2,2122,0,-1,zero,0,2117,0,0
1586678985644750956,first,1,2120,0,0,second,2,2122,0,-1,zero,0,2117,0,0
1586678985709762194,first,1,2119,0,0,second,2,2122,0,-2,zero,0,2121,1,5
1586678985836934081,first,1,2121,0,0,second,2,2122,0,-1,zero,0,2141,7,0
1586678985901517424,first,1,2122,0,0,second,2,2122,0,-1,zero,0,2141,0,0
1586678986029768572,first,1,2126,0,0,second,2,2122,0,0,zero,0,2141,0,0
1586678986093672501,first,1,2127,0,0,second,2,2122,0,0,zero,0,2141,0,0
1586678986221525751,first,1,2126,0,0,second,2,2122,0,0,zero,0,2141,0,0
1586678986349761475,first,1,2126,0,0,second,2,2122,0,1,zero,0,2141,0,0
1586678986413794214,first,1,2126,0,0,second,2,2122,0,0,zero,0,2141,0,0
1586678986541224265,first,1,2127,0,0,second,2,2122,0,0,zero,0,2141,0,0
1586678986605075601,first,1,2127,0,0,second,2,2122,0,0,zero,0,2141,0,0
1586678986733640015,first,1,2127,0,0,second,2,2122,0,0,zero,0,2141,0,0
1586678986797476422,first,1,2128,0,0,second,2,2122,0,0,zero,0,2141,0,-1
1586678986925462824,first,1,2128,0,0,second,2,2122,0,0,zero,0,2141,0,-1
1586678986989446610,first,1,2128,0,0,second,2,2122,0,0,zero,0,2141,0,-1
1586678987117507926,first,1,2128,0,0,second,2,2122,0,0,zero,0,2141,0,-1
1586678987245476316,first,1,2128,0,0,second,2,2122,0,0,zero,0,2141,0,-1
1586678987309337041,first,1,2128,0,0,second,2,2122,0,0,zero,0,2141,0,-1
1586678987437471900,first,1,2128,0,0,second,2,2122,0,0,zero,0,2141,0,-1
1586678987501444953,first,1,2128,0,0,second,2,2122,0,0,zero,0,2141,0,-1
1586678987629301276,first,1,2128,0,0,second,2,2122,0,0,zero,0,2140,0,-1
1586678987693440818,first,1,2128,0,0,second,2,2122,0,0,zero,0,2139,0,0
1586678987821152653,first,1,2128,0,0,second,2,2122,0,0,zero,0,2138,0,-1
1586678987949518316,first,1,2128,0,0,second,2,2122,0,0,zero,0,2135,0,-4
1586678988013380666,first,1,2128,0,0,second,2,2122,0,0,zero,0,2135,0,-1
1586678988141647087,first,1,2128,0,0,second,2,2122,0,0,zero,0,2132,0,-1
1586678988205431109,first,1,2128,0,0,second,2,2122,0,0,zero,0,2131,0,0
1586678988332632793,first,1,2128,0,0,second,2,2122,0,0,zero,0,2131,0,-1
1586678988396873788,first,1,2128,0,0,second,2,2122,0,0,zero,0,2131,0,-1
1586678988524601111,first,1,2128,0,0,second,2,2122,0,0,zero,0,2131,0,-1
1586678988588669559,first,1,2128,0,0,second,2,2122,0,0,zero,0,2131,0,-1
1586678988716810278,first,1,2128,0,0,second,2,2122,0,0,zero,0,2131,0,-1
1586678988844579742,first,1,2128,0,0,second,2,2122,0,0,zero,0,2129,0,0
1586678988908926918,first,1,2129,0,0,second,2,2122,0,0,zero,0,2128,0,0
1586678989036707385,first,1,2128,0,0,second,2,2122,0,0,zero,0,2128,0,-1
1586678989101083163,first,1,2128,0,0,second,2,2122,0,0,zero,0,2128,0,-1
1586678989229386585,first,1,2128,0,0,second,2,2122,0,0,zero,0,2128,0,-1
1586678989293484273,first,1,2128,0,0,second,2,2122,0,0,zero,0,2128,0,-1
1586678989421428552,first,1,2128,0,0,second,2,2122,0,0,zero,0,2128,0,0
1586678989549477398,first,1,2128,0,0,second,2,2122,0,0,zero,0,2128,0,0
1586678989613169240,first,1,2128,0,0,second,2,2122,0,0,zero,0,2128,0,0
1586678989740540602,first,1,2128,0,0,second,2,2122,0,0,zero,0,2127,0,-1
1586678989805470040,first,1,2128,0,0,second,2,2122,0,0,zero,0,2126,0,0
1586678989933540991,first,1,2128,0,0,second,2,2122,0,0,zero,0,2126,0,0
1586678989997453377,first,1,2128,0,0,second,2,2122,0,0,zero,0,2126,0,0
1586678990126041725,first,1,2128,0,0,second,2,2122,0,0,zero,0,2126,0,0
1586678990189443053,first,1,2128,0,0,second,2,2122,0,0,zero,0,2126,0,0
1586678990316577906,first,1,2128,0,0,second,2,2122,0,0,zero,0,2127,0,0
1586678990445183232,first,1,2128,0,0,second,2,2122,0,0,zero,0,2141,8,1
1586678990509539332,first,1,2128,0,0,second,2,2122,0,0,zero,0,2157,13,1
1586678990637105359,first,1,2133,1,1,second,2,2123,0,0,zero,0,2186,11,0
1586678990701068702,first,1,2147,9,2,second,2,2128,1,2,zero,0,2187,0,0
1586678990829443969,first,1,2182,17,2,second,2,2168,22,1,zero,0,2205,11,4
1586678990893793475,first,1,2184,3,0,second,2,2197,27,1,zero,0,2228,21,7
1586678991021166159,first,1,2206,11,4,second,2,2224,3,0,zero,0,2307,40,6
1586678991148917171,first,1,2281,38,5,second,2,2244,14,4,zero,0,2383,31,3
1586678991213035308,first,1,2331,47,4,second,2,2277,30,4,zero,0,2389,6,2
1586678991341370871,first,1,2423,44,7,second,2,2381,54,6,zero,0,2433,28,11
1586678991404970541,first,1,2433,16,0,second,2,2445,61,5,zero,0,2483,46,15
1586678991533012797,first,1,2457,13,7,second,2,2561,50,6,zero,0,2628,76,6
1586678991596933383,first,1,2499,33,11,second,2,2576,15,1,zero,0,2706,77,4
1586678991725009155,first,1,2651,79,10,second,2,2599,15,7,zero,0,2774,12,0
1586678991789006521,first,1,2745,90,3,second,2,2637,35,9,zero,0,2778,1,6
1586678991916959952,first,1,2849,39,0,second,2,2771,72,8,zero,0,2840,40,17
1586678992045016255,first,1,2857,0,4,second,2,2952,90,4,zero,0,2995,85,13
1586678992108920589,first,1,2880,14,10,second,2,3029,76,8,zero,0,3088,92,8
1586678992237002761,first,1,3010,70,15,second,2,3062,6,0,zero,0,3233,59,10
1586678992300873734,first,1,3117,98,11,second,2,3067,3,5,zero,0,3246,14,-4
1586678992428988561,first,1,3334,108,-39,second,2,3147,50,13,zero,0,3254,4,7
1586678992492932964,first,1,3376,56,-11,second,2,3224,75,13,zero,0,3283,25,13
1586678992621147418,first,1,3377,-2,-1,second,2,3423,101,5,zero,0,3413,74,12
1586678992748881814,first,1,3400,14,14,second,2,3547,35,4,zero,0,3591,87,1
1586678992812902228,first,1,3454,43,16,second,2,3557,9,-1,zero,0,3654,62,5
1586678992941015340,first,1,3638,96,7,second,2,3564,4,3,zero,0,3658,-6,-5
1586678993004900644,first,1,3742,104,1,second,2,3589,23,9,zero,0,3652,-6,3
1586678993132900679,first,1,3850,40,-6,second,2,3708,68,10,zero,0,3695,28,13
1586678993196953778,first,1,3847,4,-8,second,2,3792,83,8,zero,0,3748,49,9
1586678993324805802,first,1,3820,-12,3,second,2,3960,75,-2,zero,0,3882,67,4
1586678993388915905,first,1,3835,6,8,second,2,3987,27,-14,zero,0,3933,51,-3
1586678993516915625,first,1,3942,57,9,second,2,3982,-5,-4,zero,0,3937,-3,-1
1586678993644926500,first,1,4085,71,-1,second,2,3970,-2,1,zero,0,3941,2,4
1586678993708867848,first,1,4107,31,-10,second,2,3983,10,4,zero,0,3957,12,5
1586678993837071703,first,1,4085,-12,-4,second,2,4053,39,5,zero,0,4014,29,3
1586678993900972185,first,1,4066,-18,-1,second,2,4102,47,2,zero,0,4036,22,1
1586678994029015760,first,1,4071,5,2,second,2,4150,10,-4,zero,0,4038,0,0
1586678994093137055,first,1,4097,20,4,second,2,4146,-2,-4,zero,0,4039,0,0
1586678994220840379,first,1,4159,30,2,second,2,4121,-11,-2,zero,0,4042,0,0
1586678994349084864,first,1,4157,-2,-3,second,2,4116,0,0,zero,0,4045,0,0
1586678994412958817,first,1,4144,-10,-4,second,2,4116,0,0,zero,0,4045,0,-1
1586678994540932382,first,1,4113,-14,-2,second,2,4116,0,0,zero,0,4039,-3,-2
1586678994605322894,first,1,4099,-13,-1,second,2,4116,0,-1,zero,0,4024,-12,-5
1586678994733108414,first,1,4095,0,0,second,2,4114,0,-1,zero,0,3987,-17,-3
1586678994797094260,first,1,4094,0,-2,second,2,4106,-5,-3,zero,0,3968,-17,-2
1586678994924919668,first,1,4084,-4,-3,second,2,4078,-13,-4,zero,0,3936,-15,-2
1586678994988852725,first,1,4070,-11,-6,second,2,4063,-13,-4,zero,0,3919,-15,-4
1586678995116987809,first,1,4028,-18,-5,second,2,4032,-13,-5,zero,0,3876,-21,-8
1586678995245068350,first,1,3983,-21,-3,second,2,3994,-18,-7,zero,0,3815,-30,-7
1586678995309092690,first,1,3958,-22,-4,second,2,3969,-24,-7,zero,0,3780,-33,-5
1586678995437316546,first,1,3902,-27,-7,second,2,3902,-33,-8,zero,0,3705,-35,-4
1586678995500975808,first,1,3868,-31,-6,second,2,3864,-35,-9,zero,0,3670,-35,-6
1586678995629142954,first,1,3787,-38,-7,second,2,3784,-39,-6,zero,0,3596,-35,-5
1586678995692986062,first,1,3746,-39,-7,second,2,3742,-40,-8,zero,0,3559,-35,-6
1586678995820920088,first,1,3661,-41,-8,second,2,3653,-42,-7,zero,0,3471,-43,-7
1586678995948473651,first,1,3572,-43,-10,second,2,3562,-45,-9,zero,0,3372,-48,-7
1586678996012901564,first,1,3524,-45,-11,second,2,3512,-47,-9,zero,0,3324,-47,-7
1586678996141064547,first,1,3426,-47,-10,second,2,3407,-51,-9,zero,0,3236,-42,-3
1586678996204825207,first,1,3376,-48,-9,second,2,3353,-52,-9,zero,0,3193,-41,-6
1586678996332944402,first,1,3272,-51,-9,second,2,3247,-52,-7,zero,0,3107,-42,-10
1586678996396813391,first,1,3220,-51,-9,second,2,3196,-50,-5,zero,0,3061,-44,-8
1586678996524944619,first,1,3119,-50,-9,second,2,3102,-46,-7,zero,0,2971,-45,-3
1586678996588632172,first,1,3069,-49,-10,second,2,3056,-45,-8,zero,0,2927,-43,-8
1586678996716911232,first,1,2971,-49,-9,second,2,2964,-44,-8,zero,0,2846,-38,-4
1586678996844920912,first,1,2877,-46,-8,second,2,2868,-46,-6,zero,0,2780,-32,-4
1586678996908778623,first,1,2832,-45,-7,second,2,2822,-45,-7,zero,0,2749,-30,-5
1586678997036815934,first,1,2748,-41,-9,second,2,2736,-40,-4,zero,0,2684,-31,-5
1586678997101140516,first,1,2706,-40,-7,second,2,2698,-37,-5,zero,0,2650,-32,-5
1586678997229294431,first,1,2629,-38,-5,second,2,2634,-30,-4,zero,0,2588,-29,-5
1586678997293073380,first,1,2593,-36,-5,second,2,2604,-29,-5,zero,0,2558,-29,-2
1586678997420960138,first,1,2522,-33,-4,second,2,2543,-28,-6,zero,0,2509,-21,-1
1586678997548732396,first,1,2460,-29,-2,second,2,2481,-29,-4,zero,0,2488,-8,-1
1586678997612744205,first,1,2435,-25,-2,second,2,2453,-28,-5,zero,0,2473,-12,-5
1586678997740846038,first,1,2402,-15,-2,second,2,2398,-26,-3,zero,0,2429,-21,-4
1586678997805168516,first,1,2388,-13,-3,second,2,2374,-23,-1,zero,0,2401,-25,-4
1586678997932596525,first,1,2356,-15,-5,second,2,2340,-14,-2,zero,0,2344,-27,-1
1586678997996815609,first,1,2337,-17,-3,second,2,2328,-11,-3,zero,0,2331,-12,0
1586678998124693905,first,1,2295,-19,-2,second,2,2302,-11,-2,zero,0,2326,-2,-4
1586678998189057670,first,1,2276,-18,-2,second,2,2290,-11,-2,zero,0,2311,-12,-4
1586678998316764244,first,1,2246,-13,-1,second,2,2265,-11,-3,zero,0,2261,-25,-4
1586678998444787038,first,1,2220,-12,-2,second,2,2234,-14,-6,zero,0,2201,-29,-4
1586678998508571008,first,1,2205,-13,-4,second,2,2215,-16,-7,zero,0,2172,-28,-1
1586678998636651934,first,1,2167,-17,-6,second,2,2165,-24,-5,zero,0,2123,-22,-2
1586678998700646889,first,1,2145,-20,-5,second,2,2137,-26,-6,zero,0,2101,-21,-3
1586678998828756222,first,1,2095,-24,-6,second,2,2077,-28,-5,zero,0,2050,-26,-5
1586678998892858011,first,1,2065,-27,-7,second,2,2049,-27,-4,zero,0,2016,-31,-6
1586678999020655670,first,1,1996,-33,-6,second,2,1995,-26,-3,zero,0,1942,-36,-7
1586678999148678622,first,1,1921,-35,-5,second,2,1936,-28,-6,zero,0,1858,-41,-7
1586678999212786100,first,1,1882,-36,-6,second,2,1904,-31,-8,zero,0,1813,-43,-8
1586678999340745036,first,1,1805,-36,-6,second,2,1824,-40,-9,zero,0,1721,-44,-6
1586678999404688682,first,1,1767,-37,-6,second,2,1778,-44,-10,zero,0,1678,-43,-7
1586678999532728615,first,1,1687,-38,-9,second,2,1676,-51,-9,zero,0,1592,-42,-7
1586678999596839298,first,1,1644,-40,-9,second,2,1621,-53,-6,zero,0,1546,-43,-7
1586678999724627804,first,1,1554,-43,-9,second,2,1517,-51,-6,zero,0,1447,-48,-10
1586678999788619912,first,1,1505,-46,-11,second,2,1467,-49,-5,zero,0,1395,-50,-6
1586678999916512340,first,1,1400,-52,-11,second,2,1377,-44,-6,zero,0,1286,-53,-7
1586679000044563122,first,1,1289,-54,-12,second,2,1288,-44,-7,zero,0,1184,-49,-6
1586679000108590988,first,1,1234,-54,-10,second,2,1239,-47,-9,zero,0,1138,-46,-5
1586679000236679437,first,1,1128,-52,-8,second,2,1126,-55,-10,zero,0,1053,-41,-6
1586679000300583210,first,1,1078,-50,-9,second,2,1068,-56,-7,zero,0,1010,-41,-8
1586679000428572438,first,1,981,-48,-9,second,2,951,-57,-6,zero,0,922,-42,-6
1586679000493327160,first,1,932,-48,-10,second,2,895,-54,-5,zero,0,877,-43,-8
1586679000620553143,first,1,834,-48,-9,second,2,801,-44,-5,zero,0,786,-44,-6
1586679000748593153,first,1,736,-48,-9,second,2,724,-35,-3,zero,0,703,-39,-3
1586679000812557936,first,1,687,-48,-8,second,2,691,-32,-7,zero,0,667,-36,-3
1586679000940645662,first,1,597,-44,-5,second,2,623,-32,-5,zero,0,607,-28,-5
1586679001004636006,first,1,557,-40,-5,second,2,586,-34,-6,zero,0,578,-28,-3
1586679001132689466,first,1,485,-34,-4,second,2,512,-35,-7,zero,0,520,-27,-2
1586679001196566971,first,1,452,-31,-2,second,2,475,-35,-7,zero,0,492,-27,-2
1586679001324586083,first,1,396,-27,-5,second,2,400,-36,-5,zero,0,438,-26,-1
1586679001388735805,first,1,371,-24,-5,second,2,367,-32,-4,zero,0,414,-24,-1
1586679001516474570,first,1,324,-22,-5,second,2,313,-25,-3,zero,0,385,-13,-2
1586679001644738417,first,1,277,-22,-4,second,2,270,-19,-2,zero,0,358,-12,-1
1586679001708445840,first,1,257,-20,-2,second,2,254,-14,-1,zero,0,344,-11,-2
1586679001836630148,first,1,224,-15,-2,second,2,232,-10,-1,zero,0,317,-12,-1
1586679001900528484,first,1,210,-13,-2,second,2,223,-9,-2,zero,0,308,-9,-1
1586679002028668070,first,1,185,-11,-1,second,2,203,-9,-2,zero,0,302,-1,0
1586679002092770021,first,1,181,-6,0,second,2,194,-9,-2,zero,0,302,0,0
1586679002220398652,first,1,181,0,0,second,2,181,-3,0,zero,0,302,0,0
1586679002348511397,first,1,181,0,0,second,2,181,0,0,zero,0,303,0,0
1586679002412506302,first,1,181,0,0,second,2,181,0,0,zero,0,305,0,0
1586679002540537324,first,1,181,0,0,second,2,181,0,0,zero,0,319,8,3
1586679002604416621,first,1,181,0,0,second,2,181,0,0,zero,0,336,14,4
1586679002732407220,first,1,186,1,1,second,2,187,2,1,zero,0,382,22,1
1586679002796465543,first,1,200,9,2,second,2,203,14,4,zero,0,403,20,1
1586679002924602515,first,1,253,26,4,second,2,267,34,3,zero,0,443,19,2
1586679002988433045,first,1,292,34,4,second,2,310,40,3,zero,0,468,22,4
1586679003116396858,first,1,382,43,2,second,2,405,46,1,zero,0,535,35,7
1586679003244394607,first,1,481,47,4,second,2,501,46,1,zero,0,640,56,11
1586679003308340223,first,1,532,48,3,second,2,548,46,1,zero,0,708,65,8
1586679003436558590,first,1,641,53,6,second,2,651,51,4,zero,0,848,69,2
1586679003500382600,first,1,703,58,6,second,2,711,57,4,zero,0,909,61,1
1586679003628813181,first,1,839,67,5,second,2,851,70,2,zero,0,1004,44,2
1586679003692467426,first,1,912,71,4,second,2,926,72,3,zero,0,1047,42,5
1586679003820535096,first,1,1059,72,1,second,2,1074,72,1,zero,0,1153,55,10
1586679003948485453,first,1,1195,66,1,second,2,1148,18,1,zero,0,1297,73,7
1586679004012485357,first,1,1247,58,-5,second,2,1170,20,6,zero,0,1374,75,3
1586679004140370205,first,1,1263,3,3,second,2,1273,59,9,zero,0,1443,13,-1
1586679004204372254,first,1,1280,11,5,second,2,1347,72,5,zero,0,1444,0,0
1586679004332240229,first,1,1361,43,8,second,2,1432,21,0,zero,0,1467,16,9
1586679004396469679,first,1,1424,57,7,second,2,1435,2,-1,zero,0,1503,34,9
1586679004524389078,first,1,1543,59,6,second,2,1442,4,6,zero,0,1611,54,4
1586679004588368341,first,1,1559,24,-3,second,2,1468,24,9,zero,0,1665,54,1
1586679004716571668,first,1,1563,0,2,second,2,1589,68,10,zero,0,1704,4,-1
1586679004844475895,first,1,1612,26,8,second,2,1736,67,9,zero,0,1704,1,4
1586679004908356775,first,1,1662,43,6,second,2,1758,23,-9,zero,0,1719,13,6
1586679005036295374,first,1,1791,65,1,second,2,1751,-5,-1,zero,0,1786,35,7
1586679005100351960,first,1,1842,58,15,second,2,1750,-1,1,zero,0,1829,41,4
1586679005228301424,first,1,1857,2,-2,second,2,1807,35,7,zero,0,1898,27,-1
1586679005292146931,first,1,1857,0,0,second,2,1861,53,6,zero,0,1899,1,-3
1586679005420356728,first,1,1875,9,2,second,2,1970,48,-20,zero,0,1898,0,1
1586679005548343299,first,1,1942,34,4,second,2,1981,-1,-6,zero,0,1935,21,5
1586679005612279833,first,1,1985,40,1,second,2,1969,-10,-2,zero,0,1965,28,4
1586679005740294415,first,1,2025,12,-1,second,2,1966,1,3,zero,0,2019,22,1
1586679005804473388,first,1,2025,0,-1,second,2,1983,14,2,zero,0,2020,1,0
1586679005932413789,first,1,2025,0,0,second,2,2047,33,1,zero,0,2024,0,1
1586679005996133789,first,1,2026,0,0,second,2,2073,26,2,zero,0,2034,8,5
1586679006124211006,first,1,2045,9,2,second,2,2078,0,-1,zero,0,2084,28,5
1586679006188288734,first,1,2069,19,2,second,2,2079,0,0,zero,0,2117,31,2
1586679006316317293,first,1,2138,34,1,second,2,2085,3,4,zero,0,2171,21,-7
1586679006444131396,first,1,2171,9,0,second,2,2149,36,4,zero,0,2178,2,5
1586679006508359615,first,1,2171,0,0,second,2,2198,47,2,zero,0,2196,15,7
1586679006636324029,first,1,2188,9,5,second,2,2251,12,-3,zero,0,2274,43,9
1586679006700273126,first,1,2218,23,5,second,2,2252,0,0,zero,0,2327,50,6
1586679006828236441,first,1,2315,49,4,second,2,2273,15,5,zero,0,2416,36,3
1586679006892119636,first,1,2374,55,3,second,2,2309,32,6,zero,0,2423,7,1
1586679007020230825,first,1,2431,19,0,second,2,2430,64,5,zero,0,2467,27,11
1586679007148174914,first,1,2451,10,6,second,2,2565,59,8,zero,0,2580,62,12
1586679007212103711,first,1,2486,28,10,second,2,2585,21,-8,zero,0,2654,71,8
1586679007340102118,first,1,2623,70,11,second,2,2593,2,4,zero,0,2784,55,5
1586679007404462248,first,1,2712,85,6,second,2,2619,22,9,zero,0,2795,11,0
1586679007532150838,first,1,2868,76,-13,second,2,2744,71,10,zero,0,2820,18,11
1586679007596171644,first,1,2891,32,0,second,2,2839,91,10,zero,0,2867,44,18
1586679007724051453,first,1,2898,1,5,second,2,3035,90,-12,zero,0,3035,92,12
1586679007788184257,first,1,2925,17,14,second,2,3071,36,-5,zero,0,3137,101,8
1586679007916141821,first,1,3065,76,17,second,2,3085,2,3,zero,0,3241,22,1
1586679008044140337,first,1,3288,112,4,second,2,3145,38,10,zero,0,3246,2,6
1586679008107992762,first,1,3380,102,-26,second,2,3209,62,11,zero,0,3269,20,12
1586679008236356777,first,1,3422,11,-6,second,2,3395,98,7,zero,0,3395,73,17
1586679008300208863,first,1,3419,-2,0,second,2,3500,103,2,zero,0,3489,89,11
1586679008428174246,first,1,3457,22,15,second,2,3620,34,-5,zero,0,3657,71,8
1586679008492063774,first,1,3522,53,16,second,2,3629,9,-2,zero,0,3674,17,-6
1586679008620122750,first,1,3722,102,5,second,2,3633,2,2,zero,0,3671,0,3
1586679008748173934,first,1,3850,50,-12,second,2,3695,38,10,zero,0,3706,23,10
1586679008812195632,first,1,3854,11,-8,second,2,3756,59,8,zero,0,3750,39,9
1586679008940344945,first,1,3828,-13,0,second,2,3914,80,2,zero,0,3860,54,2
1586679009004111948,first,1,3835,1,6,second,2,3981,67,-32,zero,0,3898,38,-4
1586679009132052334,first,1,3920,46,8,second,2,4004,0,-6,zero,0,3904,0,0
1586679009196042547,first,1,3991,65,5,second,2,3993,-10,-4,zero,0,3909,2,6
1586679009324074677,first,1,4071,28,1,second,2,3976,-3,2,zero,0,3953,24,6
1586679009388084597,first,1,4071,4,-5,second,2,3989,10,3,zero,0,3985,30,2
1586679009515987700,first,1,4044,-13,-1,second,2,4055,36,4,zero,0,4008,0,-2
1586679009644071881,first,1,4044,1,2,second,2,4096,8,-2,zero,0,4006,0,0
1586679009707987894,first,1,4061,11,2,second,2,4095,0,-3,zero,0,4008,0,0
1586679009836071314,first,1,4105,20,1,second,2,4081,-6,-1,zero,0,4010,0,0
1586679009899899592,first,1,4107,5,-1,second,2,4078,-3,0,zero,0,4012,0,0
1586679010028074649,first,1,4107,0,-1,second,2,4078,0,0,zero,0,4014,0,0
1586679010091985243,first,1,4107,0,-1,second,2,4078,0,0,zero,0,4013,0,-2
1586679010220019942,first,1,4096,-5,-3,second,2,4078,0,0,zero,0,3991,-12,-3
1586679010347994515,first,1,4068,-13,-2,second,2,4078,0,-1,zero,0,3959,-14,-1
1586679010411965319,first,1,4051,-14,-1,second,2,4078,0,-3,zero,0,3944,-14,-4
1586679010539920679,first,1,4027,-11,-1,second,2,4067,-7,-5,zero,0,3912,-14,-2
1586679010603897508,first,1,4016,-9,-1,second,2,4049,-14,-6,zero,0,3895,-15,-5
1586679010731348279,first,1,3993,-10,-1,second,2,4000,-25,-5,zero,0,3849,-23,-7
1586679010796014481,first,1,3978,-12,-4,second,2,3972,-27,-5,zero,0,3819,-28,-8
1586679010923842471,first,1,3937,-19,-6,second,2,3912,-28,-4,zero,0,3748,-34,-6
1586679010987904079,first,1,3910,-24,-7,second,2,3883,-28,-5,zero,0,3708,-36,-6
1586679011116257187,first,1,3833,-38,-8,second,2,3824,-28,-5,zero,0,3636,-35,-4
1586679011243937669,first,1,3746,-41,-6,second,2,3760,-31,-8,zero,0,3565,-34,-6
1586679011308474778,first,1,3705,-41,-5,second,2,3723,-35,-7,zero,0,3528,-34,-8
1586679011435869285,first,1,3623,-40,-6,second,2,3635,-44,-10,zero,0,3443,-41,-8
1586679011499889648,first,1,3581,-40,-8,second,2,3584,-49,-8,zero,0,3395,-44,-7
1586679011627894533,first,1,3496,-41,-10,second,2,3474,-54,-7,zero,0,3301,-45,-6
1586679011691919991,first,1,3450,-43,-11,second,2,3417,-56,-7,zero,0,3254,-45,-9
1586679011819959228,first,1,3349,-49,-11,second,2,3306,-54,-8,zero,0,3158,-46,-6
1586679011947895695,first,1,3239,-53,-11,second,2,3203,-49,-5,zero,0,3064,-46,-7
1586679012011846264,first,1,3182,-54,-11,second,2,3158,-46,-6,zero,0,3019,-46,-4
1586679012139920447,first,1,3070,-55,-9,second,2,3069,-43,-8,zero,0,2934,-42,-6
1586679012203851066,first,1,3019,-52,-9,second,2,3023,-44,-8,zero,0,2892,-41,-8
1586679012331858806,first,1,2924,-46,-7,second,2,2923,-47,-6,zero,0,2814,-37,-6
1586679012396032937,first,1,2878,-44,-8,second,2,2872,-49,-6,zero,0,2779,-35,-4
1586679012523811198,first,1,2794,-42,-7,second,2,2773,-47,-5,zero,0,2714,-32,-5
1586679012588041780,first,1,2752,-41,-7,second,2,2729,-44,-4,zero,0,2681,-32,-5
1586679012715818277,first,1,2668,-40,-7,second,2,2654,-34,-3,zero,0,2616,-32,-3
1586679012843992556,first,1,2590,-39,-6,second,2,2596,-27,-5,zero,0,2554,-29,-3
1586679012907846295,first,1,2553,-37,-5,second,2,2567,-26,-4,zero,0,2527,-27,-1
1586679013035858469,first,1,2483,-33,-4,second,2,2507,-28,-5,zero,0,2481,-20,-2
1586679013099810262,first,1,2453,-30,-3,second,2,2477,-29,-5,zero,0,2463,-16,-3
1586679013227746829,first,1,2404,-22,-1,second,2,2417,-28,-2,zero,0,2429,-15,-6
1586679013291875469,first,1,2387,-17,-2,second,2,2388,-27,-3,zero,0,2411,-16,-3
1586679013419841692,first,1,2357,-14,-3,second,2,2337,-24,-2,zero,0,2372,-18,-5
1586679013547787648,first,1,2322,-16,-5,second,2,2305,-12,-1,zero,0,2332,-19,-2
1586679013611784111,first,1,2304,-16,-4,second,2,2294,-9,-2,zero,0,2313,-18,-2
1586679013739736430,first,1,2267,-17,-2,second,2,2274,-9,-3,zero,0,2281,-14,-2
1586679013803878126,first,1,2251,-15,-4,second,2,2262,-9,-1,zero,0,2265,-14,-2
1586679013931829081,first,1,2220,-14,-2,second,2,2235,-12,-5,zero,0,2233,-15,-5
1586679013995815899,first,1,2204,-14,-3,second,2,2220,-12,-4,zero,0,2212,-18,-3
1586679014123632656,first,1,2173,-14,-1,second,2,2187,-14,-4,zero,0,2163,-24,-7
1586679014187719945,first,1,2158,-14,-3,second,2,2170,-15,-4,zero,0,2132,-29,-4
1586679014315801358,first,1,2123,-16,-4,second,2,2127,-21,-5,zero,0,2070,-30,-4
1586679014443642156,first,1,2079,-21,-7,second,2,2067,-28,-5,zero,0,2009,-30,-2
1586679014507828214,first,1,2051,-24,-6,second,2,2037,-29,-5,zero,0,1978,-30,-4
1586679014635655928,first,1,1985,-32,-8,second,2,1974,-30,-4,zero,0,1915,-30,-6
1586679014699627066,first,1,1947,-35,-5,second,2,1943,-30,-5,zero,0,1880,-32,-8
1586679014827794343,first,1,1869,-37,-6,second,2,1878,-31,-7,zero,0,1803,-38,-6
1586679014891780428,first,1,1829,-37,-7,second,2,1844,-32,-7,zero,0,1759,-41,-9
1586679015019671599,first,1,1751,-37,-7,second,2,1768,-38,-9,zero,0,1665,-45,-7
1586679015147658284,first,1,1672,-37,-6,second,2,1675,-46,-8,zero,0,1569,-46,-6
1586679015211648975,first,1,1630,-39,-7,second,2,1624,-50,-7,zero,0,1521,-46,-6
1586679015339845021,first,1,1541,-44,-10,second,2,1514,-54,-7,zero,0,1425,-46,-8
1586679015403625806,first,1,1494,-45,-10,second,2,1457,-54,-7,zero,0,1378,-46,-7
1586679015531898583,first,1,1391,-50,-10,second,2,1353,-52,-6,zero,0,1283,-45,-9
1586679015595612685,first,1,1337,-53,-10,second,2,1304,-49,-6,zero,0,1233,-48,-7
1586679015723666276,first,1,1227,-53,-10,second,2,1212,-46,-7,zero,0,1130,-50,-8
1586679015787557475,first,1,1171,-54,-9,second,2,1165,-45,-9,zero,0,1081,-49,-6
1586679015915599056,first,1,1065,-52,-10,second,2,1070,-47,-7,zero,0,989,-45,-4
1586679016043588449,first,1,965,-49,-9,second,2,960,-54,-9,zero,0,900,-43,-5
1586679016107818429,first,1,916,-48,-9,second,2,901,-56,-9,zero,0,859,-42,-6
1586679016236000968,first,1,824,-45,-11,second,2,790,-54,-5,zero,0,778,-40,-6
1586679016299567135,first,1,776,-45,-9,second,2,739,-50,-5,zero,0,739,-39,-5
1586679016427616974,first,1,679,-47,-8,second,2,656,-38,-2,zero,0,661,-38,-5
1586679016491744261,first,1,631,-47,-8,second,2,623,-33,-4,zero,0,625,-36,-5
1586679016619561642,first,1,547,-41,-6,second,2,563,-29,-5,zero,0,561,-30,-3
1586679016747584699,first,1,471,-36,-5,second,2,502,-29,-6,zero,0,503,-27,-1
1586679016811430006,first,1,436,-34,-4,second,2,470,-30,-6,zero,0,477,-26,-1
1586679016939542288,first,1,374,-29,-3,second,2,399,-33,-6,zero,0,428,-22,-1
1586679017003608346,first,1,350,-25,-2,second,2,364,-33,-4,zero,0,409,-19,-1
1586679017131572587,first,1,311,-18,-3,second,2,304,-28,-4,zero,0,376,-15,-4
1586679017195565542,first,1,293,-17,-2,second,2,280,-24,-2,zero,0,359,-15,-3
1586679017323624160,first,1,255,-17,-4,second,2,243,-15,-1,zero,0,328,-14,-4
1586679017387624332,first,1,236,-17,-4,second,2,233,-9,-1,zero,0,316,-11,-2
1586679017515476543,first,1,201,-16,-2,second,2,215,-7,-2,zero,0,303,-3,-1
1586679017643441165,first,1,183,-7,0,second,2,195,-8,-2,zero,0,297,-3,-1
1586679017707646414,first,1,183,0,0,second,2,186,-8,-1,zero,0,293,-2,-1
1586679017835534237,first,1,183,0,-1,second,2,183,0,0,zero,0,291,0,0
1586679017899377260,first,1,183,0,0,second,2,183,0,0,zero,0,292,0,0
1586679018027534547,first,1,183,0,0,second,2,183,0,0,zero,0,298,1,1
1586679018091442489,first,1,183,0,0,second,2,183,0,0,zero,0,309,8,3
1586679018219498505,first,1,183,0,0,second,2,184,0,0,zero,0,348,19,1
1586679018347450955,first,1,189,1,1,second,2,205,14,2,zero,0,362,0,0
1586679018411437690,first,1,204,10,3,second,2,229,22,1,zero,0,367,2,3
1586679018539542278,first,1,263,29,1,second,2,251,3,0,zero,0,410,24,7
1586679018603502678,first,1,299,33,1,second,2,257,3,2,zero,0,448,36,8
1586679018731787065,first,1,332,9,0,second,2,315,35,6,zero,0,543,47,3
1586679018795611177,first,1,336,1,3,second,2,367,50,8,zero,0,591,46,2
1586679018923535888,first,1,399,33,10,second,2,503,68,1,zero,0,628,6,2
1586679018987500649,first,1,457,53,12,second,2,560,56,7,zero,0,643,13,7
1586679019115716836,first,1,614,78,4,second,2,582,2,0,zero,0,731,52,12
1586679019243475271,first,1,751,66,-7,second,2,613,23,10,zero,0,889,82,6
1586679019307459512,first,1,769,26,2,second,2,666,50,14,zero,0,973,84,2
1586679019435551565,first,1,792,11,5,second,2,855,102,12,zero,0,1048,14,-3
1586679019499474696,first,1,829,29,11,second,2,971,112,5,zero,0,1050,0,3
1586679019627233946,first,1,974,75,13,second,2,1110,42,-22,zero,0,1102,36,16
1586679019691308276,first,1,1071,92,9,second,2,1118,8,-6,zero,0,1168,63,17
1586679019819598710,first,1,1261,95,-33,second,2,1122,3,5,zero,0,1355,96,7
1586679019947423613,first,1,1303,13,0,second,2,1214,60,16,zero,0,1457,22,-5
1586679020011440981,first,1,1305,1,2,second,2,1305,89,12,zero,0,1456,0,0
1586679020139351840,first,1,1354,26,9,second,2,1500,90,18,zero,0,1472,11,7
1586679020203316590,first,1,1409,47,8,second,2,1536,36,0,zero,0,1505,29,9
1586679020331457445,first,1,1563,78,5,second,2,1537,-1,-1,zero,0,1618,60,6
1586679020395229235,first,1,1647,83,1,second,2,1539,0,3,zero,0,1685,65,4
1586679020523376235,first,1,1731,30,-2,second,2,1611,47,12,zero,0,1741,8,-1
1586679020587444804,first,1,1733,5,-3,second,2,1684,71,10,zero,0,1741,0,0
1586679020715381658,first,1,1726,-2,2,second,2,1851,79,11,zero,0,1763,14,7
1586679020843385694,first,1,1778,28,8,second,2,1883,2,-8,zero,0,1834,38,5
1586679020907247094,first,1,1832,46,5,second,2,1870,-9,-5,zero,0,1876,41,1
1586679021035282388,first,1,1950,60,9,second,2,1866,1,1,zero,0,1911,4,0
1586679021099377508,first,1,1967,25,-5,second,2,1884,15,6,zero,0,1912,0,2
1586679021227305806,first,1,1955,-7,-2,second,2,1958,40,1,zero,0,1937,13,3
1586679021291210526,first,1,1947,-9,0,second,2,1995,37,-18,zero,0,1959,19,3
1586679021419314042,first,1,1967,10,4,second,2,2002,0,-1,zero,0,2004,19,1
1586679021547317143,first,1,2029,31,1,second,2,2002,0,0,zero,0,2006,0,1
1586679021611280382,first,1,2053,28,2,second,2,2003,0,0,zero,0,2016,9,4
1586679021739236120,first,1,2056,0,-1,second,2,2026,15,2,zero,0,2066,26,3
1586679021803315043,first,1,2055,0,0,second,2,2055,26,4,zero,0,2097,30,2
1586679021931426587,first,1,2073,9,4,second,2,2122,30,2,zero,0,2122,3,1
1586679021995533734,first,1,2101,22,3,second,2,2129,6,0,zero,0,2134,9,5
1586679022123145708,first,1,2180,40,1,second,2,2131,0,1,zero,0,2193,32,8
1586679022187167492,first,1,2212,36,7,second,2,2147,13,3,zero,0,2235,41,4
1586679022315132777,first,1,2220,0,0,second,2,2227,44,7,zero,0,2329,44,1
1586679022443211919,first,1,2252,17,8,second,2,2351,62,2,zero,0,2402,33,1
1586679022507260330,first,1,2301,40,11,second,2,2402,50,6,zero,0,2434,31,3
1586679022635229780,first,1,2455,79,6,second,2,2419,1,0,zero,0,2507,36,5
1586679022699260872,first,1,2544,87,1,second,2,2426,4,5,zero,0,2553,43,7
1586679022827802830,first,1,2641,36,-2,second,2,2506,50,14,zero,0,2665,56,7
1586679022891259724,first,1,2643,7,-1,second,2,2585,75,13,zero,0,2727,60,3
1586679023019178677,first,1,2661,9,8,second,2,2790,104,4,zero,0,2843,56,2
1586679023147108252,first,1,2767,57,17,second,2,2916,35,0,zero,0,2946,49,4
1586679023211206955,first,1,2862,86,13,second,2,2924,7,-1,zero,0,2994,49,3
1586679023339191942,first,1,3091,115,4,second,2,2946,16,7,zero,0,3092,48,5
1586679023403150586,first,1,3184,103,4,second,2,2989,40,13,zero,0,3143,49,4
1586679023531067352,first,1,3228,13,-3,second,2,3165,98,12,zero,0,3257,57,4
1586679023595085100,first,1,3227,0,0,second,2,3284,118,9,zero,0,3317,58,3
1586679023723386779,first,1,3265,22,14,second,2,3505,100,14,zero,0,3438,58,3
1586679023787145417,first,1,3331,55,17,second,2,3547,42,-2,zero,0,3494,55,1
1586679023915116442,first,1,3557,117,13,second,2,3546,-6,-2,zero,0,3591,45,1
1586679024043105194,first,1,3796,118,15,second,2,3562,16,11,zero,0,3668,36,2
1586679024107284546,first,1,3843,62,-9,second,2,3609,45,14,zero,0,3704,35,4
1586679024235124687,first,1,3828,-12,-7,second,2,3791,101,11,zero,0,3790,41,1
1586679024299100928,first,1,3814,-17,0,second,2,3905,112,5,zero,0,3831,41,1
1586679024427141199,first,1,3844,17,10,second,2,4041,40,-4,zero,0,3906,36,1
1586679024491127826,first,1,3897,43,13,second,2,4046,4,-10,zero,0,3931,25,3
1586679024619109303,first,1,4056,81,3,second,2,4013,-17,-3,zero,0,3938,2,2
1586679024747080293,first,1,4151,34,-10,second,2,4009,3,6,zero,0,3978,23,5
1586679024811212757,first,1,4145,2,-9,second,2,4032,20,7,zero,0,4011,30,5
1586679024939252167,first,1,4100,-22,-1,second,2,4124,48,4,zero,0,4073,25,2
1586679025002991516,first,1,4087,-17,1,second,2,4165,41,0,zero,0,4075,1,0
1586679025131621604,first,1,4117,16,2,second,2,4173,-1,-4,zero,0,4075,0,0
1586679025195040787,first,1,4149,28,1,second,2,4162,-8,-3,zero,0,4075,0,0
1586679025323101289,first,1,4182,9,-2,second,2,4147,-3,0,zero,0,4078,0,0
1586679025387101504,first,1,4181,0,-2,second,2,4147,0,0,zero,0,4079,0,0
1586679025514965922,first,1,4158,-11,-2,second,2,4147,0,0,zero,0,4081,0,0
1586679025643074875,first,1,4136,-9,-1,second,2,4147,0,0,zero,0,4070,-6,-2
1586679025707145766,first,1,4132,-6,0,second,2,4147,0,0,zero,0,4055,-12,-6
1586679025835017585,first,1,4132,0,0,second,2,4147,0,-2,zero,0,4024,-14,-1
1586679025898929735,first,1,4131,0,-1,second,2,4145,0,-2,zero,0,4013,-10,-1
1586679026026154530,first,1,4130,0,-2,second,2,4123,-10,-5,zero,0,3988,-11,-2
1586679026091240950,first,1,4122,-4,-3,second,2,4108,-12,-4,zero,0,3974,-12,-2
1586679026218993411,first,1,4089,-15,-3,second,2,4080,-12,-3,zero,0,3938,-17,-4
1586679026346165751,first,1,4044,-21,-4,second,2,4049,-14,-5,zero,0,3889,-25,-5
1586679026411051759,first,1,4019,-22,-3,second,2,4031,-16,-8,zero,0,3856,-30,-7
1586679026538946081,first,1,3965,-26,-6,second,2,3980,-27,-7,zero,0,3787,-33,-6
1586679026602945139,first,1,3933,-29,-5,second,2,3946,-32,-6,zero,0,3751,-34,-7
1586679026731137320,first,1,3858,-36,-6,second,2,3867,-39,-8,zero,0,3677,-35,-5
1586679026794987117,first,1,3818,-38,-7,second,2,3824,-41,-6,zero,0,3638,-36,-8
1586679026923116403,first,1,3737,-39,-8,second,2,3733,-44,-7,zero,0,3554,-40,-7
1586679026986954576,first,1,3694,-40,-8,second,2,3686,-46,-7,zero,0,3510,-42,-8
1586679027114918184,first,1,3603,-44,-9,second,2,3586,-49,-7,zero,0,3408,-49,-6
1586679027242906314,first,1,3505,-48,-10,second,2,3482,-50,-8,zero,0,3303,-51,-4
1586679027306866846,first,1,3452,-51,-10,second,2,3430,-51,-8,zero,0,3254,-48,-5
1586679027434877038,first,1,3337,-55,-9,second,2,3322,-53,-8,zero,0,3165,-43,-4
1586679027498853842,first,1,3280,-56,-9,second,2,3267,-53,-8,zero,0,3122,-43,-6
1586679027626849896,first,1,3167,-55,-8,second,2,3158,-53,-6,zero,0,3035,-43,-9
1586679027690872367,first,1,3114,-53,-9,second,2,3106,-52,-6,zero,0,2987,-45,-6
1586679027818982757,first,1,3014,-48,-9,second,2,3003,-50,-7,zero,0,2888,-48,-6
1586679027946845067,first,1,2918,-47,-9,second,2,2902,-48,-7,zero,0,2793,-45,-2
1586679028010865594,first,1,2871,-46,-8,second,2,2854,-48,-7,zero,0,2757,-37,-3
1586679028138877354,first,1,2779,-45,-8,second,2,2760,-44,-6,zero,0,2696,-29,-3
1586679028202964492,first,1,2734,-44,-7,second,2,2718,-41,-5,zero,0,2666,-29,-4
1586679028330858584,first,1,2651,-40,-7,second,2,2644,-35,-3,zero,0,2604,-29,-3
1586679028394867227,first,1,2611,-39,-5,second,2,2610,-32,-3,zero,0,2574,-29,-4
1586679028522989840,first,1,2537,-36,-4,second,2,2549,-30,-4,zero,0,2517,-27,-2
1586679028586781038,first,1,2501,-34,-4,second,2,2520,-29,-5,zero,0,2491,-25,-1
1586679028714778335,first,1,2437,-31,-3,second,2,2459,-28,-4,zero,0,2450,-18,-1
1586679028842777485,first,1,2389,-22,-2,second,2,2400,-28,-4,zero,0,2418,-15,-5
1586679028906866498,first,1,2372,-17,-3,second,2,2374,-26,-3,zero,0,2400,-15,-2
1586679029034766908,first,1,2339,-15,-3,second,2,2325,-23,-2,zero,0,2361,-19,-3
1586679029098894769,first,1,2323,-15,-2,second,2,2305,-19,-1,zero,0,2341,-19,-3
1586679029226816243,first,1,2288,-16,-5,second,2,2280,-10,-1,zero,0,2304,-18,-1
1586679029290814364,first,1,2269,-16,-3,second,2,2269,-9,-1,zero,0,2287,-16,-2
1586679029418844159,first,1,2235,-16,-1,second,2,2246,-10,-1,zero,0,2252,-15,-1
1586679029546827853,first,1,2204,-15,-4,second,2,2220,-12,-4,zero,0,2219,-15,-2
1586679029610745430,first,1,2189,-14,-3,second,2,2204,-13,-3,zero,0,2200,-17,-5
1586679029738808144,first,1,2159,-14,-3,second,2,2172,-13,-4,zero,0,2154,-22,-3
1586679029803020914,first,1,2143,-14,-4,second,2,2156,-14,-5,zero,0,2125,-27,-4
1586679029930751288,first,1,2107,-16,-5,second,2,2118,-17,-4,zero,0,2063,-29,-3
1586679029994724268,first,1,2087,-18,-4,second,2,2092,-22,-6,zero,0,2032,-29,-5
1586679030122728107,first,1,2041,-22,-8,second,2,2034,-28,-6,zero,0,1972,-29,-5
1586679030186723603,first,1,2013,-25,-6,second,2,2002,-29,-5,zero,0,1940,-29,-6
1586679030314777875,first,1,1947,-32,-7,second,2,1939,-30,-6,zero,0,1875,-30,-5
1586679030442720859,first,1,1866,-38,-7,second,2,1875,-31,-6,zero,0,1801,-36,-7
1586679030506892220,first,1,1826,-38,-6,second,2,1840,-33,-6,zero,0,1757,-41,-8
1586679030634680757,first,1,1747,-38,-6,second,2,1762,-39,-9,zero,0,1664,-45,-9
1586679030698818904,first,1,1707,-38,-6,second,2,1717,-44,-9,zero,0,1616,-46,-7
1586679030826906901,first,1,1626,-39,-9,second,2,1617,-50,-7,zero,0,1521,-46,-6
1586679030890735112,first,1,1582,-41,-10,second,2,1562,-53,-8,zero,0,1470,-47,-8
1586679031018623294,first,1,1489,-45,-10,second,2,1452,-54,-7,zero,0,1371,-48,-6
1586679031146769036,first,1,1382,-52,-11,second,2,1349,-51,-5,zero,0,1271,-48,-7
1586679031210689071,first,1,1325,-55,-11,second,2,1297,-50,-5,zero,0,1220,-48,-5
1586679031338641485,first,1,1213,-55,-9,second,2,1198,-49,-8,zero,0,1122,-48,-8
1586679031402752736,first,1,1156,-55,-10,second,2,1151,-48,-7,zero,0,1074,-48,-8
1586679031530691773,first,1,1049,-52,-8,second,2,1050,-49,-7,zero,0,977,-47,-7
1586679031595109998,first,1,999,-50,-8,second,2,997,-51,-9,zero,0,930,-47,-5
1586679031722783219,first,1,903,-47,-9,second,2,887,-52,-8,zero,0,843,-41,-6
1586679031786809496,first,1,856,-46,-9,second,2,833,-53,-6,zero,0,803,-40,-6
1586679031914784385,first,1,759,-46,-10,second,2,731,-48,-4,zero,0,727,-36,-7
1586679032042881025,first,1,665,-46,-9,second,2,648,-39,-3,zero,0,651,-37,-4
1586679032106911916,first,1,620,-45,-8,second,2,611,-36,-5,zero,0,615,-36,-5
1586679032234645579,first,1,535,-40,-6,second,2,545,-31,-6,zero,0,550,-31,-2
1586679032298938110,first,1,496,-38,-5,second,2,514,-30,-6,zero,0,519,-29,-2
1586679032426655283,first,1,423,-35,-2,second,2,451,-30,-4,zero,0,464,-26,-1
1586679032490658392,first,1,390,-32,-4,second,2,418,-30,-6,zero,0,440,-24,-1
1586679032618662234,first,1,336,-26,-2,second,2,353,-31,-6,zero,0,408,-14,-1
1586679032746537070,first,1,295,-18,-3,second,2,296,-27,-3,zero,0,377,-15,-5
1586679032810556204,first,1,277,-16,-1,second,2,271,-24,-2,zero,0,358,-16,-3
1586679032938587762,first,1,246,-15,-2,second,2,233,-15,-1,zero,0,320,-18,-2
1586679033002603587,first,1,229,-15,-2,second,2,224,-9,-1,zero,0,302,-17,-1
1586679033130519600,first,1,196,-15,-2,second,2,206,-7,-2,zero,0,286,-4,0
1586679033194502216,first,1,180,-15,-1,second,2,196,-8,-2,zero,0,286,0,0
1586679033322534377,first,1,163,-7,0,second,2,178,-8,-1,zero,0,286,0,-1
1586679033386548172,first,1,163,0,0,second,2,170,-7,-1,zero,0,286,0,-1
1586679033514589008,first,1,162,0,0,second,2,167,0,0,zero,0,286,0,0
1586679033642574277,first,1,163,0,0,second,2,167,0,0,zero,0,289,0,1
1586679033706567017,first,1,163,0,0,second,2,168,0,0,zero,0,300,8,1
1586679033834499375,first,1,164,0,0,second,2,168,0,0,zero,0,337,18,1
1586679033898487513,first,1,169,1,1,second,2,173,2,1,zero,0,358,19,1
1586679034026830178,first,1,209,20,3,second,2,219,27,2,zero,0,375,2,2
1586679034090473890,first,1,242,29,2,second,2,257,35,1,zero,0,386,8,4
1586679034218603748,first,1,320,37,1,second,2,332,32,3,zero,0,447,35,10
1586679034346434460,first,1,404,40,1,second,2,343,1,3,zero,0,563,61,7
1586679034410407542,first,1,435,36,6,second,2,365,19,6,zero,0,628,64,3
1586679034538509723,first,1,448,2,3,second,2,474,61,9,zero,0,685,8,0
1586679034602461903,first,1,470,15,6,second,2,551,74,5,zero,0,688,0,2
1586679034730483041,first,1,566,49,9,second,2,642,24,-12,zero,0,741,34,13
1586679034794437815,first,1,636,64,7,second,2,646,4,0,zero,0,800,56,13
1586679034922390802,first,1,788,75,1,second,2,672,18,9,zero,0,955,79,5
1586679035049982402,first,1,868,28,1,second,2,796,73,15,zero,0,1032,15,0
1586679035114474561,first,1,873,6,2,second,2,897,98,10,zero,0,1036,2,5
1586679035242457182,first,1,925,28,9,second,2,1104,95,14,zero,0,1100,41,11
1586679035306610966,first,1,984,50,11,second,2,1145,41,-16,zero,0,1166,65,15
1586679035434333316,first,1,1160,91,9,second,2,1151,0,0,zero,0,1346,90,5
1586679035498381485,first,1,1265,102,7,second,2,1157,3,7,zero,0,1419,73,7
1586679035626371418,first,1,1446,88,8,second,2,1249,60,17,zero,0,1441,2,1
1586679035689767161,first,1,1475,40,-6,second,2,1342,91,15,zero,0,1453,9,8
1586679035818413118,first,1,1469,-5,0,second,2,1571,116,4,zero,0,1535,48,12
1586679035946234761,first,1,1500,17,12,second,2,1707,40,-20,zero,0,1676,73,7
1586679036010292655,first,1,1551,42,15,second,2,1711,4,-8,zero,0,1748,72,1
1586679036138279871,first,1,1730,93,10,second,2,1692,-7,0,zero,0,1804,8,-5
1586679036202249040,first,1,1833,102,1,second,2,1700,5,5,zero,0,1794,-7,-1
1586679036330104606,first,1,1940,40,-7,second,2,1778,48,9,zero,0,1802,10,9
1586679036394195540,first,1,1934,2,-9,second,2,1848,68,9,zero,0,1832,27,11
1586679036522194114,first,1,1892,-22,0,second,2,1998,70,9,zero,0,1929,51,5
1586679036649856361,first,1,1919,15,6,second,2,2025,2,-5,zero,0,2014,34,-1
1586679036714303331,first,1,1960,34,7,second,2,2017,-6,-3,zero,0,2017,4,-2
1586679036842218138,first,1,2060,51,5,second,2,2004,-3,0,zero,0,2004,-5,0
1586679036906538991,first,1,2072,19,0,second,2,2009,3,1,zero,0,2007,0,1
1586679037034478095,first,1,2057,-7,-2,second,2,2052,24,2,zero,0,2038,17,3
1586679037098437666,first,1,2050,-9,0,second,2,2075,24,4,zero,0,2063,22,1
1586679037226477746,first,1,2055,1,3,second,2,2080,0,0,zero,0,2080,0,0
1586679037290761987,first,1,2068,9,2,second,2,2079,0,0,zero,0,2081,0,1
1586679037418430395,first,1,2099,15,2,second,2,2080,0,0,zero,0,2107,15,4
1586679037546659297,first,1,2100,0,0,second,2,2102,14,2,zero,0,2160,26,1
1586679037610592437,first,1,2105,1,2,second,2,2129,24,4,zero,0,2180,20,-2
1586679037738539349,first,1,2149,22,4,second,2,2185,25,-4,zero,0,2192,7,5
1586679037801670998,first,1,2186,33,3,second,2,2189,3,0,zero,0,2216,21,9
1586679037930548486,first,1,2266,39,8,second,2,2197,3,5,zero,0,2302,45,8
1586679037994380602,first,1,2275,13,0,second,2,2221,21,7,zero,0,2355,50,4
1586679038122303673,first,1,2282,2,3,second,2,2323,55,6,zero,0,2442,35,3
1586679038249874533,first,1,2349,36,9,second,2,2448,56,8,zero,0,2453,4,9
1586679038314296845,first,1,2411,55,10,second,2,2466,18,1,zero,0,2479,22,11
1586679038442416504,first,1,2564,75,2,second,2,2471,2,2,zero,0,2592,63,12
1586679038506216952,first,1,2624,67,4,second,2,2493,18,8,zero,0,2670,75,7
1586679038634241794,first,1,2646,5,0,second,2,2614,70,14,zero,0,2814,64,7
1586679038698186670,first,1,2653,2,5,second,2,2709,92,10,zero,0,2828,14,0
1586679038826302133,first,1,2734,44,14,second,2,2905,90,9,zero,0,2852,17,12
1586679038890222197,first,1,2810,68,12,second,2,2942,36,-14,zero,0,2898,43,17
1586679039018517734,first,1,3009,101,7,second,2,2948,0,0,zero,0,3059,88,13
1586679039147084313,first,1,3197,91,9,second,2,2992,33,16,zero,0,3238,81,7
1586679039210374477,first,1,3227,42,1,second,2,3065,70,19,zero,0,3261,23,1
1586679039338334236,first,1,3233,0,0,second,2,3302,127,9,zero,0,3282,13,10
1586679039402426650,first,1,3241,2,6,second,2,3415,114,18,zero,0,3319,35,13
1586679039530425923,first,1,3325,46,15,second,2,3476,11,-7,zero,0,3459,75,8
1586679039594502819,first,1,3407,74,13,second,2,3469,-4,-3,zero,0,3541,80,3
1586679039722185715,first,1,3617,106,6,second,2,3483,14,10,zero,0,3615,14,-2
1586679039850107429,first,1,3742,48,0,second,2,3599,69,15,zero,0,3627,7,8
1586679039914430105,first,1,3745,10,-8,second,2,3694,92,9,zero,0,3656,26,10
1586679040042169924,first,1,3730,-8,3,second,2,3887,89,-29,zero,0,3760,55,8
1586679040106158676,first,1,3745,9,10,second,2,3923,36,0,zero,0,3823,61,5
1586679040234091006,first,1,3858,60,12,second,2,3916,-8,-5,zero,0,3882,9,-4
1586679040298157728,first,1,3945,81,6,second,2,3904,-11,-1,zero,0,3880,0,0
1586679040426125894,first,1,4047,37,-3,second,2,3918,13,5,zero,0,3897,11,6
1586679040490173017,first,1,4048,6,-6,second,2,3953,32,6,zero,0,3922,22,5
1586679040618238054,first,1,4012,-17,-1,second,2,4062,56,2,zero,0,3985,31,1
1586679040746345760,first,1,4019,6,6,second,2,4123,14,-3,zero,0,4006,0,-1
1586679040810012240,first,1,4052,26,5,second,2,4120,0,-6,zero,0,4006,0,0
1586679040938126080,first,1,4138,42,4,second,2,4092,-13,-1,zero,0,4011,0,2
1586679041002024917,first,1,4148,16,-3,second,2,4086,-6,0,zero,0,4020,8,3
1586679041130168059,first,1,4127,-11,-2,second,2,4092,2,1,zero,0,4043,8,0
1586679041194124573,first,1,4111,-15,-1,second,2,4105,11,1,zero,0,4042,0,-1
1586679041322068881,first,1,4103,0,0,second,2,4114,0,0,zero,0,4021,-11,-3
1586679041450119221,first,1,4103,0,0,second,2,4114,0,-3,zero,0,3992,-12,-3
1586679041513987125,first,1,4102,0,-2,second,2,4114,0,-3,zero,0,3980,-12,-3
1586679041642286371,first,1,4090,-5,-3,second,2,4105,-5,-4,zero,0,3957,-10,-2
1586679041706125929,first,1,4077,-11,-3,second,2,4090,-12,-4,zero,0,3946,-10,-6
1586679041834213145,first,1,4044,-14,-3,second,2,4055,-16,-6,zero,0,3911,-16,-6
1586679041897959945,first,1,4027,-15,-2,second,2,4035,-17,-6,zero,0,3887,-22,-5
1586679042026059670,first,1,3991,-17,-5,second,2,3988,-24,-5,zero,0,3822,-32,-6
1586679042090108112,first,1,3970,-19,-7,second,2,3959,-26,-5,zero,0,3787,-33,-7
1586679042218141471,first,1,3913,-27,-9,second,2,3896,-30,-6,zero,0,3712,-35,-6
1586679042346064563,first,1,3834,-38,-8,second,2,3829,-32,-8,zero,0,3638,-36,-6
1586679042409973941,first,1,3791,-40,-8,second,2,3792,-34,-9,zero,0,3601,-36,-7
1586679042538013483,first,1,3706,-41,-6,second,2,3710,-40,-8,zero,0,3526,-36,-8
1586679042602030125,first,1,3663,-41,-6,second,2,3664,-43,-7,zero,0,3483,-40,-10
1586679042730021777,first,1,3578,-41,-8,second,2,3569,-47,-6,zero,0,3384,-47,-7
1586679042793926278,first,1,3534,-41,-8,second,2,3519,-48,-8,zero,0,3333,-48,-8
1586679042921971083,first,1,3439,-46,-10,second,2,3414,-51,-7,zero,0,3237,-46,-5
1586679043050097290,first,1,3335,-51,-10,second,2,3306,-53,-9,zero,0,3149,-43,-7
1586679043113972578,first,1,3281,-53,-11,second,2,3252,-53,-5,zero,0,3106,-43,-8
1586679043241913442,first,1,3172,-53,-10,second,2,3148,-52,-6,zero,0,3020,-43,-6
1586679043306020245,first,1,3118,-53,-9,second,2,3097,-50,-7,zero,0,2976,-43,-5
1586679043434180971,first,1,3016,-49,-9,second,2,2996,-49,-5,zero,0,2884,-45,-7
1586679043498031016,first,1,2969,-48,-9,second,2,2949,-46,-6,zero,0,2837,-46,-6
1586679043625876296,first,1,2873,-47,-8,second,2,2860,-43,-6,zero,0,2755,-39,-3
1586679043689885169,first,1,2827,-46,-8,second,2,2815,-43,-7,zero,0,2721,-34,-2
1586679043817967383,first,1,2738,-43,-8,second,2,2730,-41,-7,zero,0,2661,-29,-4
1586679043946000537,first,1,2655,-40,-6,second,2,2650,-38,-5,zero,0,2600,-29,-4
1586679044009933069,first,1,2615,-39,-5,second,2,2613,-36,-3,zero,0,2571,-29,-3
1586679044138074101,first,1,2540,-36,-4,second,2,2547,-32,-3,zero,0,2514,-27,-1
1586679044201894921,first,1,2504,-34,-5,second,2,2516,-31,-5,zero,0,2490,-24,-2
1586679044329933148,first,1,2439,-31,-3,second,2,2456,-28,-3,zero,0,2451,-16,-1
1586679044393812295,first,1,2410,-29,-3,second,2,2428,-28,-4,zero,0,2436,-14,-5
1586679044521895384,first,1,2368,-19,-2,second,2,2373,-26,-2,zero,0,2402,-16,-4
1586679044649850128,first,1,2338,-13,-3,second,2,2323,-24,-2,zero,0,2357,-22,-5
1586679044713858802,first,1,2323,-13,-4,second,2,2302,-19,-1,zero,0,2332,-24,-3
1586679044841892962,first,1,2288,-16,-3,second,2,2282,-8,-1,zero,0,2286,-19,-1
1586679044905899376,first,1,2267,-17,-4,second,2,2272,-8,-3,zero,0,2276,-9,-1
1586679045033838898,first,1,2231,-17,-2,second,2,2247,-10,-3,zero,0,2255,-11,-1
1586679045097912516,first,1,2216,-15,-1,second,2,2232,-12,-2,zero,0,2239,-13,-3
1586679045225772739,first,1,2188,-13,-1,second,2,2201,-13,-3,zero,0,2200,-19,-3
1586679045289802411,first,1,2175,-12,-3,second,2,2185,-14,-4,zero,0,2175,-22,-2
1586679045417878152,first,1,2144,-13,-3,second,2,2152,-15,-4,zero,0,2116,-29,-3
1586679045545911777,first,1,2107,-17,-4,second,2,2112,-19,-7,zero,0,2054,-29,-6
1586679045609788532,first,1,2085,-19,-6,second,2,2086,-23,-6,zero,0,2024,-29,-2
1586679045737992386,first,1,2035,-24,-5,second,2,2025,-29,-6,zero,0,1967,-28,-3
1586679045801893056,first,1,2005,-27,-6,second,2,1994,-30,-5,zero,0,1936,-28,-5
1586679045929901518,first,1,1937,-33,-6,second,2,1929,-31,-5,zero,0,1870,-32,-4
1586679045993817226,first,1,1899,-35,-5,second,2,1897,-31,-5,zero,0,1833,-34,-6
1586679046121869959,first,1,1819,-37,-6,second,2,1830,-32,-5,zero,0,1749,-42,-10
1586679046249752481,first,1,1740,-38,-6,second,2,1753,-38,-8,zero,0,1650,-47,-7
1586679046313863089,first,1,1699,-38,-7,second,2,1708,-43,-8,zero,0,1601,-47,-8
1586679046441670042,first,1,1615,-40,-9,second,2,1606,-51,-9,zero,0,1505,-46,-6
1586679046505688945,first,1,1571,-42,-9,second,2,1551,-53,-9,zero,0,1456,-46,-5
1586679046633804885,first,1,1475,-46,-11,second,2,1443,-54,-5,zero,0,1366,-43,-7
1586679046697887502,first,1,1424,-49,-9,second,2,1388,-53,-6,zero,0,1319,-44,-7
1586679046825771991,first,1,1317,-52,-12,second,2,1288,-49,-5,zero,0,1217,-50,-7
1586679046889796608,first,1,1262,-53,-10,second,2,1242,-47,-7,zero,0,1163,-52,-8
1586679047017808411,first,1,1149,-55,-11,second,2,1149,-46,-6,zero,0,1057,-51,-4
1586679047145751421,first,1,1042,-53,-10,second,2,1047,-51,-10,zero,0,961,-46,-3
1586679047209763383,first,1,990,-52,-8,second,2,991,-54,-8,zero,0,918,-43,-4
1586679047337729263,first,1,890,-49,-8,second,2,874,-56,-5,zero,0,843,-36,-5
1586679047401650762,first,1,842,-47,-9,second,2,819,-54,-5,zero,0,807,-36,-6
1586679047529814663,first,1,748,-46,-9,second,2,721,-45,-5,zero,0,725,-40,-7
1586679047593780672,first,1,702,-46,-9,second,2,682,-39,-5,zero,0,681,-42,-7
1586679047720938032,first,1,612,-43,-7,second,2,615,-32,-4,zero,0,600,-38,-3
1586679047849748125,first,1,529,-40,-5,second,2,550,-30,-7,zero,0,539,-27,-1
1586679047913602724,first,1,491,-38,-5,second,2,516,-32,-5,zero,0,514,-25,-1
1586679048041689992,first,1,419,-34,-4,second,2,441,-35,-6,zero,0,472,-19,-1
1586679048105809307,first,1,387,-32,-3,second,2,404,-35,-6,zero,0,454,-17,-2
1586679048233747431,first,1,337,-23,-2,second,2,342,-29,-2,zero,0,412,-20,-6
1586679048297601059,first,1,318,-19,-2,second,2,316,-25,-3,zero,0,385,-24,-3
1586679048425690709,first,1,279,-17,-2,second,2,271,-20,-2,zero,0,328,-27,-1
1586679048489684885,first,1,261,-17,-2,second,2,254,-16,-3,zero,0,316,-12,0
1586679048617762716,first,1,223,-17,-3,second,2,228,-11,-2,zero,0,316,0,-1
1586679048745720440,first,1,193,-14,-1,second,2,207,-10,-2,zero,0,299,-9,-3
1586679048809633101,first,1,182,-10,-1,second,2,197,-9,-2,zero,0,287,-11,-1
1586679048937676918,first,1,168,-6,0,second,2,178,-8,-1,zero,0,283,0,0
1586679049001735990,first,1,168,0,0,second,2,171,-6,-1,zero,0,282,0,-1
1586679049129736615,first,1,168,0,0,second,2,168,0,0,zero,0,283,0,0
1586679049193584878,first,1,168,0,0,second,2,168,0,0,zero,0,284,0,0
1586679049321573755,first,1,168,0,0,second,2,168,0,0,zero,0,301,10,2
1586679049449628876,first,1,169,0,0,second,2,170,0,0,zero,0,339,18,1
1586679049513705027,first,1,173,1,2,second,2,175,2,2,zero,0,359,18,1
1586679049641651773,first,1,210,18,2,second,2,217,24,3,zero,0,375,1,2
1586679049705625430,first,1,240,26,2,second,2,251,31,1,zero,0,386,8,4
1586679049833549756,first,1,309,33,2,second,2,317,28,5,zero,0,447,35,9
1586679049897599794,first,1,348,36,3,second,2,326,8,1,zero,0,497,48,9
1586679050025650197,first,1,426,37,1,second,2,362,23,8,zero,0,620,60,4
1586679050089683687,first,1,463,37,1,second,2,406,42,9,zero,0,666,46,4
1586679050217693336,first,1,541,37,2,second,2,549,75,7,zero,0,678,2,6
1586679050345493115,first,1,627,41,5,second,2,704,69,11,zero,0,751,47,16
1586679050409753473,first,1,677,46,5,second,2,728,23,2,zero,0,826,72,15
1586679050537730489,first,1,791,57,3,second,2,737,3,6,zero,0,1016,97,2
1586679050601630175,first,1,855,60,4,second,2,764,24,12,zero,0,1091,75,11
1586679050729550061,first,1,985,64,1,second,2,904,82,15,zero,0,1112,0,0
1586679050793614565,first,1,1034,56,-26,second,2,1012,104,9,zero,0,1117,2,8
1586679050921409038,first,1,1052,3,4,second,2,1225,99,9,zero,0,1194,50,17
1586679051049493564,first,1,1123,40,13,second,2,1272,6,-5,zero,0,1364,90,8
1586679051113464583,first,1,1198,65,15,second,2,1264,-5,-1,zero,0,1441,77,14
1586679051241545570,first,1,1395,100,5,second,2,1279,15,9,zero,0,1462,0,0
1586679051305569159,first,1,1480,93,8,second,2,1321,39,11,zero,0,1465,0,5
1586679051433509318,first,1,1510,7,-6,second,2,1471,82,10,zero,0,1527,38,10
1586679051497516888,first,1,1501,-6,-1,second,2,1565,92,4,zero,0,1583,54,10
1586679051625431580,first,1,1517,11,10,second,2,1671,29,-7,zero,0,1715,65,1
1586679051689349791,first,1,1563,36,14,second,2,1677,6,-1,zero,0,1758,43,3
1586679051817407649,first,1,1721,82,6,second,2,1680,1,2,zero,0,1755,-7,-1
1586679051945448302,first,1,1826,39,-2,second,2,1727,30,7,zero,0,1762,9,5
1586679052009399546,first,1,1828,7,-4,second,2,1774,45,5,zero,0,1789,24,8
1586679052137470947,first,1,1812,-8,0,second,2,1877,46,12,zero,0,1872,42,1
1586679052201380186,first,1,1819,1,3,second,2,1890,13,0,zero,0,1906,33,2
1586679052329416236,first,1,1883,34,5,second,2,1891,0,0,zero,0,1907,0,-1
1586679052393420864,first,1,1934,46,2,second,2,1892,0,0,zero,0,1907,0,0
1586679052521455689,first,1,1983,16,-4,second,2,1914,16,4,zero,0,1925,11,5
1586679052649362331,first,1,1967,-9,-1,second,2,1984,37,3,zero,0,1981,29,2
1586679052713316448,first,1,1963,-7,0,second,2,2016,33,4,zero,0,2005,24,-9
1586679052841336309,first,1,1988,13,4,second,2,2024,0,0,zero,0,2010,0,2
1586679052905378400,first,1,2018,26,3,second,2,2024,0,-1,zero,0,2021,10,3
1586679053033302018,first,1,2081,31,-2,second,2,2027,0,1,zero,0,2074,28,4
1586679053097273229,first,1,2085,9,-1,second,2,2043,13,5,zero,0,2107,32,1
1586679053225252141,first,1,2088,0,2,second,2,2116,39,4,zero,0,2167,25,1
1586679053289320625,first,1,2102,9,3,second,2,2165,46,2,zero,0,2170,2,0
1586679053417297368,first,1,2171,36,5,second,2,2216,11,0,zero,0,2198,19,9
1586679053545380599,first,1,2280,53,1,second,2,2219,0,1,zero,0,2296,54,7
1586679053609497196,first,1,2320,47,11,second,2,2237,15,5,zero,0,2361,63,4
1586679053737347044,first,1,2331,1,2,second,2,2331,54,8,zero,0,2472,46,-18
1586679053801267558,first,1,2346,9,6,second,2,2404,70,8,zero,0,2480,8,0
1586679053929307743,first,1,2433,45,9,second,2,2551,65,-33,zero,0,2503,17,10
1586679053993285307,first,1,2502,63,10,second,2,2573,23,-6,zero,0,2546,40,14
1586679054121278135,first,1,2665,80,2,second,2,2580,1,3,zero,0,2698,82,11
1586679054249274416,first,1,2755,32,-11,second,2,2648,43,15,zero,0,2878,89,1
1586679054313265637,first,1,2760,7,2,second,2,2724,72,13,zero,0,2939,61,-27
1586679054441181933,first,1,2815,29,11,second,2,2938,110,5,zero,0,2955,0,0
1586679054505139991,first,1,2873,51,12,second,2,3037,98,-5,zero,0,2962,4,9
1586679054633228251,first,1,3053,92,9,second,2,3087,9,-4,zero,0,3056,61,17
1586679054697293620,first,1,3156,100,4,second,2,3086,0,0,zero,0,3146,87,15
1586679054825327273,first,1,3270,43,-13,second,2,3122,28,13,zero,0,3350,102,2
1586679054889120702,first,1,3276,10,0,second,2,3186,62,16,zero,0,3428,77,11
1586679055017294864,first,1,3302,15,8,second,2,3399,114,8,zero,0,3441,-4,-2
1586679055145236547,first,1,3416,60,14,second,2,3612,95,6,zero,0,3447,11,12
1586679055209134032,first,1,3504,81,11,second,2,3650,38,-19,zero,0,3490,39,15
1586679055337334214,first,1,3711,103,2,second,2,3638,-11,-3,zero,0,3648,85,12
1586679055401147016,first,1,3794,93,9,second,2,3633,-5,6,zero,0,3743,93,4
1586679055529264338,first,1,3831,10,-3,second,2,3703,48,14,zero,0,3839,20,-4
1586679055593255193,first,1,3828,0,-1,second,2,3783,77,12,zero,0,3833,-3,-4
1586679055721274114,first,1,3835,2,4,second,2,3965,86,10,zero,0,3830,1,4
1586679055849146852,first,1,3905,38,8,second,2,4002,3,-7,zero,0,3879,29,6
1586679055913082301,first,1,3966,54,5,second,2,3990,-10,-5,zero,0,3920,39,4
1586679056041153297,first,1,4087,60,15,second,2,3973,-2,3,zero,0,3989,28,3
1586679056105275371,first,1,4104,24,-4,second,2,3989,13,7,zero,0,3992,3,0
1586679056233339563,first,1,4085,-10,-3,second,2,4072,46,3,zero,0,3996,1,3
1586679056297135836,first,1,4070,-14,-1,second,2,4112,41,-3,zero,0,4007,8,2
1586679056425160147,first,1,4068,1,1,second,2,4122,0,-3,zero,0,4040,15,0
1586679056489066544,first,1,4085,12,3,second,2,4113,-6,-2,zero,0,4040,0,0
1586679056617017436,first,1,4136,26,-11,second,2,4099,-3,0,zero,0,4040,0,0
1586679056745082170,first,1,4138,0,-2,second,2,4101,0,0,zero,0,4040,0,0
1586679056809062664,first,1,4127,-6,-3,second,2,4102,0,0,zero,0,4040,0,0
1586679056937071201,first,1,4101,-12,-1,second,2,4102,0,0,zero,0,4026,-9,-3
1586679057001050503,first,1,4091,-10,-1,second,2,4102,0,0,zero,0,4011,-14,-2
1586679057129377325,first,1,4086,0,0,second,2,4102,0,-3,zero,0,3976,-16,-1
1586679057193055037,first,1,4086,0,-2,second,2,4101,0,-4,zero,0,3961,-14,-1
1586679057321010821,first,1,4085,0,-1,second,2,4080,-10,-3,zero,0,3934,-12,-3
1586679057448969117,first,1,4058,-12,-3,second,2,4051,-13,-4,zero,0,3904,-14,-2
1586679057512967029,first,1,4039,-17,-3,second,2,4035,-13,-3,zero,0,3886,-15,-5
1586679057640945441,first,1,3992,-22,-6,second,2,4000,-16,-6,zero,0,3834,-27,-8
1586679057704898979,first,1,3967,-23,-3,second,2,3981,-18,-4,zero,0,3799,-32,-8
1586679057833105962,first,1,3913,-25,-6,second,2,3923,-29,-7,zero,0,3724,-35,-5
1586679057897078347,first,1,3882,-28,-6,second,2,3888,-33,-7,zero,0,3686,-36,-4
1586679058024956126,first,1,3804,-37,-6,second,2,3806,-39,-6,zero,0,3611,-36,-5
1586679058089115355,first,1,3763,-40,-7,second,2,3763,-42,-8,zero,0,3573,-36,-6
1586679058216999708,first,1,3676,-42,-8,second,2,3669,-46,-8,zero,0,3492,-39,-9
1586679058345003773,first,1,3587,-42,-9,second,2,3568,-49,-8,zero,0,3396,-47,-9
1586679058408913015,first,1,3541,-44,-8,second,2,3517,-49,-5,zero,0,3345,-48,-9
1586679058536951824,first,1,3443,-47,-11,second,2,3416,-49,-6,zero,0,3244,-49,-8
1586679058600866595,first,1,3391,-49,-10,second,2,3367,-49,-7,zero,0,3194,-49,-4
1586679058729020707,first,1,3282,-53,-11,second,2,3262,-50,-7,zero,0,3101,-46,-6
1586679058792864461,first,1,3225,-54,-10,second,2,3208,-51,-7,zero,0,3056,-44,-5
1586679058920947924,first,1,3116,-54,-9,second,2,3101,-52,-7,zero,0,2976,-39,-7
1586679059048869568,first,1,3014,-50,-8,second,2,2995,-51,-6,zero,0,2893,-40,-8
1586679059112915234,first,1,2966,-49,-7,second,2,2946,-48,-6,zero,0,2849,-42,-6
1586679059240920650,first,1,2869,-47,-10,second,2,2855,-43,-5,zero,0,2762,-43,-3
1586679059304965102,first,1,2823,-46,-7,second,2,2811,-42,-6,zero,0,2723,-39,-4
1586679059432809564,first,1,2735,-43,-9,second,2,2732,-38,-7,zero,0,2658,-30,-3
1586679059497178723,first,1,2691,-42,-7,second,2,2693,-37,-6,zero,0,2628,-29,-3
1586679059624852924,first,1,2613,-38,-6,second,2,2620,-35,-5,zero,0,2569,-28,-3
1586679059688961212,first,1,2576,-36,-4,second,2,2584,-35,-5,zero,0,2541,-28,-1
1586679059816978884,first,1,2504,-34,-4,second,2,2513,-34,-5,zero,0,2492,-23,-1
1586679059945153145,first,1,2439,-31,-3,second,2,2449,-30,-3,zero,0,2453,-18,-1
1586679060008807566,first,1,2410,-29,-3,second,2,2421,-27,-3,zero,0,2434,-17,-5
1586679060136979946,first,1,2365,-21,-1,second,2,2368,-24,-2,zero,0,2394,-18,-3
1586679060200944208,first,1,2347,-17,-1,second,2,2343,-24,-2,zero,0,2373,-19,-1
1586679060328794737,first,1,2314,-15,-3,second,2,2299,-20,-1,zero,0,2332,-19,-2
1586679060392835065,first,1,2298,-15,-3,second,2,2285,-14,-1,zero,0,2312,-19,-1
1586679060520862066,first,1,2261,-16,-3,second,2,2265,-9,-1,zero,0,2275,-18,-3
1586679060649076269,first,1,2226,-16,-2,second,2,2241,-11,-2,zero,0,2242,-14,-4
1586679060712805129,first,1,2210,-15,-2,second,2,2227,-12,-4,zero,0,2228,-14,-3
1586679060841183925,first,1,2180,-14,-1,second,2,2195,-14,-4,zero,0,2195,-15,-4
1586679060904833588,first,1,2166,-13,-2,second,2,2179,-14,-2,zero,0,2173,-19,-4
1586679061032810323,first,1,2138,-12,-3,second,2,2145,-15,-4,zero,0,2116,-29,-5
1586679061096874875,first,1,2123,-13,-3,second,2,2129,-15,-5,zero,0,2083,-31,-3
1586679061224825970,first,1,2084,-18,-4,second,2,2084,-21,-6,zero,0,2023,-29,-3
1586679061288917806,first,1,2061,-21,-5,second,2,2056,-26,-6,zero,0,1995,-28,-2
1586679061416861613,first,1,2005,-27,-6,second,2,1995,-29,-4,zero,0,1934,-28,-5
1586679061544787106,first,1,1937,-33,-7,second,2,1931,-30,-5,zero,0,1869,-31,-4
1586679061609047557,first,1,1899,-35,-6,second,2,1899,-31,-5,zero,0,1832,-34,-5
1586679061736782641,first,1,1819,-37,-7,second,2,1830,-33,-6,zero,0,1748,-43,-9
1586679061800691087,first,1,1780,-38,-6,second,2,1793,-35,-8,zero,0,1699,-47,-9
1586679061928763517,first,1,1699,-38,-8,second,2,1706,-44,-9,zero,0,1599,-48,-7
1586679061992731972,first,1,1657,-39,-7,second,2,1656,-48,-7,zero,0,1550,-48,-4
1586679062120854549,first,1,1570,-42,-8,second,2,1547,-53,-6,zero,0,1454,-46,-7
1586679062248712855,first,1,1472,-48,-12,second,2,1438,-54,-6,zero,0,1365,-43,-7
1586679062312797000,first,1,1419,-51,-10,second,2,1384,-53,-6,zero,0,1317,-45,-6
1586679062440725355,first,1,1310,-53,-9,second,2,1287,-47,-4,zero,0,1212,-51,-7
1586679062504641282,first,1,1254,-54,-11,second,2,1241,-45,-6,zero,0,1158,-52,-6
1586679062632776072,first,1,1144,-53,-8,second,2,1147,-46,-7,zero,0,1054,-51,-6
1586679062696688455,first,1,1092,-53,-7,second,2,1096,-48,-8,zero,0,1005,-48,-4
1586679062824833908,first,1,992,-49,-10,second,2,986,-54,-7,zero,0,918,-42,-5
1586679062888724387,first,1,944,-48,-8,second,2,927,-57,-8,zero,0,879,-38,-4
1586679063016962013,first,1,846,-47,-9,second,2,813,-55,-6,zero,0,805,-36,-6
1586679063144850769,first,1,749,-47,-8,second,2,720,-42,-4,zero,0,723,-39,-6
1586679063208721921,first,1,702,-47,-9,second,2,683,-37,-5,zero,0,681,-40,-6
1586679063336517478,first,1,610,-44,-7,second,2,619,-31,-5,zero,0,604,-37,-4
1586679063400807939,first,1,567,-42,-4,second,2,586,-31,-5,zero,0,570,-33,-4
1586679063528625869,first,1,491,-37,-4,second,2,518,-32,-7,zero,0,512,-27,-1
1586679063593240100,first,1,455,-35,-4,second,2,481,-34,-6,zero,0,486,-25,-2
1586679063720685908,first,1,387,-32,-4,second,2,407,-35,-6,zero,0,442,-20,-1
1586679063848779396,first,1,332,-26,-2,second,2,338,-32,-4,zero,0,403,-18,-3
1586679063912650042,first,1,309,-22,-2,second,2,309,-28,-3,zero,0,383,-18,-4
1586679064040595416,first,1,272,-17,-1,second,2,262,-22,-1,zero,0,337,-21,-3
1586679064104608874,first,1,254,-16,-3,second,2,244,-17,-2,zero,0,316,-21,-1
1586679064232546527,first,1,217,-16,-3,second,2,219,-11,-1,zero,0,297,-4,0
1586679064296603932,first,1,201,-16,-2,second,2,208,-10,-1,zero,0,297,0,0
1586679064424688971,first,1,174,-12,-1,second,2,188,-9,-1,zero,0,290,-3,-1
1586679064488562227,first,1,169,-7,0,second,2,181,-7,-1,zero,0,285,-3,-1
1586679064616528202,first,1,169,0,0,second,2,171,-3,0,zero,0,284,0,-1
1586679064743707530,first,1,169,0,0,second,2,171,0,0,zero,0,284,0,0
1586679064808114044,first,1,169,0,0,second,2,171,0,0,zero,0,286,0,0
1586679064936515411,first,1,169,0,0,second,2,171,0,0,zero,0,303,9,1
1586679065000599458,first,1,169,0,0,second,2,171,0,0,zero,0,320,15,2
1586679065128568627,first,1,174,1,1,second,2,176,3,1,zero,0,354,13,1
1586679065192710806,first,1,189,10,1,second,2,194,14,2,zero,0,354,0,0
1586679065320581999,first,1,241,25,1,second,2,255,31,1,zero,0,373,13,6
1586679065448599635,first,1,307,30,1,second,2,290,8,1,zero,0,452,44,9
1586679065512548617,first,1,339,31,1,second,2,300,8,3,zero,0,511,55,7
1586679065640561465,first,1,405,31,2,second,2,372,42,7,zero,0,618,45,4
1586679065703819725,first,1,443,35,4,second,2,434,60,7,zero,0,627,10,1
1586679065832698230,first,1,539,46,2,second,2,588,76,3,zero,0,664,24,12
1586679065896693785,first,1,593,50,4,second,2,654,64,10,zero,0,713,47,15
1586679066024565333,first,1,712,59,4,second,2,681,4,0,zero,0,877,88,10
1586679066088542902,first,1,777,62,2,second,2,688,5,6,zero,0,974,95,5
1586679066216615093,first,1,901,61,1,second,2,782,59,17,zero,0,1070,21,-1
1586679066344395087,first,1,958,19,1,second,2,991,111,8,zero,0,1079,4,10
1586679066408408573,first,1,962,2,2,second,2,1111,119,2,zero,0,1110,27,14
1586679066536543607,first,1,1032,39,16,second,2,1252,42,-17,zero,0,1243,76,14
1586679066600507415,first,1,1108,67,15,second,2,1256,4,-10,zero,0,1336,90,10
1586679066728610395,first,1,1324,111,9,second,2,1239,-5,4,zero,0,1494,65,12
1586679066792581743,first,1,1443,117,4,second,2,1259,19,12,zero,0,1512,17,-5
1586679066920426416,first,1,1576,53,-16,second,2,1402,86,16,zero,0,1517,3,6
1586679067048436966,first,1,1563,-9,-3,second,2,1640,123,5,zero,0,1585,42,13
1586679067112377464,first,1,1553,-13,1,second,2,1745,106,-4,zero,0,1650,63,11
1586679067240442434,first,1,1606,30,15,second,2,1798,6,-10,zero,0,1808,78,1
1586679067304278447,first,1,1677,60,16,second,2,1783,-13,-5,zero,0,1860,53,3
1586679067432504494,first,1,1875,100,4,second,2,1759,-5,4,zero,0,1856,-10,-3
1586679067496319379,first,1,1961,93,14,second,2,1776,14,6,zero,0,1847,-9,0
1586679067624420765,first,1,1988,4,-10,second,2,1873,57,9,zero,0,1873,18,9
1586679067688399534,first,1,1963,-18,-8,second,2,1944,70,5,zero,0,1910,34,7
1586679067816471688,first,1,1915,-23,2,second,2,2026,20,-2,zero,0,1987,33,2
1586679067944367595,first,1,1951,21,5,second,2,2017,-7,-4,zero,0,1988,0,0
1586679068008366072,first,1,1994,37,3,second,2,2003,-12,-2,zero,0,1988,0,0
1586679068136424077,first,1,2039,14,-2,second,2,1997,0,0,zero,0,2001,8,2
1586679068200366580,first,1,2038,0,-2,second,2,2001,2,1,zero,0,2019,16,2
1586679068328276076,first,1,2039,0,0,second,2,2042,22,2,zero,0,2054,14,0
1586679068392371963,first,1,2038,0,0,second,2,2064,23,6,zero,0,2055,0,0
1586679068520781403,first,1,2054,8,2,second,2,2068,0,0,zero,0,2069,8,4
1586679068648378773,first,1,2091,17,3,second,2,2068,0,0,zero,0,2112,23,1
1586679068712294041,first,1,2092,3,0,second,2,2073,2,2,zero,0,2141,27,2
1586679068840310409,first,1,2098,1,4,second,2,2122,27,3,zero,0,2192,21,0
1586679068904966054,first,1,2117,12,5,second,2,2160,35,1,zero,0,2192,0,0
1586679069032317899,first,1,2194,39,4,second,2,2198,7,0,zero,0,2213,16,9
1586679069096422006,first,1,2243,47,1,second,2,2199,0,0,zero,0,2250,33,9
1586679069224283158,first,1,2294,16,0,second,2,2228,19,8,zero,0,2364,59,5
1586679069288264855,first,1,2294,1,0,second,2,2270,39,8,zero,0,2423,59,1
1586679069416319152,first,1,2321,15,7,second,2,2401,68,4,zero,0,2470,7,0
1586679069544294483,first,1,2427,55,8,second,2,2482,19,0,zero,0,2496,19,11
1586679069608378161,first,1,2503,71,4,second,2,2485,2,0,zero,0,2541,42,12
1586679069736404555,first,1,2651,72,9,second,2,2511,19,10,zero,0,2687,78,11
1586679069800297595,first,1,2672,31,1,second,2,2558,43,15,zero,0,2772,83,5
1586679069928398916,first,1,2680,1,4,second,2,2730,94,11,zero,0,2857,17,1
1586679069992254611,first,1,2707,18,8,second,2,2839,105,5,zero,0,2861,3,4
1586679070120217047,first,1,2837,68,12,second,2,2969,37,-1,zero,0,2920,39,14
1586679070248312188,first,1,3038,102,6,second,2,2974,0,0,zero,0,3077,88,12
1586679070312214975,first,1,3142,104,1,second,2,2980,3,8,zero,0,3177,99,6
1586679070440157148,first,1,3253,42,1,second,2,3082,65,21,zero,0,3339,67,8
1586679070504278293,first,1,3258,10,0,second,2,3188,104,18,zero,0,3356,17,-6
1586679070632208358,first,1,3283,13,6,second,2,3455,134,2,zero,0,3362,3,6
1586679070696153302,first,1,3325,34,10,second,2,3563,108,-28,zero,0,3388,23,14
1586679070824246937,first,1,3488,85,13,second,2,3609,3,-12,zero,0,3524,76,15
1586679070888191440,first,1,3598,104,8,second,2,3592,-14,-4,zero,0,3617,90,9
1586679071016198316,first,1,3802,101,9,second,2,3596,12,11,zero,0,3775,66,-31
1586679071144169724,first,1,3847,13,-7,second,2,3727,81,15,zero,0,3787,-1,-1
1586679071208320913,first,1,3837,-4,-4,second,2,3836,107,9,zero,0,3787,0,1
1586679071336167061,first,1,3834,0,5,second,2,4041,91,7,zero,0,3829,26,10
1586679071400154979,first,1,3859,17,10,second,2,4076,35,-2,zero,0,3875,43,9
1586679071528265074,first,1,3978,62,9,second,2,4045,-24,-9,zero,0,3987,55,1
1586679071592159999,first,1,4060,77,5,second,2,4011,-31,-2,zero,0,4023,37,2
1586679071720162938,first,1,4156,35,-3,second,2,4006,9,9,zero,0,4022,-4,-1
1586679071848128061,first,1,4136,-12,-7,second,2,4099,53,5,zero,0,4025,1,2
1586679071912056559,first,1,4113,-20,-2,second,2,4150,51,13,zero,0,4039,11,3
1586679072040069594,first,1,4105,0,4,second,2,4168,0,-4,zero,0,4076,16,2
1586679072104395022,first,1,4122,12,2,second,2,4160,-5,-3,zero,0,4076,0,0
1586679072232205311,first,1,4177,28,-3,second,2,4142,-6,0,zero,0,4076,0,0
1586679072296136781,first,1,4182,9,-2,second,2,4142,0,0,zero,0,4075,0,0
1586679072424089425,first,1,4164,-9,-3,second,2,4142,0,0,zero,0,4076,0,-1
1586679072488089265,first,1,4150,-12,-1,second,2,4141,0,0,zero,0,4074,0,-3
1586679072616028851,first,1,4127,-9,-1,second,2,4142,0,0,zero,0,4046,-13,-3
1586679072744198908,first,1,4108,-8,-1,second,2,4140,0,-5,zero,0,4010,-16,-3
1586679072808199776,first,1,4099,-8,-1,second,2,4131,-6,-6,zero,0,3993,-16,-4
1586679072936080282,first,1,4079,-8,-1,second,2,4100,-15,-5,zero,0,3957,-16,-5
1586679073000177992,first,1,4067,-9,-1,second,2,4081,-17,-3,zero,0,3938,-17,-4
1586679073128123592,first,1,4037,-13,-5,second,2,4036,-21,-5,zero,0,3893,-21,-7
1586679073192016247,first,1,4019,-16,-3,second,2,4009,-24,-5,zero,0,3862,-29,-6
1586679073320033302,first,1,3971,-22,-5,second,2,3953,-26,-5,zero,0,3793,-32,-6
1586679073448048638,first,1,3908,-31,-6,second,2,3895,-27,-6,zero,0,3719,-35,-6
1586679073512039440,first,1,3868,-37,-7,second,2,3863,-29,-6,zero,0,3681,-35,-5
1586679073640027271,first,1,3782,-40,-6,second,2,3793,-34,-6,zero,0,3603,-36,-8
1586679073703967103,first,1,3741,-41,-6,second,2,3753,-38,-8,zero,0,3565,-37,-6
1586679073832042381,first,1,3658,-41,-6,second,2,3660,-46,-9,zero,0,3478,-43,-10
1586679073896019241,first,1,3616,-41,-8,second,2,3608,-50,-10,zero,0,3428,-47,-5
1586679074023933879,first,1,3526,-43,-10,second,2,3499,-53,-9,zero,0,3326,-49,-5
1586679074087982976,first,1,3476,-46,-10,second,2,3443,-54,-8,zero,0,3278,-47,-7
1586679074216102848,first,1,3370,-52,-11,second,2,3333,-54,-5,zero,0,3181,-47,-5
1586679074343981643,first,1,3258,-55,-9,second,2,3226,-52,-8,zero,0,3085,-47,-6
1586679074407890421,first,1,3200,-56,-9,second,2,3174,-51,-7,zero,0,3039,-46,-4
1586679074535939907,first,1,3086,-56,-10,second,2,3075,-49,-7,zero,0,2951,-43,-6
1586679074599989067,first,1,3031,-54,-7,second,2,3026,-49,-7,zero,0,2906,-43,-7
1586679074727990156,first,1,2932,-48,-8,second,2,2926,-48,-7,zero,0,2814,-44,-4
1586679074792040059,first,1,2886,-45,-7,second,2,2876,-48,-5,zero,0,2775,-41,-4
1586679074919996105,first,1,2798,-43,-8,second,2,2779,-47,-4,zero,0,2705,-33,-4
1586679075048009320,first,1,2710,-42,-8,second,2,2692,-40,-3,zero,0,2642,-31,-4
1586679075111905296,first,1,2668,-41,-7,second,2,2654,-37,-4,zero,0,2611,-30,-4
1586679075240036361,first,1,2588,-39,-6,second,2,2588,-31,-4,zero,0,2550,-28,-2
1586679075303817856,first,1,2549,-38,-5,second,2,2557,-29,-5,zero,0,2522,-28,-2
1586679075431866112,first,1,2476,-35,-4,second,2,2498,-28,-3,zero,0,2468,-26,-1
1586679075496231786,first,1,2443,-32,-2,second,2,2468,-28,-6,zero,0,2443,-24,-1
1586679075623875704,first,1,2389,-25,-2,second,2,2405,-29,-4,zero,0,2418,-9,-1
1586679075687853436,first,1,2369,-21,-1,second,2,2375,-29,-3,zero,0,2406,-9,-4
1586679075816313847,first,1,2337,-14,-1,second,2,2322,-24,-1,zero,0,2368,-19,-4
1586679075943967935,first,1,2305,-14,-4,second,2,2287,-13,-1,zero,0,2321,-22,-2
1586679076008009784,first,1,2287,-15,-5,second,2,2278,-8,-1,zero,0,2297,-22,-2
1586679076135807820,first,1,2251,-16,-2,second,2,2259,-8,-3,zero,0,2260,-14,-1
1586679076200168852,first,1,2233,-16,-2,second,2,2247,-10,-3,zero,0,2251,-8,-2
1586679076327973409,first,1,2202,-15,-1,second,2,2217,-13,-2,zero,0,2225,-12,-4
1586679076391961863,first,1,2187,-14,-2,second,2,2201,-14,-2,zero,0,2208,-15,-5
1586679076519812025,first,1,2160,-12,-1,second,2,2168,-14,-3,zero,0,2165,-20,-4
1586679076647885335,first,1,2129,-14,-5,second,2,2135,-14,-3,zero,0,2105,-31,-7
1586679076711748492,first,1,2112,-15,-2,second,2,2118,-15,-3,zero,0,2073,-31,-3
1586679076839781359,first,1,2072,-18,-3,second,2,2077,-19,-5,zero,0,2014,-29,-3
1586679076903793865,first,1,2050,-20,-4,second,2,2051,-23,-5,zero,0,1986,-28,-3
1586679077031829342,first,1,1998,-24,-7,second,2,1991,-29,-7,zero,0,1926,-28,-2
1586679077095885530,first,1,1969,-27,-7,second,2,1959,-30,-5,zero,0,1895,-28,-4
1586679077223875742,first,1,1898,-34,-7,second,2,1895,-31,-5,zero,0,1826,-34,-8
1586679077287833056,first,1,1858,-37,-7,second,2,1861,-31,-6,zero,0,1787,-37,-6
1586679077415820728,first,1,1778,-38,-7,second,2,1788,-36,-8,zero,0,1699,-43,-7
1586679077543752734,first,1,1697,-39,-7,second,2,1703,-42,-8,zero,0,1605,-45,-7
1586679077607793792,first,1,1655,-39,-7,second,2,1656,-44,-8,zero,0,1557,-47,-8
1586679077735844182,first,1,1568,-42,-8,second,2,1553,-51,-7,zero,0,1455,-48,-7
1586679077799966571,first,1,1522,-44,-10,second,2,1499,-52,-8,zero,0,1405,-48,-6
1586679077927681735,first,1,1422,-49,-10,second,2,1391,-53,-8,zero,0,1310,-46,-7
1586679077991806091,first,1,1368,-51,-11,second,2,1338,-53,-7,zero,0,1262,-46,-6
1586679078119879685,first,1,1257,-54,-11,second,2,1233,-51,-6,zero,0,1156,-51,-7
1586679078247755946,first,1,1142,-56,-9,second,2,1132,-50,-8,zero,0,1053,-50,-6
1586679078311742957,first,1,1087,-56,-10,second,2,1082,-50,-8,zero,0,1002,-50,-6
1586679078439705758,first,1,978,-54,-8,second,2,977,-51,-7,zero,0,906,-47,-5
1586679078503823859,first,1,926,-51,-8,second,2,922,-53,-8,zero,0,864,-43,-5
1586679078631702219,first,1,828,-48,-7,second,2,811,-53,-6,zero,0,788,-36,-5
1586679078695772028,first,1,780,-47,-8,second,2,757,-53,-6,zero,0,751,-36,-5
1586679078823793031,first,1,686,-46,-7,second,2,663,-44,-2,zero,0,674,-37,-6
1586679078887620050,first,1,641,-45,-6,second,2,624,-38,-4,zero,0,635,-37,-5
1586679079015666954,first,1,554,-43,-7,second,2,559,-30,-3,zero,0,563,-35,-5
1586679079143808696,first,1,474,-38,-4,second,2,500,-28,-6,zero,0,501,-29,-1
1586679079207648635,first,1,438,-36,-4,second,2,469,-29,-6,zero,0,473,-27,-1
1586679079335668825,first,1,372,-31,-1,second,2,405,-30,-6,zero,0,430,-18,-2
1586679079399768378,first,1,345,-27,-3,second,2,373,-30,-5,zero,0,414,-16,-3
1586679079527738312,first,1,304,-18,-2,second,2,310,-29,-3,zero,0,380,-15,-5
1586679079591710408,first,1,289,-15,-1,second,2,283,-27,-3,zero,0,360,-17,-3
1586679079719605321,first,1,255,-15,-3,second,2,237,-20,-1,zero,0,322,-17,-3
1586679079847716965,first,1,217,-17,-1,second,2,216,-7,-1,zero,0,293,-12,-1
1586679079911595122,first,1,201,-17,-3,second,2,208,-7,-2,zero,0,284,-8,-1
1586679080039701149,first,1,171,-13,-1,second,2,189,-8,-1,zero,0,281,0,0
1586679080103724496,first,1,165,-8,0,second,2,179,-8,-2,zero,0,280,0,-1
1586679080231701334,first,1,165,0,0,second,2,166,-3,0,zero,0,280,0,0
1586679080295634022,first,1,166,0,0,second,2,166,0,0,zero,0,280,0,0
1586679080423648285,first,1,165,0,0,second,2,166,0,0,zero,0,281,0,0
1586679080487569531,first,1,166,0,0,second,2,166,0,0,zero,0,283,0,1
1586679080615540672,first,1,166,0,0,second,2,167,0,0,zero,0,314,16,1
1586679080743660983,first,1,171,1,2,second,2,172,2,2,zero,0,355,18,1
1586679080807917851,first,1,184,9,2,second,2,187,12,2,zero,0,355,0,0
1586679080935677898,first,1,235,24,1,second,2,248,31,1,zero,0,374,12,7
1586679080999609388,first,1,266,28,2,second,2,286,35,1,zero,0,403,27,9
1586679081127471686,first,1,340,35,1,second,2,321,8,1,zero,0,502,53,6
1586679081191665003,first,1,379,37,1,second,2,330,6,5,zero,0,567,60,4
1586679081319499818,first,1,462,40,1,second,2,401,42,10,zero,0,624,11,1
1586679081447517605,first,1,500,11,0,second,2,541,73,4,zero,0,659,23,11
1586679081511490182,first,1,506,2,5,second,2,619,75,1,zero,0,705,42,11
1586679081639460490,first,1,576,38,13,second,2,695,19,-1,zero,0,844,73,6
1586679081703535902,first,1,645,61,12,second,2,697,1,0,zero,0,922,76,3
1586679081831573405,first,1,826,91,6,second,2,725,20,10,zero,0,992,13,-1
1586679081895498023,first,1,920,94,1,second,2,774,45,14,zero,0,995,1,3
1586679082023462052,first,1,1011,33,-3,second,2,944,93,10,zero,0,1056,39,13
1586679082087580449,first,1,1012,5,-1,second,2,1053,107,7,zero,0,1124,66,16
1586679082215458998,first,1,1040,15,14,second,2,1250,88,8,zero,0,1313,95,7
1586679082343519327,first,1,1186,80,19,second,2,1288,5,-3,zero,0,1415,23,-5
1586679082407435871,first,1,1303,109,13,second,2,1288,0,0,zero,0,1418,2,0
1586679082535499772,first,1,1528,111,9,second,2,1319,23,8,zero,0,1446,20,12
1586679082599464793,first,1,1570,57,-10,second,2,1370,50,14,zero,0,1493,43,14
1586679082727370678,first,1,1554,-12,-3,second,2,1545,96,9,zero,0,1639,76,7
1586679082791513488,first,1,1541,-16,2,second,2,1653,107,4,zero,0,1700,62,-28
1586679082919604693,first,1,1591,29,12,second,2,1787,40,-1,zero,0,1718,1,2
1586679083047431626,first,1,1749,81,8,second,2,1779,-11,-7,zero,0,1754,21,7
1586679083111551348,first,1,1842,92,3,second,2,1764,-15,-1,zero,0,1788,32,5
1586679083239103076,first,1,1944,38,-6,second,2,1777,15,8,zero,0,1876,43,2
1586679083303073713,first,1,1941,4,-7,second,2,1817,38,10,zero,0,1909,33,3
1586679083431188489,first,1,1906,-17,-1,second,2,1955,73,4,zero,0,1913,0,0
1586679083495100831,first,1,1899,-10,2,second,2,2017,63,-4,zero,0,1918,2,3
1586679083623308631,first,1,1936,20,5,second,2,2035,0,-6,zero,0,1957,22,4
1586679083687124999,first,1,1976,35,4,second,2,2018,-14,-4,zero,0,1988,28,2
1586679083815258959,first,1,2061,42,4,second,2,1993,-7,0,zero,0,2010,1,0
1586679083943294324,first,1,2063,-1,-2,second,2,2018,17,3,zero,0,2012,0,0
1586679084007208378,first,1,2050,-10,-2,second,2,2050,29,2,zero,0,2016,1,2
1586679084135063324,first,1,2032,-7,0,second,2,2084,7,-2,zero,0,2033,7,1
1586679084198994937,first,1,2037,1,2,second,2,2082,0,-1,zero,0,2043,7,1
1586679084327108381,first,1,2075,18,1,second,2,2065,-8,-1,zero,0,2047,0,0
1586679084391190778,first,1,2092,19,-10,second,2,2061,-4,0,zero,0,2048,0,0
1586679084518955745,first,1,2094,0,-2,second,2,2061,0,0,zero,0,2051,0,0
1586679084647202540,first,1,2094,0,-2,second,2,2065,0,0,zero,0,2054,0,0
1586679084710971711,first,1,2094,0,-2,second,2,2067,0,0,zero,0,2055,0,0
1586679084839031076,first,1,2094,0,-2,second,2,2070,0,0,zero,0,2058,0,0
1586679084903084983,first,1,2094,0,-2,second,2,2072,0,0,zero,0,2059,0,0
1586679085031119204,first,1,2094,0,-2,second,2,2075,0,0,zero,0,2062,0,0
1586679085094851700,first,1,2094,0,-2,second,2,2076,0,0,zero,0,2064,0,0
1586679085223088691,first,1,2094,0,-2,second,2,2079,0,0,zero,0,2066,0,0
1586679085286979780,first,1,2094,0,-2,second,2,2081,0,0,zero,0,2068,0,0
1586679085415088604,first,1,2094,0,-1,second,2,2084,0,0,zero,0,2070,0,0
1586679085542995345,first,1,2094,0,0,second,2,2087,0,0,zero,0,2073,0,0
1586679085607051973,first,1,2094,0,0,second,2,2088,0,0,zero,0,2075,0,0
1586679085735154049,first,1,2094,0,0,second,2,2091,0,0,zero,0,2078,0,0
1586679085799189715,first,1,2094,0,0,second,2,2093,0,0,zero,0,2079,0,0
1586679085926918339,first,1,2094,0,0,second,2,2096,0,0,zero,0,2081,0,0
1586679085990378965,first,1,2093,0,0,second,2,2097,0,0,zero,0,2082,0,0
1586679086119115287,first,1,2094,0,0,second,2,2102,0,0,zero,0,2084,0,0
1586679086246961755,first,1,2094,0,0,second,2,2104,0,0,zero,0,2087,0,0
1586679086311110897,first,1,2094,0,0,second,2,2106,0,0,zero,0,2088,0,0
1586679086390299994,first,1,2094,0,0,second,2,2107,0,0,zero,0,2090,0,0
1586679086518856012,first,1,2094,0,0,second,2,2107,0,-1,zero,0,2092,0,0
1586679086647004562,first,1,2094,0,0,second,2,2107,0,0,zero,0,2095,0,0
1586679086711080205,first,1,2093,0,0,second,2,2107,0,0,zero,0,2096,0,0
1586679086839133698,first,1,2094,0,0,second,2,2107,0,0,zero,0,2098,0,0
1586679086902967017,first,1,2093,0,0,second,2,2107,0,0,zero,0,2099,0,0
1586679087031071191,first,1,2094,0,0,second,2,2107,0,0,zero,0,2102,0,0
1586679087095151925,first,1,2094,0,0,second,2,2107,0,0,zero,0,2103,0,0
1586679087222909858,first,1,2094,0,0,second,2,2107,0,0,zero,0,2106,0,0
1586679087287168368,first,1,2094,0,0,second,2,2107,0,0,zero,0,2107,0,0
1586679087414914106,first,1,2094,0,0,second,2,2107,0,0,zero,0,2110,0,0
1586679087542833815,first,1,2094,0,0,second,2,2107,0,0,zero,0,2106,-1,-1
1586679087606903364,first,1,2094,0,0,second,2,2107,0,0,zero,0,2104,-1,0
1586679087734866928,first,1,2093,0,0,second,2,2107,0,0,zero,0,2103,0,0
1586679087799607087,first,1,2094,0,0,second,2,2107,0,0,zero,0,2104,0,0
1586679087926797822,first,1,2094,0,0,second,2,2107,0,0,zero,0,2104,0,0
1586679087990884965,first,1,2094,0,0,second,2,2107,0,0,zero,0,2103,0,0
1586679088119077428,first,1,2094,0,0,second,2,2107,0,0,zero,0,2103,0,0
