1586433373829626660,first,1,2143,0,-2,second,2,2148,0,0,zero,0,2154,0,0
1586433373893370803,first,1,2143,0,-2,second,2,2148,0,0,zero,0,2155,0,0
1586433374021653268,first,1,2143,0,-2,second,2,2149,0,0,zero,0,2158,0,0
1586433374149274692,first,1,2142,0,-2,second,2,2149,0,0,zero,0,2160,0,0
1586433374213706337,first,1,2143,0,0,second,2,2149,0,0,zero,0,2162,0,-1
1586433374341335156,first,1,2143,0,0,second,2,2148,0,0,zero,0,2161,0,-1
1586433374405320685,first,1,2143,0,0,second,2,2148,0,0,zero,0,2161,0,-1
1586433374532998043,first,1,2143,0,-1,second,2,2148,0,0,zero,0,2162,0,-1
1586433374597191684,first,1,2143,0,-1,second,2,2149,0,0,zero,0,2161,0,0
1586433374725582857,first,1,2143,0,0,second,2,2148,0,0,zero,0,2161,0,-1
1586433374789430914,first,1,2143,0,0,second,2,2148,0,0,zero,0,2161,0,-1
1586433374917491634,first,1,2143,0,0,second,2,2148,0,0,zero,0,2161,0,-1
1586433375045786486,first,1,2143,0,0,second,2,2148,0,0,zero,0,2161,0,-1
1586433375109413283,first,1,2143,0,-1,second,2,2149,0,0,zero,0,2162,0,-1
1586433375237524993,first,1,2143,0,-1,second,2,2148,0,0,zero,0,2161,0,-1
1586433375301427773,first,1,2143,0,0,second,2,2148,0,0,zero,0,2161,0,-1
1586433375429500182,first,1,2143,0,-1,second,2,2148,0,0,zero,0,2161,0,-1
1586433375493501118,first,1,2143,0,-1,second,2,2148,0,0,zero,0,2161,0,-1
1586433375621476593,first,1,2143,0,0,second,2,2148,0,0,zero,0,2161,0,-1
1586433375749551374,first,1,2143,0,-1,second,2,2148,0,0,zero,0,2161,0,-1
1586433375813545249,first,1,2143,0,0,second,2,2148,0,0,zero,0,2161,0,-1
1586433375940897593,first,1,2143,0,0,second,2,2148,0,0,zero,0,2161,0,-1
1586433376004977282,first,1,2143,0,0,second,2,2148,0,0,zero,0,2161,0,-1
1586433376132966674,first,1,2143,0,-1,second,2,2148,0,0,zero,0,2160,0,-1
1586433376196952829,first,1,2143,0,0,second,2,2148,0,0,zero,0,2158,0,0
1586433376324988049,first,1,2143,0,0,second,2,2148,0,0,zero,0,2157,0,0
1586433376388939439,first,1,2143,0,0,second,2,2148,0,0,zero,0,2157,0,-1
1586433376516929074,first,1,2143,0,0,second,2,2148,0,0,zero,0,2157,0,4
1586433376644908843,first,1,2143,0,0,second,2,2148,0,0,zero,0,2155,0,-7
1586433376708916195,first,1,2143,0,0,second,2,2148,0,0,zero,0,2154,0,-1
1586433376836976469,first,1,2143,0,0,second,2,2148,0,0,zero,0,2153,0,-1
1586433376900942006,first,1,2143,0,0,second,2,2148,0,0,zero,0,2153,0,-1
1586433377029041191,first,1,2143,0,0,second,2,2148,0,0,zero,0,2153,0,0
1586433377093429288,first,1,2143,0,-1,second,2,2148,0,0,zero,0,2152,0,-2
1586433377222569169,first,1,2142,0,-1,second,2,2148,0,0,zero,0,2151,0,0
1586433377349486754,first,1,2143,0,-1,second,2,2148,0,0,zero,0,2151,0,-2
1586433377413507512,first,1,2143,0,-1,second,2,2149,0,0,zero,0,2151,0,-1
1586433377541483558,first,1,2143,0,0,second,2,2148,0,0,zero,0,2150,0,-1
1586433377605397122,first,1,2143,0,0,second,2,2149,0,0,zero,0,2151,0,-1
1586433377733630772,first,1,2143,0,0,second,2,2148,0,0,zero,0,2149,0,0
1586433377797538508,first,1,2143,0,-1,second,2,2149,0,0,zero,0,2149,0,0
1586433377925454184,first,1,2143,0,0,second,2,2148,0,0,zero,0,2149,0,-2
1586433378055135052,first,1,2143,0,0,second,2,2149,0,0,zero,0,2148,0,-1
1586433378117179565,first,1,2143,0,0,second,2,2148,0,0,zero,0,2148,0,-1
1586433378246135564,first,1,2143,0,0,second,2,2148,0,0,zero,0,2161,9,0
1586433378310365252,first,1,2143,0,0,second,2,2149,0,0,zero,0,2162,0,0
1586433378437773607,first,1,2143,0,0,second,2,2148,0,0,zero,0,2162,0,0
1586433378501729142,first,1,2143,0,0,second,2,2148,0,0,zero,0,2161,0,0
1586433378629811061,first,1,2143,0,0,second,2,2148,0,0,zero,0,2162,0,0
1586433378693858349,first,1,2143,0,0,second,2,2149,0,0,zero,0,2161,0,0
1586433378821759981,first,1,2143,0,0,second,2,2149,0,0,zero,0,2161,0,0
1586433378950288548,first,1,2143,0,0,second,2,2149,0,0,zero,0,2162,0,0
1586433379013758847,first,1,2143,0,0,second,2,2148,0,0,zero,0,2162,0,0
1586433379142012713,first,1,2142,0,0,second,2,2148,0,0,zero,0,2162,0,0
1586433379205957151,first,1,2143,0,0,second,2,2148,0,0,zero,0,2162,0,0
1586433379334607438,first,1,2143,0,0,second,2,2148,0,0,zero,0,2161,0,-1
1586433379397836651,first,1,2143,0,0,second,2,2149,0,0,zero,0,2162,0,-1
1586433379525761944,first,1,2143,0,0,second,2,2149,0,0,zero,0,2161,0,0
1586433379589804838,first,1,2143,0,0,second,2,2149,0,0,zero,0,2161,0,0
1586433379718057287,first,1,2143,0,0,second,2,2149,0,0,zero,0,2160,0,0
1586433379846063755,first,1,2143,0,0,second,2,2148,0,0,zero,0,2159,0,-1
1586433379909852013,first,1,2143,0,0,second,2,2148,0,0,zero,0,2159,0,-1
1586433380037798825,first,1,2143,0,0,second,2,2149,0,0,zero,0,2159,0,-1
1586433380101851341,first,1,2143,0,0,second,2,2148,0,0,zero,0,2158,0,-3
1586433380230045827,first,1,2143,0,0,second,2,2148,0,0,zero,0,2157,0,0
1586433380293688319,first,1,2143,0,0,second,2,2148,0,0,zero,0,2156,0,1
1586433380421490204,first,1,2143,0,0,second,2,2148,0,0,zero,0,2154,0,-2
1586433380549265580,first,1,2143,0,0,second,2,2148,0,0,zero,0,2152,0,-1
1586433380613267867,first,1,2143,0,0,second,2,2148,0,0,zero,0,2151,0,-1
1586433380741329116,first,1,2143,0,0,second,2,2148,0,0,zero,0,2149,0,-3
1586433380805498094,first,1,2143,0,0,second,2,2148,0,0,zero,0,2148,0,0
1586433380933837687,first,1,2143,0,0,second,2,2148,0,0,zero,0,2147,0,-1
1586433380997937095,first,1,2143,0,0,second,2,2149,0,0,zero,0,2146,0,0
1586433381126104274,first,1,2143,0,0,second,2,2148,0,0,zero,0,2146,0,-1
1586433381189551857,first,1,2143,0,0,second,2,2148,0,0,zero,0,2144,0,-1
1586433381317583598,first,1,2143,0,0,second,2,2148,0,0,zero,0,2144,0,-1
1586433381445740175,first,1,2142,0,0,second,2,2148,0,0,zero,0,2142,0,-1
1586433381509249631,first,1,2143,0,0,second,2,2148,0,0,zero,0,2142,0,-1
1586433381637495473,first,1,2143,0,0,second,2,2148,0,0,zero,0,2141,0,-1
1586433381701754355,first,1,2143,0,0,second,2,2148,0,0,zero,0,2140,0,0
1586433381829837712,first,1,2143,0,0,second,2,2148,0,0,zero,0,2140,0,-1
1586433381893871600,first,1,2143,0,0,second,2,2148,0,0,zero,0,2140,0,-1
1586433382021859060,first,1,2143,0,0,second,2,2149,0,0,zero,0,2140,0,-1
1586433382149862788,first,1,2143,0,0,second,2,2149,0,0,zero,0,2140,0,-1
1586433382213923905,first,1,2143,0,0,second,2,2148,0,0,zero,0,2139,0,-1
1586433382341577275,first,1,2143,0,0,second,2,2149,0,0,zero,0,2139,0,-1
1586433382405438934,first,1,2143,0,0,second,2,2148,0,0,zero,0,2139,0,-1
1586433382533737177,first,1,2143,0,0,second,2,2148,0,0,zero,0,2139,0,0
1586433382597781941,first,1,2143,0,0,second,2,2148,0,0,zero,0,2139,0,0
1586433382725390232,first,1,2143,0,0,second,2,2148,0,0,zero,0,2139,0,0
1586433382789252150,first,1,2143,0,0,second,2,2148,0,0,zero,0,2140,0,0
1586433382917175589,first,1,2143,0,0,second,2,2148,0,0,zero,0,2153,7,1
1586433383045115023,first,1,2143,0,0,second,2,2149,0,0,zero,0,2189,17,1
1586433383109370658,first,1,2143,0,0,second,2,2148,0,0,zero,0,2210,19,1
1586433383237515662,first,1,2145,0,0,second,2,2151,0,0,zero,0,2254,21,1
1586433383301283633,first,1,2149,0,2,second,2,2154,1,2,zero,0,2277,21,1
1586433383430055238,first,1,2182,16,1,second,2,2191,19,1,zero,0,2319,19,2
1586433383493763862,first,1,2210,24,3,second,2,2220,26,3,zero,0,2342,21,3
1586433383621138437,first,1,2285,36,2,second,2,2291,35,1,zero,0,2400,29,5
1586433383749424245,first,1,2377,45,2,second,2,2375,41,4,zero,0,2480,40,5
1586433383813486816,first,1,2427,47,2,second,2,2423,44,3,zero,0,2526,43,5
1586433383941345329,first,1,2536,52,1,second,2,2522,47,1,zero,0,2629,51,7
1586433384005333257,first,1,2590,53,1,second,2,2573,49,4,zero,0,2686,54,6
1586433384134166977,first,1,2699,53,1,second,2,2682,54,3,zero,0,2804,58,8
1586433384197790743,first,1,2757,55,3,second,2,2741,55,2,zero,0,2866,60,6
1586433384325768318,first,1,2872,56,2,second,2,2864,59,4,zero,0,2985,58,6
1586433384389930805,first,1,2933,58,2,second,2,2928,61,3,zero,0,3042,58,7
1586433384517914547,first,1,3060,62,3,second,2,3059,63,5,zero,0,3159,58,5
1586433384645938110,first,1,3194,66,5,second,2,3191,64,5,zero,0,3273,56,5
1586433384709806426,first,1,3264,67,4,second,2,3258,65,4,zero,0,3328,54,3
1586433384837974316,first,1,3398,67,2,second,2,3393,66,4,zero,0,3431,50,5
1586433384901741156,first,1,3466,66,2,second,2,3459,66,2,zero,0,3483,49,4
1586433385045959202,first,1,3610,62,2,second,2,3602,62,2,zero,0,3597,49,4
1586433385109897255,first,1,3671,60,1,second,2,3664,61,4,zero,0,3647,48,3
1586433385237857212,first,1,3782,54,1,second,2,3783,58,1,zero,0,3738,44,3
1586433385301837351,first,1,3834,50,1,second,2,3838,55,2,zero,0,3783,43,4
1586433385430016600,first,1,3929,47,1,second,2,3940,48,1,zero,0,3867,40,4
1586433385493973787,first,1,3975,46,1,second,2,3986,45,1,zero,0,3905,38,2
1586433385621829179,first,1,4018,14,0,second,2,4025,6,0,zero,0,3973,32,1
1586433385749934275,first,1,4021,0,0,second,2,4028,0,0,zero,0,3995,1,0
1586433385813870747,first,1,4023,0,0,second,2,4029,0,0,zero,0,3995,0,0
1586433385941490664,first,1,4027,0,0,second,2,4032,0,0,zero,0,3995,0,0
1586433386005633086,first,1,4028,0,0,second,2,4034,0,0,zero,0,3995,0,0
1586433386134092743,first,1,4032,0,0,second,2,4037,0,0,zero,0,3995,0,0
1586433386197798802,first,1,4034,0,0,second,2,4039,0,0,zero,0,3995,0,0
1586433386325857125,first,1,4037,0,0,second,2,4042,0,0,zero,0,3995,0,0
1586433386389801718,first,1,4039,0,0,second,2,4043,0,0,zero,0,3995,0,0
1586433386518005987,first,1,4040,0,0,second,2,4043,0,0,zero,0,3995,0,0
1586433386661816501,first,1,4040,0,0,second,2,4043,0,0,zero,0,3995,0,-1
1586433386726008472,first,1,4040,0,0,second,2,4043,0,0,zero,0,3995,0,-1
1586433386790076650,first,1,4040,0,0,second,2,4043,0,0,zero,0,3994,0,-1
1586433386918091735,first,1,4040,0,0,second,2,4043,0,0,zero,0,3989,-1,-4
1586433387046235947,first,1,4040,0,0,second,2,4043,0,0,zero,0,3959,-14,-4
1586433387109962626,first,1,4040,0,0,second,2,4043,0,0,zero,0,3941,-16,-3
1586433387238004545,first,1,4040,0,0,second,2,4043,0,0,zero,0,3904,-17,-5
1586433387302005933,first,1,4040,0,-1,second,2,4043,0,-1,zero,0,3884,-17,-6
1586433387430047961,first,1,4040,0,-2,second,2,4043,0,-1,zero,0,3846,-17,-3
1586433387493844584,first,1,4038,0,-2,second,2,4042,0,-2,zero,0,3826,-18,-5
1586433387622047784,first,1,4021,-7,-4,second,2,4027,-7,-2,zero,0,3785,-19,-4
1586433387749887188,first,1,3992,-13,-3,second,2,4001,-11,-5,zero,0,3736,-23,-6
1586433387813841540,first,1,3973,-16,-3,second,2,3987,-13,-6,zero,0,3705,-29,-4
1586433387942114713,first,1,3931,-20,-7,second,2,3950,-17,-5,zero,0,3636,-33,-4
1586433388005921501,first,1,3906,-22,-7,second,2,3925,-22,-6,zero,0,3604,-31,-7
1586433388133860007,first,1,3843,-30,-6,second,2,3863,-29,-9,zero,0,3542,-29,-7
1586433388198026210,first,1,3807,-33,-7,second,2,3828,-33,-9,zero,0,3510,-30,-5
1586433388326268745,first,1,3728,-38,-7,second,2,3751,-37,-10,zero,0,3439,-32,-7
1586433388390011329,first,1,3688,-38,-7,second,2,3708,-40,-10,zero,0,3401,-34,-7
1586433388518212457,first,1,3606,-39,-8,second,2,3615,-45,-9,zero,0,3326,-37,-6
1586433388646675429,first,1,3521,-41,-9,second,2,3517,-48,-11,zero,0,3251,-36,-8
1586433388709838776,first,1,3478,-41,-9,second,2,3465,-49,-10,zero,0,3214,-36,-6
1586433388838281403,first,1,3387,-43,-9,second,2,3360,-51,-9,zero,0,3139,-36,-7
1586433388901871510,first,1,3342,-44,-8,second,2,3307,-51,-10,zero,0,3102,-36,-7
1586433389030004176,first,1,3248,-46,-9,second,2,3204,-51,-9,zero,0,3029,-36,-6
1586433389093911538,first,1,3198,-47,-11,second,2,3155,-50,-8,zero,0,2993,-35,-4
1586433389221952502,first,1,3099,-48,-11,second,2,3061,-46,-7,zero,0,2923,-34,-6
1586433389350079553,first,1,2997,-49,-10,second,2,2972,-43,-8,zero,0,2854,-34,-4
1586433389414033923,first,1,2948,-49,-10,second,2,2929,-42,-9,zero,0,2821,-32,-2
1586433389541844427,first,1,2853,-47,-9,second,2,2844,-41,-7,zero,0,2766,-26,-2
1586433389605870321,first,1,2809,-44,-9,second,2,2801,-41,-8,zero,0,2742,-23,-5
1586433389733982917,first,1,2723,-42,-8,second,2,2720,-39,-8,zero,0,2701,-19,-2
1586433389797922257,first,1,2681,-40,-7,second,2,2682,-37,-6,zero,0,2682,-17,-2
1586433389926045211,first,1,2603,-38,-7,second,2,2609,-34,-7,zero,0,2645,-17,-2
1586433389990097526,first,1,2567,-37,-5,second,2,2577,-31,-5,zero,0,2625,-17,-2
1586433390117920673,first,1,2496,-34,-5,second,2,2517,-29,-5,zero,0,2584,-18,-3
1586433390245969819,first,1,2432,-30,-4,second,2,2459,-27,-5,zero,0,2538,-21,-7
1586433390310039890,first,1,2404,-28,-4,second,2,2433,-26,-5,zero,0,2514,-22,-3
1586433390438039142,first,1,2358,-22,-5,second,2,2379,-25,-5,zero,0,2468,-22,-2
1586433390502181253,first,1,2338,-19,-4,second,2,2352,-25,-5,zero,0,2442,-22,-6
1586433390629951034,first,1,2303,-17,-2,second,2,2299,-25,-3,zero,0,2390,-24,-5
1586433390694015569,first,1,2286,-16,-4,second,2,2273,-24,-4,zero,0,2364,-24,-4
1586433390822086521,first,1,2248,-17,-5,second,2,2226,-23,-3,zero,0,2304,-28,-5
1586433390950517361,first,1,2209,-18,-5,second,2,2178,-22,-5,zero,0,2241,-29,-5
1586433391014250805,first,1,2188,-18,-5,second,2,2156,-22,-5,zero,0,2212,-29,-4
1586433391141965653,first,1,2144,-20,-4,second,2,2116,-19,-5,zero,0,2150,-29,-5
1586433391206042259,first,1,2120,-21,-7,second,2,2100,-16,-4,zero,0,2118,-30,-5
1586433391334156145,first,1,2073,-22,-5,second,2,2067,-15,-5,zero,0,2051,-32,-5
1586433391398427547,first,1,2049,-22,-6,second,2,2051,-15,-4,zero,0,2016,-33,-6
1586433391525897676,first,1,1999,-23,-8,second,2,2013,-18,-7,zero,0,1944,-34,-7
1586433391589986514,first,1,1970,-27,-6,second,2,1989,-23,-7,zero,0,1907,-35,-6
1586433391718057305,first,1,1904,-32,-5,second,2,1929,-28,-7,zero,0,1831,-36,-7
1586433391846179171,first,1,1832,-34,-7,second,2,1861,-33,-8,zero,0,1748,-41,-7
1586433391909892302,first,1,1796,-34,-6,second,2,1823,-36,-8,zero,0,1703,-43,-8
1586433392038137368,first,1,1721,-36,-6,second,2,1739,-41,-8,zero,0,1608,-46,-10
1586433392101972292,first,1,1682,-37,-7,second,2,1696,-42,-9,zero,0,1559,-46,-8
1586433392230411619,first,1,1600,-39,-8,second,2,1603,-46,-9,zero,0,1460,-47,-9
1586433392293984213,first,1,1558,-40,-10,second,2,1551,-49,-10,zero,0,1411,-48,-7
1586433392422011239,first,1,1470,-43,-11,second,2,1444,-53,-9,zero,0,1319,-44,-8
1586433392549944921,first,1,1374,-46,-9,second,2,1336,-54,-9,zero,0,1233,-42,-8
1586433392614345110,first,1,1324,-47,-11,second,2,1282,-53,-9,zero,0,1189,-42,-9
1586433392742063738,first,1,1226,-48,-11,second,2,1178,-51,-9,zero,0,1103,-42,-8
1586433392806044838,first,1,1174,-50,-11,second,2,1130,-49,-6,zero,0,1059,-42,-8
1586433392934106765,first,1,1066,-52,-12,second,2,1036,-46,-7,zero,0,974,-42,-5
1586433392997951485,first,1,1012,-52,-10,second,2,990,-45,-6,zero,0,932,-41,-5
1586433393126357990,first,1,909,-51,-12,second,2,899,-44,-7,zero,0,861,-35,-5
1586433393190136695,first,1,858,-51,-9,second,2,855,-44,-6,zero,0,828,-32,-6
1586433393318128272,first,1,760,-47,-9,second,2,767,-42,-8,zero,0,765,-30,-3
1586433393446038181,first,1,671,-43,-8,second,2,682,-42,-8,zero,0,704,-29,-3
1586433393509408977,first,1,629,-41,-7,second,2,640,-41,-7,zero,0,673,-29,-5
1586433393638361048,first,1,550,-39,-7,second,2,561,-38,-7,zero,0,614,-28,-1
1586433393702246960,first,1,511,-38,-8,second,2,524,-36,-6,zero,0,588,-27,-3
1586433393829789005,first,1,435,-37,-7,second,2,454,-34,-7,zero,0,545,-18,-3
1586433393893698991,first,1,399,-35,-6,second,2,421,-32,-6,zero,0,528,-16,-4
1586433394022241960,first,1,332,-32,-3,second,2,360,-29,-4,zero,0,495,-15,-2
1586433394150075302,first,1,273,-27,-1,second,2,306,-26,-4,zero,0,461,-15,-3
1586433394214236942,first,1,251,-22,-3,second,2,280,-26,-2,zero,0,443,-16,-3
1586433394358013689,first,1,218,-15,-2,second,2,229,-24,-2,zero,0,405,-17,-1
1586433394422123319,first,1,200,-14,-3,second,2,200,-23,-3,zero,0,389,-12,-1
1586433394550114344,first,1,172,-13,-3,second,2,166,-14,-1,zero,0,377,-4,-1
1586433394614242091,first,1,159,-12,-2,second,2,155,-11,-1,zero,0,373,-2,-1
1586433394742066052,first,1,137,-10,-1,second,2,138,-7,-1,zero,0,368,-1,0
1586433394805993429,first,1,130,-8,-1,second,2,132,-6,-1,zero,0,369,0,0
1586433394934258133,first,1,126,0,0,second,2,128,0,0,zero,0,369,0,0
1586433394998005631,first,1,126,0,0,second,2,128,0,0,zero,0,371,0,0
1586433395125984111,first,1,126,0,0,second,2,128,0,0,zero,0,386,9,1
1586433395190031517,first,1,126,0,0,second,2,128,0,0,zero,0,405,16,2
1586433395318163717,first,1,131,1,2,second,2,134,2,1,zero,0,455,24,1
1586433395446028683,first,1,164,16,3,second,2,175,23,3,zero,0,504,23,1
1586433395510057025,first,1,191,23,4,second,2,207,30,4,zero,0,528,22,1
1586433395638219278,first,1,264,36,2,second,2,287,39,3,zero,0,579,24,3
1586433395702032386,first,1,308,39,3,second,2,331,42,2,zero,0,608,27,5
1586433395830114545,first,1,403,46,5,second,2,429,47,2,zero,0,682,38,6
1586433395893999102,first,1,455,49,4,second,2,479,48,3,zero,0,728,43,5
1586433396022081937,first,1,569,55,4,second,2,583,50,4,zero,0,835,53,5
1586433396150325824,first,1,692,60,5,second,2,694,54,3,zero,0,949,56,5
1586433396214241106,first,1,757,62,6,second,2,754,57,5,zero,0,1007,56,5
1586433396342458232,first,1,890,66,6,second,2,883,63,4,zero,0,1119,55,3
1586433396405519649,first,1,960,67,5,second,2,952,66,3,zero,0,1171,53,4
1586433396534235141,first,1,1101,69,4,second,2,1094,70,5,zero,0,1270,47,3
1586433396598073763,first,1,1171,70,5,second,2,1167,72,5,zero,0,1319,47,3
1586433396726562766,first,1,1312,69,4,second,2,1315,73,3,zero,0,1414,47,5
1586433396790249164,first,1,1381,68,4,second,2,1386,71,2,zero,0,1464,48,6
1586433396918069332,first,1,1514,66,4,second,2,1520,67,1,zero,0,1571,51,4
1586433397046125325,first,1,1642,62,3,second,2,1644,60,1,zero,0,1675,50,1
1586433397110026538,first,1,1703,61,2,second,2,1702,58,1,zero,0,1720,45,3
1586433397238034219,first,1,1821,57,3,second,2,1810,54,1,zero,0,1796,35,1
1586433397302325088,first,1,1875,54,1,second,2,1862,52,2,zero,0,1828,32,1
1586433397430251864,first,1,1960,40,-2,second,2,1957,45,1,zero,0,1892,30,1
1586433397494061932,first,1,1967,12,0,second,2,1989,32,2,zero,0,1919,27,1
1586433397622034522,first,1,1972,1,3,second,2,1996,0,0,zero,0,1939,0,0
1586433397750367683,first,1,1995,9,1,second,2,1996,0,0,zero,0,1940,0,0
1586433397814236958,first,1,2001,8,0,second,2,1997,0,0,zero,0,1942,0,0
1586433397942126787,first,1,2001,0,0,second,2,1996,0,0,zero,0,1945,0,0
1586433398006079984,first,1,2001,0,0,second,2,1997,0,0,zero,0,1946,0,0
1586433398134088647,first,1,2001,0,0,second,2,1997,0,0,zero,0,1951,1,2
1586433398198033173,first,1,2001,0,0,second,2,1996,0,0,zero,0,1962,8,1
1586433398326128267,first,1,2001,0,0,second,2,1997,0,0,zero,0,1996,16,1
1586433398390173590,first,1,2002,0,0,second,2,1999,0,0,zero,0,2010,14,0
1586433398518091288,first,1,2006,0,0,second,2,2002,0,0,zero,0,2012,0,1
1586433398646300075,first,1,2010,0,0,second,2,2004,0,0,zero,0,2037,14,1
1586433398710153751,first,1,2014,1,2,second,2,2009,2,1,zero,0,2059,19,2
1586433398838134029,first,1,2048,17,2,second,2,2045,19,1,zero,0,2112,26,3
1586433398902203434,first,1,2076,23,2,second,2,2073,25,2,zero,0,2142,28,2
1586433399029976145,first,1,2146,34,4,second,2,2144,35,2,zero,0,2208,31,3
1586433399093977666,first,1,2188,39,3,second,2,2186,39,3,zero,0,2242,32,3
1586433399222076407,first,1,2281,45,1,second,2,2276,44,1,zero,0,2323,39,6
1586433399349994464,first,1,2376,45,1,second,2,2368,44,3,zero,0,2419,48,7
1586433399414503263,first,1,2423,45,3,second,2,2417,46,1,zero,0,2475,52,6
1586433399542323426,first,1,2521,47,2,second,2,2517,48,2,zero,0,2588,55,5
1586433399606100604,first,1,2574,50,3,second,2,2569,49,3,zero,0,2647,57,5
1586433399734065396,first,1,2681,53,3,second,2,2677,53,3,zero,0,2767,58,4
1586433399797971876,first,1,2739,54,5,second,2,2735,54,3,zero,0,2826,58,4
1586433399926209900,first,1,2857,58,4,second,2,2854,57,5,zero,0,2941,56,4
1586433399990282685,first,1,2920,61,4,second,2,2915,59,3,zero,0,2996,56,4
1586433400118062155,first,1,3049,63,2,second,2,3042,61,3,zero,0,3104,54,4
1586433400246080012,first,1,3179,63,1,second,2,3169,62,5,zero,0,3212,54,4
1586433400310000651,first,1,3243,63,2,second,2,3232,62,5,zero,0,3268,53,4
1586433400438216168,first,1,3367,61,2,second,2,3361,63,3,zero,0,3382,56,4
1586433400502048100,first,1,3429,60,3,second,2,3422,60,4,zero,0,3440,56,3
1586433400629934156,first,1,3551,60,2,second,2,3542,58,3,zero,0,3549,52,4
1586433400694062975,first,1,3611,59,2,second,2,3599,57,3,zero,0,3600,51,3
1586433400822252913,first,1,3724,56,2,second,2,3714,56,4,zero,0,3693,44,4
1586433400950130340,first,1,3830,51,1,second,2,3825,55,1,zero,0,3777,40,3
1586433401014238118,first,1,3877,47,1,second,2,3878,52,1,zero,0,3816,38,1
1586433401142115224,first,1,3966,43,1,second,2,3974,45,1,zero,0,3886,33,2
1586433401206048562,first,1,4008,42,1,second,2,4016,42,1,zero,0,3918,32,2
1586433401334023427,first,1,4047,11,0,second,2,4051,5,0,zero,0,3979,29,1
1586433401398041786,first,1,4048,0,0,second,2,4053,0,0,zero,0,3999,19,1
1586433401526000345,first,1,4051,0,0,second,2,4056,0,0,zero,0,3999,0,0
1586433401590063130,first,1,4053,0,0,second,2,4058,0,0,zero,0,3999,0,0
1586433401718472298,first,1,4056,0,0,second,2,4061,0,0,zero,0,4000,0,0
1586433401846024092,first,1,4060,0,0,second,2,4065,0,0,zero,0,4000,0,0
1586433401910081873,first,1,4061,0,0,second,2,4066,0,0,zero,0,3999,0,0
1586433402038262890,first,1,4065,0,0,second,2,4069,0,0,zero,0,4000,0,0
1586433402102206425,first,1,4066,0,0,second,2,4070,0,0,zero,0,3999,0,0
1586433402230032115,first,1,4070,0,0,second,2,4073,0,0,zero,0,3999,0,0
1586433402294049536,first,1,4071,0,0,second,2,4075,0,0,zero,0,3999,0,0
1586433402422044221,first,1,4074,0,0,second,2,4077,0,0,zero,0,3999,0,-3
1586433402550384730,first,1,4077,0,0,second,2,4080,0,0,zero,0,3986,-6,-1
1586433402614103479,first,1,4079,0,0,second,2,4082,0,0,zero,0,3975,-8,-2
1586433402742101385,first,1,4081,0,-1,second,2,4083,0,-1,zero,0,3949,-11,-1
1586433402806040736,first,1,4081,0,-1,second,2,4084,0,0,zero,0,3936,-11,-2
1586433402934203338,first,1,4081,0,-2,second,2,4084,0,-2,zero,0,3909,-12,-2
1586433402998030519,first,1,4080,0,-1,second,2,4084,0,-2,zero,0,3893,-13,-3
1586433403126357562,first,1,4071,-4,-3,second,2,4078,-2,-4,zero,0,3858,-16,-4
1586433403190072395,first,1,4060,-8,-4,second,2,4068,-8,-4,zero,0,3838,-17,-6
1586433403318168897,first,1,4031,-13,-3,second,2,4042,-12,-3,zero,0,3789,-24,-5
1586433403446181837,first,1,3995,-16,-4,second,2,4008,-16,-5,zero,0,3725,-31,-5
1586433403510338761,first,1,3974,-18,-6,second,2,3988,-18,-7,zero,0,3691,-32,-5
1586433403638073233,first,1,3926,-22,-5,second,2,3934,-27,-6,zero,0,3622,-32,-6
1586433403702067819,first,1,3896,-27,-7,second,2,3901,-30,-7,zero,0,3589,-32,-5
1586433403830056442,first,1,3821,-37,-7,second,2,3828,-36,-9,zero,0,3523,-32,-6
1586433403894177265,first,1,3779,-38,-7,second,2,3789,-38,-7,zero,0,3489,-32,-5
1586433404022105293,first,1,3696,-40,-7,second,2,3705,-41,-11,zero,0,3412,-36,-6
1586433404150439884,first,1,3609,-42,-8,second,2,3609,-47,-8,zero,0,3336,-37,-8
1586433404214304612,first,1,3565,-42,-9,second,2,3558,-49,-10,zero,0,3297,-37,-6
1586433404342241206,first,1,3473,-44,-10,second,2,3451,-52,-9,zero,0,3221,-37,-6
1586433404406093466,first,1,3425,-45,-9,second,2,3397,-52,-10,zero,0,3182,-37,-6
1586433404534073685,first,1,3328,-46,-11,second,2,3293,-52,-8,zero,0,3105,-37,-8
1586433404598172464,first,1,3278,-48,-10,second,2,3240,-51,-9,zero,0,3067,-37,-7
1586433404726022642,first,1,3175,-50,-12,second,2,3141,-49,-6,zero,0,2992,-37,-6
1586433404790219608,first,1,3122,-50,-10,second,2,3093,-47,-6,zero,0,2955,-37,-6
1586433404918127717,first,1,3019,-50,-10,second,2,3001,-45,-7,zero,0,2880,-36,-2
1586433405046043566,first,1,2921,-48,-10,second,2,2911,-43,-7,zero,0,2813,-31,-4
1586433405110029079,first,1,2872,-47,-8,second,2,2866,-43,-9,zero,0,2784,-29,-4
1586433405238107265,first,1,2783,-44,-7,second,2,2779,-42,-8,zero,0,2726,-28,-2
1586433405302090233,first,1,2741,-43,-6,second,2,2736,-42,-7,zero,0,2701,-25,-1
1586433405430107095,first,1,2657,-40,-8,second,2,2654,-39,-7,zero,0,2661,-18,-4
1586433405494034239,first,1,2618,-40,-7,second,2,2616,-37,-6,zero,0,2643,-17,-3
1586433405622145718,first,1,2541,-37,-5,second,2,2548,-32,-7,zero,0,2606,-17,-4
1586433405750112622,first,1,2470,-34,-4,second,2,2489,-27,-4,zero,0,2564,-19,-3
1586433405814258617,first,1,2436,-33,-5,second,2,2462,-26,-5,zero,0,2542,-20,-3
1586433405942360012,first,1,2377,-28,-4,second,2,2408,-26,-4,zero,0,2497,-21,-4
1586433406006154071,first,1,2352,-25,-3,second,2,2380,-26,-4,zero,0,2475,-21,-2
1586433406134736313,first,1,2313,-17,-3,second,2,2327,-26,-4,zero,0,2431,-21,-5
1586433406198234099,first,1,2297,-15,-2,second,2,2300,-25,-5,zero,0,2407,-22,-4
1586433406326249338,first,1,2264,-14,-3,second,2,2250,-24,-3,zero,0,2351,-27,-4
1586433406390333910,first,1,2247,-15,-3,second,2,2226,-23,-2,zero,0,2319,-29,-8
1586433406518610657,first,1,2210,-17,-3,second,2,2185,-18,-3,zero,0,2257,-29,-4
1586433406646243172,first,1,2170,-18,-6,second,2,2158,-13,-3,zero,0,2198,-29,-3
1586433406710343021,first,1,2149,-18,-5,second,2,2144,-12,-2,zero,0,2168,-29,-4
1586433406838318078,first,1,2110,-18,-4,second,2,2113,-14,-4,zero,0,2106,-29,-4
1586433406902166642,first,1,2088,-19,-6,second,2,2095,-15,-5,zero,0,2075,-30,-7
1586433407030178563,first,1,2044,-20,-4,second,2,2057,-18,-5,zero,0,2007,-33,-8
1586433407094238466,first,1,2021,-20,-5,second,2,2033,-21,-7,zero,0,1973,-33,-7
1586433407222792919,first,1,1973,-22,-5,second,2,1973,-29,-6,zero,0,1903,-33,-7
1586433407350358543,first,1,1915,-28,-8,second,2,1910,-30,-7,zero,0,1827,-37,-7
1586433407414194022,first,1,1879,-32,-8,second,2,1878,-31,-7,zero,0,1785,-39,-7
1586433407542173412,first,1,1802,-37,-8,second,2,1809,-33,-9,zero,0,1697,-42,-9
1586433407606198732,first,1,1763,-37,-7,second,2,1771,-35,-6,zero,0,1652,-42,-9
1586433407734447507,first,1,1682,-39,-9,second,2,1691,-39,-9,zero,0,1558,-45,-9
1586433407798222291,first,1,1640,-40,-8,second,2,1647,-42,-9,zero,0,1509,-46,-7
1586433407926284104,first,1,1553,-41,-10,second,2,1555,-45,-9,zero,0,1409,-48,-7
1586433407990270918,first,1,1509,-43,-10,second,2,1506,-48,-10,zero,0,1362,-47,-7
1586433408118502738,first,1,1417,-44,-11,second,2,1397,-53,-9,zero,0,1273,-42,-7
1586433408246478326,first,1,1319,-47,-10,second,2,1286,-55,-9,zero,0,1187,-42,-7
1586433408310273990,first,1,1270,-48,-11,second,2,1231,-54,-7,zero,0,1144,-42,-6
1586433408438356782,first,1,1169,-49,-11,second,2,1126,-52,-8,zero,0,1060,-42,-6
1586433408502237182,first,1,1119,-49,-10,second,2,1075,-50,-9,zero,0,1017,-41,-4
1586433408630240729,first,1,1016,-50,-10,second,2,979,-47,-7,zero,0,934,-41,-6
1586433408694339460,first,1,965,-50,-10,second,2,929,-47,-7,zero,0,897,-38,-4
1586433408822318496,first,1,863,-50,-11,second,2,838,-44,-8,zero,0,825,-35,-5
1586433408950247193,first,1,761,-49,-9,second,2,755,-40,-7,zero,0,755,-33,-2
1586433409014321468,first,1,713,-48,-9,second,2,716,-38,-7,zero,0,723,-31,-3
1586433409142189490,first,1,623,-44,-7,second,2,641,-36,-5,zero,0,664,-29,-4
1586433409206307921,first,1,582,-41,-8,second,2,605,-35,-5,zero,0,635,-28,-2
1586433409334417885,first,1,503,-38,-7,second,2,533,-35,-8,zero,0,581,-26,-2
1586433409398305662,first,1,464,-37,-5,second,2,498,-34,-7,zero,0,559,-22,-1
1586433409526234319,first,1,390,-35,-4,second,2,429,-34,-7,zero,0,525,-15,-2
1586433409590310358,first,1,357,-34,-6,second,2,393,-34,-6,zero,0,511,-14,-2
1586433409718237847,first,1,295,-29,-3,second,2,330,-30,-6,zero,0,476,-16,-2
1586433409846445977,first,1,249,-21,-2,second,2,274,-27,-3,zero,0,441,-16,-3
1586433409910127201,first,1,231,-17,-2,second,2,247,-25,-2,zero,0,422,-16,-4
1586433410038265457,first,1,200,-14,-3,second,2,200,-22,-2,zero,0,390,-14,-2
1586433410102258680,first,1,186,-13,-2,second,2,180,-19,-2,zero,0,379,-11,-1
1586433410230779872,first,1,158,-13,-1,second,2,156,-11,-1,zero,0,370,-2,-1
1586433410294235952,first,1,146,-11,-2,second,2,146,-8,-1,zero,0,369,-1,0
1586433410422021007,first,1,128,-8,-1,second,2,133,-6,-1,zero,0,369,0,0
1586433410550455653,first,1,123,0,0,second,2,130,0,0,zero,0,369,0,0
1586433410614858983,first,1,123,0,0,second,2,130,0,0,zero,0,369,0,0
1586433410742269455,first,1,123,0,0,second,2,130,0,0,zero,0,383,8,3
1586433410806279059,first,1,124,0,0,second,2,130,0,0,zero,0,401,14,2
1586433410934335904,first,1,129,1,2,second,2,135,2,1,zero,0,445,21,1
1586433410998270049,first,1,143,9,1,second,2,152,14,2,zero,0,469,21,1
1586433411126289827,first,1,195,26,1,second,2,212,31,1,zero,0,517,22,1
1586433411190274236,first,1,232,33,5,second,2,253,38,3,zero,0,541,22,2
1586433411318210699,first,1,320,42,3,second,2,349,47,2,zero,0,605,31,4
1586433411446538625,first,1,424,51,3,second,2,453,50,1,zero,0,687,41,5
1586433411510256991,first,1,479,53,2,second,2,506,50,2,zero,0,737,47,6
1586433411638282035,first,1,600,58,5,second,2,613,51,1,zero,0,851,57,8
1586433411702846818,first,1,664,61,7,second,2,669,54,3,zero,0,911,59,5
1586433411830161470,first,1,801,67,3,second,2,792,60,3,zero,0,1027,57,5
1586433411894256372,first,1,872,68,4,second,2,858,63,4,zero,0,1083,55,3
1586433412022541436,first,1,1013,69,4,second,2,1000,71,5,zero,0,1192,53,4
1586433412150290043,first,1,1156,70,3,second,2,1152,75,2,zero,0,1298,51,5
1586433412214478866,first,1,1229,71,2,second,2,1229,75,5,zero,0,1351,51,4
1586433412342172150,first,1,1373,70,3,second,2,1382,76,3,zero,0,1457,51,4
1586433412406285410,first,1,1442,69,2,second,2,1454,73,2,zero,0,1510,51,5
1586433412534305773,first,1,1579,68,1,second,2,1591,66,1,zero,0,1613,50,5
1586433412598252557,first,1,1647,67,1,second,2,1652,62,1,zero,0,1662,49,3
1586433412726339224,first,1,1774,62,1,second,2,1764,55,1,zero,0,1754,44,4
1586433412790590821,first,1,1831,57,1,second,2,1817,53,1,zero,0,1796,42,3
1586433412919052529,first,1,1882,16,0,second,2,1905,37,3,zero,0,1871,35,2
1586433413046231178,first,1,1900,9,1,second,2,1914,0,0,zero,0,1896,1,0
1586433413110339517,first,1,1922,18,2,second,2,1914,0,0,zero,0,1897,0,0
1586433413238717522,first,1,1969,22,2,second,2,1917,0,0,zero,0,1902,1,1
1586433413302256173,first,1,1971,5,0,second,2,1922,2,1,zero,0,1911,6,1
1586433413430351052,first,1,1971,0,0,second,2,1961,20,1,zero,0,1940,13,1
1586433413494280531,first,1,1971,0,0,second,2,1983,21,1,zero,0,1949,9,0
1586433413622512833,first,1,1973,0,0,second,2,2001,2,0,zero,0,1951,0,0
1586433413750295147,first,1,1977,0,0,second,2,2001,0,0,zero,0,1955,0,1
1586433413814369914,first,1,1979,0,0,second,2,2001,0,0,zero,0,1964,7,1
1586433413942311856,first,1,1982,0,0,second,2,2001,0,0,zero,0,1994,14,1
1586433414006257688,first,1,1987,1,2,second,2,2001,0,0,zero,0,2010,14,1
1586433414134545484,first,1,2023,18,1,second,2,2002,0,0,zero,0,2039,14,1
1586433414198376211,first,1,2043,19,1,second,2,2007,2,1,zero,0,2054,14,1
1586433414326259738,first,1,2061,3,0,second,2,2048,23,1,zero,0,2087,16,3
1586433414390273729,first,1,2061,0,0,second,2,2078,28,2,zero,0,2109,19,2
1586433414518310927,first,1,2082,11,2,second,2,2140,26,5,zero,0,2160,25,3
1586433414646331079,first,1,2144,31,3,second,2,2145,0,0,zero,0,2223,31,3
1586433414710256266,first,1,2187,39,1,second,2,2150,2,2,zero,0,2257,32,4
1586433414838375322,first,1,2283,46,1,second,2,2197,28,5,zero,0,2326,32,3
1586433414902459839,first,1,2329,46,1,second,2,2241,39,6,zero,0,2363,34,3
1586433415030319121,first,1,2373,14,0,second,2,2355,58,5,zero,0,2448,42,7
1586433415094287267,first,1,2379,2,4,second,2,2422,63,3,zero,0,2497,46,7
1586433415222448034,first,1,2432,27,6,second,2,2552,62,1,zero,0,2599,49,4
1586433415350355584,first,1,2544,56,8,second,2,2609,12,1,zero,0,2704,50,5
1586433415414396404,first,1,2617,68,7,second,2,2613,2,1,zero,0,2757,51,5
1586433415542283678,first,1,2776,78,2,second,2,2662,29,6,zero,0,2855,48,5
1586433415606307302,first,1,2854,78,2,second,2,2710,44,6,zero,0,2905,48,5
1586433415734568254,first,1,2983,62,-16,second,2,2848,72,10,zero,0,3005,50,6
1586433415798297133,first,1,2999,24,1,second,2,2935,84,8,zero,0,3059,53,7
1586433415926297685,first,1,3018,9,5,second,2,3127,95,5,zero,0,3176,57,5
1586433415990374899,first,1,3049,24,8,second,2,3220,93,2,zero,0,3232,56,5
1586433416118313317,first,1,3165,60,10,second,2,3318,24,1,zero,0,3336,50,4
1586433416246520497,first,1,3340,88,7,second,2,3325,1,2,zero,0,3430,45,2
1586433416310264178,first,1,3437,94,4,second,2,3343,16,6,zero,0,3469,38,1
1586433416438408362,first,1,3609,84,9,second,2,3432,50,8,zero,0,3542,35,2
1586433416502324498,first,1,3635,37,2,second,2,3500,66,10,zero,0,3577,34,4
1586433416630592304,first,1,3642,0,1,second,2,3668,85,6,zero,0,3650,34,3
1586433416694331922,first,1,3657,9,5,second,2,3755,86,1,zero,0,3684,34,2
1586433416822304309,first,1,3731,39,7,second,2,3899,62,20,zero,0,3752,32,2
1586433416950349089,first,1,3857,64,7,second,2,3921,2,1,zero,0,3818,32,2
1586433417014532081,first,1,3934,73,4,second,2,3921,0,0,zero,0,3847,29,1
1586433417142350322,first,1,4074,68,7,second,2,3941,14,5,zero,0,3894,22,1
1586433417206330450,first,1,4094,28,0,second,2,3970,27,4,zero,0,3915,19,2
1586433417334386968,first,1,4096,0,-1,second,2,4057,45,4,zero,0,3954,18,1
1586433417398279663,first,1,4095,0,0,second,2,4107,48,1,zero,0,3972,17,1
1586433417526605996,first,1,4097,0,0,second,2,4156,10,2,zero,0,3984,0,0
1586433417590376114,first,1,4098,0,0,second,2,4155,0,0,zero,0,3985,0,0
1586433417718423720,first,1,4102,0,0,second,2,4155,0,0,zero,0,3995,5,1
1586433417846387701,first,1,4106,0,0,second,2,4155,0,-1,zero,0,3998,0,0
1586433417910429896,first,1,4107,0,0,second,2,4155,0,-1,zero,0,3998,0,0
1586433418038974774,first,1,4111,0,0,second,2,4156,0,-2,zero,0,3998,0,0
1586433418102390665,first,1,4113,0,0,second,2,4155,0,-2,zero,0,3998,0,-1
1586433418230489674,first,1,4114,0,0,second,2,4155,0,-2,zero,0,3991,-3,-4
1586433418294299384,first,1,4113,0,0,second,2,4152,-1,-3,zero,0,3983,-6,-3
1586433418422350993,first,1,4113,0,0,second,2,4131,-8,-2,zero,0,3956,-12,-5
1586433418550319834,first,1,4113,0,0,second,2,4108,-10,-2,zero,0,3928,-13,-3
1586433418614520424,first,1,4114,0,-2,second,2,4096,-10,-2,zero,0,3912,-13,-4
1586433418742464098,first,1,4104,-4,-1,second,2,4073,-10,-3,zero,0,3873,-18,-4
1586433418806487798,first,1,4091,-10,-4,second,2,4060,-10,-5,zero,0,3850,-21,-6
1586433418934496767,first,1,4056,-16,-5,second,2,4033,-12,-5,zero,0,3793,-29,-6
1586433418998316100,first,1,4036,-18,-6,second,2,4017,-14,-5,zero,0,3759,-31,-7
1586433419126345512,first,1,3989,-22,-6,second,2,3980,-18,-7,zero,0,3689,-33,-4
1586433419190323576,first,1,3962,-25,-7,second,2,3953,-24,-6,zero,0,3653,-33,-7
1586433419318721559,first,1,3895,-33,-7,second,2,3889,-32,-8,zero,0,3584,-32,-6
1586433419446096272,first,1,3815,-39,-8,second,2,3814,-37,-8,zero,0,3519,-32,-7
1586433419510517322,first,1,3772,-39,-7,second,2,3773,-39,-8,zero,0,3482,-33,-7
1586433419638926809,first,1,3689,-40,-8,second,2,3682,-43,-9,zero,0,3403,-37,-7
1586433419702493895,first,1,3646,-41,-10,second,2,3634,-46,-8,zero,0,3362,-39,-6
1586433419830583003,first,1,3558,-42,-8,second,2,3535,-49,-9,zero,0,3282,-39,-8
1586433419894529721,first,1,3511,-44,-9,second,2,3483,-49,-8,zero,0,3244,-38,-6
1586433420022544230,first,1,3415,-46,-11,second,2,3378,-51,-9,zero,0,3167,-37,-5
1586433420150640390,first,1,3316,-47,-10,second,2,3268,-53,-9,zero,0,3089,-37,-6
1586433420214575823,first,1,3266,-48,-10,second,2,3213,-53,-8,zero,0,3051,-37,-7
1586433420342565956,first,1,3161,-51,-10,second,2,3109,-51,-7,zero,0,2976,-36,-5
1586433420406333235,first,1,3108,-51,-10,second,2,3058,-51,-6,zero,0,2939,-37,-7
1586433420534649003,first,1,2999,-52,-10,second,2,2963,-45,-7,zero,0,2864,-37,-6
1586433420598542552,first,1,2947,-52,-9,second,2,2919,-44,-7,zero,0,2827,-36,-5
1586433420726380459,first,1,2845,-50,-9,second,2,2833,-41,-6,zero,0,2764,-30,-4
1586433420790462393,first,1,2798,-47,-8,second,2,2792,-40,-7,zero,0,2734,-29,-4
1586433420918522948,first,1,2708,-43,-7,second,2,2712,-38,-6,zero,0,2679,-27,-1
1586433421046712138,first,1,2628,-39,-5,second,2,2636,-37,-7,zero,0,2624,-26,-2
1586433421110819054,first,1,2589,-38,-7,second,2,2597,-37,-7,zero,0,2600,-24,-1
1586433421238382818,first,1,2512,-37,-5,second,2,2522,-36,-6,zero,0,2570,-10,-1
1586433421302513188,first,1,2475,-36,-4,second,2,2486,-35,-7,zero,0,2559,-9,-2
1586433421430476024,first,1,2406,-33,-3,second,2,2422,-30,-6,zero,0,2527,-15,-3
1586433421494377745,first,1,2376,-30,-4,second,2,2393,-27,-4,zero,0,2509,-16,-3
1586433421622331804,first,1,2328,-22,-4,second,2,2340,-25,-4,zero,0,2462,-23,-3
1586433421750803574,first,1,2293,-15,-4,second,2,2288,-25,-3,zero,0,2398,-31,-4
1586433421814675597,first,1,2277,-15,-3,second,2,2263,-25,-3,zero,0,2367,-31,-4
1586433421942604944,first,1,2242,-15,-3,second,2,2218,-21,-3,zero,0,2308,-28,-3
1586433422006470813,first,1,2222,-17,-6,second,2,2199,-18,-1,zero,0,2278,-28,-3
1586433422134442500,first,1,2181,-18,-4,second,2,2170,-13,-3,zero,0,2220,-28,-3
1586433422198503924,first,1,2160,-19,-5,second,2,2157,-12,-3,zero,0,2193,-26,-4
1586433422326541975,first,1,2118,-19,-6,second,2,2128,-13,-4,zero,0,2136,-26,-4
1586433422390483809,first,1,2098,-19,-3,second,2,2112,-14,-5,zero,0,2106,-28,-4
1586433422518556336,first,1,2059,-19,-4,second,2,2074,-17,-6,zero,0,2045,-29,-5
1586433422647074775,first,1,2019,-19,-4,second,2,2026,-24,-6,zero,0,1982,-30,-6
1586433422710522724,first,1,1997,-19,-6,second,2,1999,-26,-6,zero,0,1949,-31,-6
1586433422838470258,first,1,1950,-22,-7,second,2,1939,-28,-7,zero,0,1878,-34,-7
1586433422902447510,first,1,1922,-25,-7,second,2,1910,-28,-5,zero,0,1841,-35,-5
1586433423030394262,first,1,1854,-33,-7,second,2,1848,-29,-7,zero,0,1762,-38,-8
1586433423094592995,first,1,1816,-36,-7,second,2,1815,-31,-7,zero,0,1720,-41,-6
1586433423222507716,first,1,1737,-37,-7,second,2,1744,-35,-6,zero,0,1631,-43,-9
1586433423350471104,first,1,1656,-38,-8,second,2,1666,-38,-8,zero,0,1536,-46,-7
1586433423414531971,first,1,1615,-39,-8,second,2,1624,-41,-10,zero,0,1486,-47,-7
1586433423542750716,first,1,1530,-41,-9,second,2,1530,-46,-10,zero,0,1389,-47,-7
1586433423606441656,first,1,1487,-41,-10,second,2,1480,-48,-9,zero,0,1343,-45,-7
1586433423734583312,first,1,1395,-44,-10,second,2,1377,-51,-9,zero,0,1252,-44,-7
1586433423798522255,first,1,1347,-45,-11,second,2,1324,-52,-10,zero,0,1207,-44,-7
1586433423926462214,first,1,1249,-48,-11,second,2,1214,-53,-7,zero,0,1120,-43,-5
1586433423990468700,first,1,1199,-48,-10,second,2,1160,-55,-8,zero,0,1077,-42,-5
1586433424118561788,first,1,1096,-50,-12,second,2,1054,-52,-8,zero,0,995,-40,-4
1586433424246476255,first,1,992,-51,-11,second,2,952,-50,-5,zero,0,916,-39,-7
1586433424310501539,first,1,940,-51,-12,second,2,902,-48,-7,zero,0,879,-36,-4
1586433424438525028,first,1,835,-51,-10,second,2,810,-45,-6,zero,0,810,-34,-5
1586433424502559024,first,1,785,-50,-9,second,2,765,-43,-7,zero,0,775,-34,-4
1586433424630452138,first,1,689,-46,-8,second,2,682,-40,-7,zero,0,702,-35,-5
1586433424694370289,first,1,644,-44,-9,second,2,642,-40,-7,zero,0,667,-34,-3
1586433424822724780,first,1,558,-42,-8,second,2,563,-38,-4,zero,0,608,-28,-2
1586433424950504487,first,1,476,-40,-6,second,2,493,-33,-5,zero,0,554,-25,-2
1586433425014649474,first,1,436,-38,-6,second,2,461,-32,-4,zero,0,532,-21,-1
1586433425142532548,first,1,361,-36,-4,second,2,397,-31,-6,zero,0,500,-15,-3
1586433425206520127,first,1,327,-34,-5,second,2,367,-29,-4,zero,0,486,-13,-2
1586433425334566819,first,1,265,-29,-2,second,2,311,-26,-5,zero,0,451,-16,-4
1586433425398348804,first,1,241,-24,-1,second,2,283,-26,-5,zero,0,431,-17,-3
1586433425526474610,first,1,205,-16,-1,second,2,231,-25,-3,zero,0,391,-18,-2
1586433425590663397,first,1,192,-13,-2,second,2,206,-24,-4,zero,0,376,-15,-1
1586433425718500321,first,1,163,-13,-1,second,2,164,-19,-1,zero,0,359,-5,-4
1586433425846566716,first,1,139,-11,-1,second,2,140,-10,-1,zero,0,350,-3,-1
1586433425910436970,first,1,128,-11,-1,second,2,133,-7,-1,zero,0,349,-1,-1
1586433426038495628,first,1,112,-6,0,second,2,119,-6,-1,zero,0,348,0,0
1586433426102504186,first,1,112,0,0,second,2,116,-3,0,zero,0,348,0,0
1586433426230739990,first,1,112,0,0,second,2,116,0,0,zero,0,349,0,0
1586433426294451227,first,1,112,0,0,second,2,116,0,0,zero,0,352,0,2
1586433426422545807,first,1,112,0,0,second,2,117,0,0,zero,0,380,15,1
1586433426550593578,first,1,118,1,1,second,2,122,2,1,zero,0,425,21,2
1586433426614507626,first,1,132,10,1,second,2,137,12,2,zero,0,449,22,3
1586433426742590510,first,1,185,26,2,second,2,191,29,2,zero,0,504,26,2
1586433426806388999,first,1,221,33,4,second,2,228,34,2,zero,0,532,27,2
1586433426934688974,first,1,310,43,4,second,2,323,46,1,zero,0,596,30,5
1586433426998445105,first,1,360,48,3,second,2,373,48,3,zero,0,631,34,4
1586433427126456533,first,1,470,53,4,second,2,480,52,1,zero,0,719,44,7
1586433427190587432,first,1,530,56,3,second,2,535,52,4,zero,0,771,49,6
1586433427319135954,first,1,653,60,2,second,2,655,58,5,zero,0,882,55,6
1586433427446998787,first,1,781,63,2,second,2,785,63,4,zero,0,1003,60,6
1586433427510547548,first,1,848,63,3,second,2,851,65,3,zero,0,1064,60,6
1586433427638433289,first,1,986,68,5,second,2,989,67,3,zero,0,1182,58,3
1586433427702960277,first,1,1059,72,6,second,2,1059,68,3,zero,0,1237,55,4
1586433427846503196,first,1,1227,73,3,second,2,1219,71,2,zero,0,1357,51,4
1586433427910513059,first,1,1302,73,1,second,2,1293,72,4,zero,0,1407,50,5
1586433428038519704,first,1,1444,71,2,second,2,1437,72,2,zero,0,1503,47,5
1586433428102509503,first,1,1514,69,1,second,2,1507,70,3,zero,0,1553,47,3
1586433428230552210,first,1,1644,64,2,second,2,1642,67,1,zero,0,1651,47,4
1586433428294530913,first,1,1706,61,1,second,2,1706,64,2,zero,0,1700,47,4
1586433428422581365,first,1,1814,52,1,second,2,1820,55,1,zero,0,1790,43,2
1586433428549823129,first,1,1914,48,1,second,2,1908,37,3,zero,0,1863,35,2
1586433428614855749,first,1,1950,41,7,second,2,1916,8,0,zero,0,1896,32,2
1586433428742884132,first,1,1958,0,0,second,2,1934,12,1,zero,0,1945,19,3
1586433428806664837,first,1,1958,0,0,second,2,1957,20,2,zero,0,1946,1,0
1586433428934726463,first,1,1961,0,0,second,2,2004,21,-4,zero,0,1946,0,0
1586433428998766748,first,1,1965,1,1,second,2,2006,2,0,zero,0,1947,0,0
1586433429143367784,first,1,1993,10,1,second,2,2007,0,0,zero,0,1950,0,0
1586433429207040590,first,1,2001,9,0,second,2,2007,0,0,zero,0,1951,0,0
1586433429335157647,first,1,2001,0,0,second,2,2007,0,0,zero,0,1965,8,1
1586433429398692176,first,1,2001,0,0,second,2,2007,0,0,zero,0,1979,11,1
1586433429543090931,first,1,2004,0,0,second,2,2007,0,0,zero,0,1987,0,0
1586433429606595319,first,1,2007,0,0,second,2,2007,0,0,zero,0,1990,0,1
1586433429734763049,first,1,2008,0,0,second,2,2008,0,0,zero,0,2015,12,1
1586433429798660384,first,1,2010,0,0,second,2,2009,0,0,zero,0,2032,15,2
1586433429926879190,first,1,2017,1,2,second,2,2015,1,1,zero,0,2072,18,1
1586433429990943525,first,1,2031,10,2,second,2,2030,12,1,zero,0,2084,13,1
1586433430118648911,first,1,2084,26,2,second,2,2080,26,2,zero,0,2097,8,5
1586433430246509287,first,1,2151,32,1,second,2,2144,29,1,zero,0,2151,29,5
1586433430310538341,first,1,2184,32,1,second,2,2174,29,1,zero,0,2193,40,7
1586433430439149809,first,1,2251,32,1,second,2,2243,33,1,zero,0,2295,51,7
1586433430501898566,first,1,2286,32,1,second,2,2281,36,1,zero,0,2350,53,5
1586433430630316309,first,1,2368,40,3,second,2,2368,42,3,zero,0,2458,52,2
1586433430694265646,first,1,2416,45,3,second,2,2416,45,2,zero,0,2510,51,3
1586433430822238850,first,1,2523,52,4,second,2,2518,49,4,zero,0,2610,48,4
1586433430950291893,first,1,2640,56,2,second,2,2632,55,4,zero,0,2713,50,6
1586433431014541055,first,1,2700,58,2,second,2,2691,57,2,zero,0,2766,51,5
1586433431142689113,first,1,2826,61,3,second,2,2818,61,2,zero,0,2879,55,5
1586433431206615453,first,1,2889,61,4,second,2,2883,62,4,zero,0,2938,57,4
1586433431334176710,first,1,3020,64,2,second,2,3009,62,4,zero,0,3059,60,5
1586433431398248088,first,1,3086,64,2,second,2,3073,61,4,zero,0,3121,60,6
1586433431527027616,first,1,3218,64,2,second,2,3202,64,4,zero,0,3247,62,6
1586433431590720026,first,1,3281,63,2,second,2,3269,65,3,zero,0,3310,62,4
1586433431718780982,first,1,3404,61,2,second,2,3405,66,3,zero,0,3433,60,2
1586433431846814554,first,1,3532,62,1,second,2,3537,65,4,zero,0,3546,53,2
1586433431910734787,first,1,3596,63,1,second,2,3600,63,4,zero,0,3596,50,3
1586433432038731720,first,1,3723,62,2,second,2,3722,59,2,zero,0,3689,44,4
1586433432102661827,first,1,3781,60,1,second,2,3779,57,1,zero,0,3733,44,4
1586433432230689749,first,1,3892,53,1,second,2,3886,52,1,zero,0,3819,41,3
1586433432294761133,first,1,3932,46,11,second,2,3935,49,1,zero,0,3857,38,2
1586433432422811038,first,1,3946,1,2,second,2,4014,34,3,zero,0,3927,33,1
1586433432550915478,first,1,3987,22,3,second,2,4019,0,0,zero,0,3948,1,0
1586433432614785741,first,1,4022,30,2,second,2,4020,0,0,zero,0,3949,0,0
1586433432742809304,first,1,4056,10,0,second,2,4021,0,0,zero,0,3963,7,1
1586433432806813706,first,1,4056,0,0,second,2,4022,0,0,zero,0,3977,12,1
1586433432935287713,first,1,4056,0,0,second,2,4028,2,1,zero,0,3999,8,0
1586433432998884010,first,1,4056,0,0,second,2,4041,10,2,zero,0,3999,0,0
1586433433126967317,first,1,4056,0,0,second,2,4074,13,1,zero,0,4002,0,0
1586433433190882680,first,1,4056,0,0,second,2,4075,0,0,zero,0,4003,0,0
1586433433318582417,first,1,4056,0,0,second,2,4075,0,0,zero,0,4006,0,0
1586433433446681344,first,1,4056,0,0,second,2,4075,0,0,zero,0,4009,0,0
1586433433510593390,first,1,4056,0,0,second,2,4075,0,0,zero,0,4010,0,0
1586433433638609679,first,1,4056,0,0,second,2,4075,0,0,zero,0,4011,0,0
1586433433702592869,first,1,4056,0,0,second,2,4075,0,0,zero,0,4010,0,-2
1586433433830632090,first,1,4056,0,0,second,2,4075,0,0,zero,0,3989,-10,-1
1586433433894584891,first,1,4056,0,0,second,2,4075,0,0,zero,0,3977,-10,-4
1586433434022776586,first,1,4056,0,0,second,2,4075,0,-1,zero,0,3949,-12,-2
1586433434150602476,first,1,4056,0,0,second,2,4074,0,-1,zero,0,3921,-12,-3
1586433434214755359,first,1,4056,0,0,second,2,4074,0,-3,zero,0,3906,-13,-5
1586433434342578183,first,1,4056,0,-2,second,2,4059,-8,-4,zero,0,3869,-16,-4
1586433434406596746,first,1,4055,0,-3,second,2,4047,-10,-4,zero,0,3850,-17,-7
1586433434534625369,first,1,4034,-10,-4,second,2,4019,-12,-3,zero,0,3805,-22,-6
1586433434598543892,first,1,4017,-13,-3,second,2,4004,-12,-3,zero,0,3776,-26,-6
1586433434726710431,first,1,3978,-19,-7,second,2,3974,-15,-5,zero,0,3708,-31,-4
1586433434790609781,first,1,3954,-21,-5,second,2,3954,-17,-4,zero,0,3673,-33,-5
1586433434918723963,first,1,3896,-28,-6,second,2,3901,-27,-6,zero,0,3602,-33,-4
1586433435062688307,first,1,3821,-36,-7,second,2,3833,-33,-7,zero,0,3537,-31,-4
1586433435126605464,first,1,3771,-38,-7,second,2,3787,-35,-9,zero,0,3495,-31,-7
1586433435190579715,first,1,3730,-39,-8,second,2,3746,-39,-7,zero,0,3458,-33,-5
1586433435318620589,first,1,3645,-41,-7,second,2,3656,-43,-8,zero,0,3384,-35,-6
1586433435446603454,first,1,3561,-41,-6,second,2,3559,-47,-10,zero,0,3308,-36,-7
1586433435510671863,first,1,3517,-41,-7,second,2,3509,-48,-8,zero,0,3268,-38,-5
1586433435638847639,first,1,3428,-43,-7,second,2,3402,-51,-10,zero,0,3184,-40,-8
1586433435702579257,first,1,3382,-44,-8,second,2,3350,-52,-8,zero,0,3143,-40,-5
1586433435830927485,first,1,3286,-47,-11,second,2,3239,-53,-9,zero,0,3058,-41,-6
1586433435894883801,first,1,3237,-47,-11,second,2,3185,-53,-8,zero,0,3017,-41,-8
1586433436022644649,first,1,3131,-51,-10,second,2,3082,-51,-8,zero,0,2941,-37,-6
1586433436150630389,first,1,3023,-52,-9,second,2,2979,-50,-7,zero,0,2870,-34,-6
1586433436214692922,first,1,2969,-52,-9,second,2,2930,-48,-6,zero,0,2836,-33,-4
1586433436342691823,first,1,2864,-51,-9,second,2,2839,-44,-7,zero,0,2774,-30,-4
1586433436406681117,first,1,2815,-49,-10,second,2,2794,-43,-6,zero,0,2744,-29,-5
1586433436534759809,first,1,2721,-45,-8,second,2,2710,-40,-7,zero,0,2682,-29,-3
1586433436598734089,first,1,2677,-43,-8,second,2,2671,-39,-4,zero,0,2653,-29,-3
1586433436726641934,first,1,2595,-40,-5,second,2,2596,-35,-5,zero,0,2595,-28,-1
1586433436790659624,first,1,2556,-39,-6,second,2,2563,-33,-7,zero,0,2573,-22,-1
1586433436918904396,first,1,2478,-37,-6,second,2,2498,-31,-5,zero,0,2552,-7,-3
1586433437046692015,first,1,2408,-34,-3,second,2,2438,-28,-4,zero,0,2524,-12,-4
1586433437110720801,first,1,2377,-31,-4,second,2,2410,-27,-4,zero,0,2508,-14,-4
1586433437238699832,first,1,2327,-23,-3,second,2,2354,-26,-4,zero,0,2467,-19,-3
1586433437302646305,first,1,2308,-19,-1,second,2,2328,-25,-4,zero,0,2442,-22,-3
1586433437430733524,first,1,2276,-15,-2,second,2,2277,-24,-3,zero,0,2384,-28,-4
1586433437494650346,first,1,2259,-15,-5,second,2,2252,-23,-2,zero,0,2353,-30,-3
1586433437622786389,first,1,2224,-16,-3,second,2,2212,-18,-3,zero,0,2293,-29,-3
1586433437750990634,first,1,2188,-16,-6,second,2,2181,-14,-2,zero,0,2236,-27,-2
1586433437814808366,first,1,2169,-17,-3,second,2,2168,-13,-2,zero,0,2209,-26,-1
1586433437942841349,first,1,2129,-18,-4,second,2,2139,-13,-4,zero,0,2163,-22,-5
1586433438006768254,first,1,2109,-18,-3,second,2,2123,-13,-4,zero,0,2140,-22,-5
1586433438134666228,first,1,2073,-17,-3,second,2,2087,-16,-4,zero,0,2089,-25,-6
1586433438198657413,first,1,2055,-16,-3,second,2,2069,-17,-5,zero,0,2057,-30,-7
1586433438326641496,first,1,2018,-17,-5,second,2,2028,-19,-6,zero,0,1985,-35,-6
1586433438390654865,first,1,1998,-17,-5,second,2,2002,-23,-6,zero,0,1949,-35,-7
1586433438519442684,first,1,1953,-21,-7,second,2,1946,-27,-5,zero,0,1874,-36,-6
1586433438646700938,first,1,1895,-28,-8,second,2,1886,-29,-7,zero,0,1796,-37,-5
1586433438710629455,first,1,1858,-32,-8,second,2,1855,-30,-6,zero,0,1754,-39,-6
1586433438838673609,first,1,1780,-37,-7,second,2,1788,-32,-9,zero,0,1667,-42,-7
1586433438902747264,first,1,1740,-38,-6,second,2,1750,-35,-9,zero,0,1623,-43,-7
1586433439031030370,first,1,1659,-39,-7,second,2,1670,-40,-8,zero,0,1529,-45,-6
1586433439094758673,first,1,1618,-39,-9,second,2,1625,-44,-9,zero,0,1480,-46,-8
1586433439222714010,first,1,1531,-41,-9,second,2,1528,-48,-10,zero,0,1386,-46,-6
1586433439350773572,first,1,1443,-44,-10,second,2,1423,-51,-8,zero,0,1292,-45,-6
1586433439414724023,first,1,1397,-44,-10,second,2,1369,-53,-10,zero,0,1245,-45,-6
1586433439542947759,first,1,1300,-47,-9,second,2,1259,-54,-8,zero,0,1152,-45,-7
1586433439606736767,first,1,1249,-49,-9,second,2,1204,-54,-7,zero,0,1109,-43,-7
1586433439734738117,first,1,1145,-50,-11,second,2,1096,-53,-7,zero,0,1029,-38,-6
1586433439798651950,first,1,1093,-52,-11,second,2,1045,-51,-8,zero,0,990,-37,-7
1586433439926835316,first,1,986,-52,-10,second,2,948,-47,-7,zero,0,915,-37,-6
1586433439990749204,first,1,933,-52,-10,second,2,900,-46,-7,zero,0,877,-36,-7
1586433440118973157,first,1,828,-51,-10,second,2,812,-43,-6,zero,0,804,-36,-6
1586433440246902873,first,1,731,-47,-8,second,2,728,-40,-7,zero,0,734,-33,-4
1586433440310667352,first,1,686,-45,-9,second,2,688,-40,-8,zero,0,701,-32,-4
1586433440438782325,first,1,599,-42,-7,second,2,609,-38,-6,zero,0,638,-30,-3
1586433440502657689,first,1,557,-41,-7,second,2,570,-38,-6,zero,0,608,-29,-2
1586433440629934681,first,1,477,-39,-7,second,2,495,-37,-6,zero,0,554,-27,-2
1586433440693987718,first,1,438,-38,-4,second,2,460,-35,-5,zero,0,529,-23,-2
1586433440822143814,first,1,365,-36,-4,second,2,392,-32,-4,zero,0,496,-15,-1
1586433440950068259,first,1,299,-32,-3,second,2,332,-28,-5,zero,0,466,-13,-2
1586433441014094910,first,1,269,-29,-3,second,2,304,-28,-5,zero,0,449,-15,-5
1586433441142953950,first,1,222,-22,-3,second,2,250,-25,-3,zero,0,411,-18,-2
1586433441206426216,first,1,203,-18,-2,second,2,224,-24,-4,zero,0,392,-18,-1
1586433441334127193,first,1,172,-15,-2,second,2,176,-22,-2,zero,0,365,-11,-1
1586433441398104900,first,1,158,-13,-1,second,2,154,-20,-2,zero,0,359,-5,-2
1586433441525991020,first,1,134,-11,-1,second,2,131,-8,-1,zero,0,349,-4,-1
1586433441590002824,first,1,123,-10,-1,second,2,124,-6,-1,zero,0,347,-2,0
1586433441718030492,first,1,110,-5,0,second,2,121,0,0,zero,0,347,0,0
1586433441846449851,first,1,110,0,0,second,2,121,0,0,zero,0,347,0,0
1586433441910069191,first,1,110,0,0,second,2,121,0,0,zero,0,348,0,0
1586433442038447963,first,1,110,0,0,second,2,121,0,0,zero,0,361,8,4
1586433442102637093,first,1,111,0,0,second,2,121,0,0,zero,0,379,15,5
1586433442230291844,first,1,117,1,1,second,2,126,2,1,zero,0,424,21,2
1586433442294311136,first,1,132,10,1,second,2,140,11,2,zero,0,447,21,2
1586433442422032066,first,1,184,26,3,second,2,194,28,2,zero,0,501,26,3
1586433442550540466,first,1,262,39,5,second,2,273,39,2,zero,0,561,28,3
1586433442614763852,first,1,310,43,4,second,2,319,43,3,zero,0,594,30,3
1586433442742534865,first,1,414,51,2,second,2,422,51,3,zero,0,670,39,7
1586433442806603916,first,1,471,54,2,second,2,480,55,5,zero,0,717,44,6
1586433442934697374,first,1,592,58,3,second,2,602,60,5,zero,0,825,53,8
1586433442998662702,first,1,654,60,4,second,2,666,61,4,zero,0,884,58,6
1586433443126597838,first,1,784,63,6,second,2,800,65,3,zero,0,1006,60,6
1586433443190561218,first,1,852,66,3,second,2,869,66,4,zero,0,1067,60,6
1586433443319930222,first,1,996,72,4,second,2,1012,70,4,zero,0,1187,59,5
1586433443446626654,first,1,1149,75,6,second,2,1157,71,3,zero,0,1300,55,4
1586433443510658668,first,1,1229,76,3,second,2,1230,72,3,zero,0,1354,52,6
1586433443639537601,first,1,1382,76,2,second,2,1371,70,2,zero,0,1457,49,4
1586433443702480041,first,1,1457,74,2,second,2,1439,68,2,zero,0,1507,49,6
1586433443830361578,first,1,1597,69,1,second,2,1573,66,2,zero,0,1607,49,5
1586433443894824937,first,1,1663,66,1,second,2,1637,65,2,zero,0,1657,48,4
1586433444023302563,first,1,1776,55,1,second,2,1760,60,2,zero,0,1751,46,4
1586433444150892432,first,1,1827,16,1,second,2,1873,55,1,zero,0,1835,40,2
1586433444214809104,first,1,1836,6,2,second,2,1912,40,4,zero,0,1862,27,4
1586433444343931375,first,1,1881,23,3,second,2,1921,0,0,zero,0,1866,0,2
1586433444406466910,first,1,1917,31,1,second,2,1921,0,0,zero,0,1875,6,1
1586433444534609070,first,1,1983,32,-6,second,2,1922,0,0,zero,0,1906,16,2
1586433444598911875,first,1,1989,10,0,second,2,1926,2,1,zero,0,1927,18,1
1586433444726684381,first,1,1989,0,0,second,2,1964,20,2,zero,0,1939,0,0
1586433444790697125,first,1,1989,0,0,second,2,1990,25,1,zero,0,1940,0,0
1586433444918676588,first,1,1989,0,0,second,2,2014,2,0,zero,0,1953,7,2
1586433445046764284,first,1,1992,0,0,second,2,2014,0,0,zero,0,1976,9,0
1586433445110780599,first,1,1994,0,0,second,2,2014,0,0,zero,0,1977,0,0
1586433445239326647,first,1,1997,0,0,second,2,2015,0,0,zero,0,1989,6,2
1586433445302860362,first,1,1999,0,0,second,2,2014,0,0,zero,0,2002,10,2
1586433445446761115,first,1,2003,0,0,second,2,2014,0,0,zero,0,2032,12,1
1586433445510817757,first,1,2008,1,2,second,2,2015,0,0,zero,0,2048,13,1
1586433445638744234,first,1,2047,19,1,second,2,2021,2,1,zero,0,2079,14,1
1586433445702875603,first,1,2076,26,1,second,2,2035,11,1,zero,0,2097,16,2
1586433445847061295,first,1,2130,26,-10,second,2,2088,28,1,zero,0,2144,23,5
1586433445910904911,first,1,2133,3,0,second,2,2136,35,3,zero,0,2183,29,4
1586433446038896834,first,1,2150,9,5,second,2,2221,41,1,zero,0,2257,37,4
1586433446102728249,first,1,2177,22,3,second,2,2252,32,4,zero,0,2298,39,3
1586433446231597813,first,1,2266,44,5,second,2,2261,0,1,zero,0,2382,39,3
1586433446294711768,first,1,2322,52,3,second,2,2276,11,2,zero,0,2423,39,4
1586433446422773186,first,1,2442,59,1,second,2,2342,35,6,zero,0,2504,39,2
1586433446550996251,first,1,2546,50,-7,second,2,2451,57,7,zero,0,2587,40,6
1586433446614860552,first,1,2557,18,1,second,2,2519,64,6,zero,0,2635,46,6
1586433446742921084,first,1,2589,16,5,second,2,2669,73,2,zero,0,2743,53,5
1586433446806695738,first,1,2626,31,6,second,2,2743,74,2,zero,0,2800,56,4
1586433446934888758,first,1,2744,60,8,second,2,2875,62,1,zero,0,2917,57,6
1586433446998747416,first,1,2822,73,8,second,2,2933,56,1,zero,0,2976,57,6
1586433447127024943,first,1,3007,93,6,second,2,3035,49,2,zero,0,3092,57,4
1586433447190836842,first,1,3105,96,6,second,2,3084,48,4,zero,0,3149,57,6
1586433447319045381,first,1,3296,95,2,second,2,3192,54,4,zero,0,3265,57,7
1586433447447298296,first,1,3448,74,7,second,2,3325,67,7,zero,0,3389,60,6
1586433447511060174,first,1,3468,30,2,second,2,3399,73,5,zero,0,3451,61,4
1586433447638766400,first,1,3476,2,2,second,2,3562,80,5,zero,0,3566,53,1
1586433447702766608,first,1,3498,15,7,second,2,3639,77,1,zero,0,3612,45,1
1586433447830817154,first,1,3595,50,8,second,2,3713,17,1,zero,0,3645,4,2
1586433447894738494,first,1,3666,66,5,second,2,3713,0,0,zero,0,3655,8,5
1586433448022953628,first,1,3825,78,1,second,2,3716,0,1,zero,0,3706,27,5
1586433448150733423,first,1,3909,30,1,second,2,3757,25,6,zero,0,3782,37,3
1586433448215052191,first,1,3911,6,-1,second,2,3796,37,6,zero,0,3821,37,2
1586433448342773635,first,1,3912,0,0,second,2,3904,55,4,zero,0,3881,23,1
1586433448406706300,first,1,3915,0,1,second,2,3965,59,2,zero,0,3882,1,0
1586433448535009214,first,1,3956,21,2,second,2,4023,12,0,zero,0,3886,1,4
1586433448598781834,first,1,3991,31,2,second,2,4023,0,0,zero,0,3897,9,3
1586433448726981199,first,1,4063,36,-5,second,2,4023,0,0,zero,0,3935,19,3
1586433448790906303,first,1,4071,11,0,second,2,4024,0,0,zero,0,3958,21,1
1586433448918885650,first,1,4071,0,0,second,2,4042,11,1,zero,0,3973,0,0
1586433449046942814,first,1,4071,0,0,second,2,4076,14,2,zero,0,3975,0,0
1586433449110873219,first,1,4071,0,0,second,2,4076,0,0,zero,0,3976,0,0
1586433449238938390,first,1,4070,0,0,second,2,4077,0,0,zero,0,3979,0,0
1586433449302842575,first,1,4070,0,0,second,2,4077,0,0,zero,0,3981,0,0
1586433449431044769,first,1,4071,0,0,second,2,4077,0,0,zero,0,3981,0,-1
1586433449494692425,first,1,4070,0,0,second,2,4077,0,0,zero,0,3981,0,-1
1586433449623275630,first,1,4071,0,0,second,2,4077,0,0,zero,0,3965,-9,-2
1586433449750898293,first,1,4071,0,0,second,2,4077,0,0,zero,0,3933,-14,-1
1586433449815540266,first,1,4070,0,-1,second,2,4077,0,0,zero,0,3917,-15,-4
1586433449942839154,first,1,4071,0,-2,second,2,4076,0,-1,zero,0,3883,-15,-5
1586433450006861058,first,1,4071,0,-2,second,2,4075,0,-3,zero,0,3865,-16,-6
1586433450135676154,first,1,4060,-4,-3,second,2,4059,-8,-4,zero,0,3824,-19,-5
1586433450198957795,first,1,4046,-10,-3,second,2,4046,-10,-4,zero,0,3800,-21,-4
1586433450326945346,first,1,4011,-16,-3,second,2,4016,-13,-4,zero,0,3740,-30,-7
1586433450390983688,first,1,3990,-18,-5,second,2,3999,-15,-5,zero,0,3706,-32,-6
1586433450518931992,first,1,3940,-24,-4,second,2,3952,-24,-6,zero,0,3636,-33,-4
1586433450647099720,first,1,3876,-31,-6,second,2,3887,-32,-7,zero,0,3572,-30,-4
1586433450710798328,first,1,3837,-36,-8,second,2,3851,-34,-7,zero,0,3541,-30,-7
1586433450838893114,first,1,3753,-40,-8,second,2,3771,-39,-7,zero,0,3467,-34,-6
1586433450902921235,first,1,3712,-40,-8,second,2,3725,-43,-9,zero,0,3429,-36,-5
1586433451030909946,first,1,3627,-40,-7,second,2,3630,-47,-9,zero,0,3351,-37,-7
1586433451094793629,first,1,3584,-41,-8,second,2,3580,-48,-8,zero,0,3312,-37,-6
1586433451222910952,first,1,3494,-43,-10,second,2,3476,-51,-9,zero,0,3236,-37,-6
1586433451351084725,first,1,3400,-46,-10,second,2,3368,-53,-7,zero,0,3155,-40,-8
1586433451415510906,first,1,3351,-47,-11,second,2,3312,-54,-8,zero,0,3110,-42,-8
1586433451542106704,first,1,3250,-50,-11,second,2,3204,-53,-8,zero,0,3025,-42,-5
1586433451606925535,first,1,3196,-51,-12,second,2,3153,-51,-8,zero,0,2984,-40,-6
1586433451735065439,first,1,3087,-52,-9,second,2,3051,-50,-6,zero,0,2911,-36,-3
1586433451798962827,first,1,3032,-53,-9,second,2,2999,-50,-6,zero,0,2875,-35,-2
1586433451926992682,first,1,2927,-52,-10,second,2,2897,-49,-7,zero,0,2809,-32,-3
1586433451991165864,first,1,2875,-51,-8,second,2,2850,-47,-8,zero,0,2780,-30,-4
1586433452119146524,first,1,2778,-47,-9,second,2,2758,-44,-6,zero,0,2720,-29,-3
1586433452247604133,first,1,2686,-44,-6,second,2,2674,-39,-4,zero,0,2660,-29,-2
1586433452311034400,first,1,2644,-42,-8,second,2,2637,-37,-5,zero,0,2631,-28,-3
1586433452439008413,first,1,2562,-40,-6,second,2,2566,-33,-6,zero,0,2578,-24,-1
1586433452502961173,first,1,2521,-39,-7,second,2,2533,-32,-4,zero,0,2563,-15,-1
1586433452631127715,first,1,2446,-36,-5,second,2,2468,-30,-5,zero,0,2536,-12,-2
1586433452695023162,first,1,2411,-34,-4,second,2,2439,-29,-4,zero,0,2520,-13,-3
1586433452823198973,first,1,2348,-30,-3,second,2,2382,-27,-4,zero,0,2486,-16,-6
1586433452950993482,first,1,2303,-21,-2,second,2,2329,-26,-3,zero,0,2442,-20,-3
1586433453015039115,first,1,2285,-17,-3,second,2,2302,-25,-4,zero,0,2417,-23,-5
1586433453143715162,first,1,2252,-15,-2,second,2,2252,-24,-2,zero,0,2357,-29,-5
1586433453207121341,first,1,2236,-15,-3,second,2,2230,-22,-2,zero,0,2326,-29,-5
1586433453335067864,first,1,2201,-16,-4,second,2,2192,-16,-2,zero,0,2266,-28,-3
1586433453398989471,first,1,2183,-16,-5,second,2,2178,-14,-2,zero,0,2237,-28,-2
1586433453527178450,first,1,2146,-16,-4,second,2,2150,-13,-3,zero,0,2183,-27,-2
1586433453591387401,first,1,2129,-16,-5,second,2,2136,-13,-4,zero,0,2156,-26,-3
1586433453719347056,first,1,2089,-18,-7,second,2,2103,-15,-5,zero,0,2102,-25,-6
1586433453847248263,first,1,2049,-18,-3,second,2,2064,-17,-6,zero,0,2040,-30,-4
1586433453911062684,first,1,2029,-18,-3,second,2,2043,-18,-6,zero,0,2008,-31,-6
1586433454039135738,first,1,1988,-18,-4,second,2,1989,-26,-6,zero,0,1939,-32,-5
1586433454103117873,first,1,1966,-20,-6,second,2,1960,-27,-5,zero,0,1905,-32,-6
1586433454231006988,first,1,1912,-26,-5,second,2,1901,-28,-5,zero,0,1832,-35,-7
1586433454295174438,first,1,1879,-29,-7,second,2,1871,-28,-6,zero,0,1792,-37,-7
1586433454422982126,first,1,1806,-36,-7,second,2,1807,-31,-5,zero,0,1703,-43,-8
1586433454551094769,first,1,1726,-38,-7,second,2,1735,-35,-8,zero,0,1608,-45,-7
1586433454615394417,first,1,1685,-39,-7,second,2,1697,-37,-8,zero,0,1561,-46,-6
1586433454743615761,first,1,1601,-39,-7,second,2,1611,-42,-10,zero,0,1465,-46,-6
1586433454807445838,first,1,1558,-41,-8,second,2,1565,-45,-8,zero,0,1418,-46,-7
1586433454935135874,first,1,1471,-42,-10,second,2,1464,-50,-8,zero,0,1326,-45,-4
1586433454999072953,first,1,1425,-44,-11,second,2,1411,-51,-7,zero,0,1281,-44,-5
1586433455127164365,first,1,1330,-45,-10,second,2,1303,-53,-7,zero,0,1194,-42,-5
1586433455191317078,first,1,1283,-46,-9,second,2,1248,-54,-7,zero,0,1150,-42,-8
1586433455319081657,first,1,1182,-49,-11,second,2,1137,-54,-8,zero,0,1067,-41,-7
1586433455447094385,first,1,1078,-50,-11,second,2,1031,-52,-7,zero,0,982,-41,-5
1586433455511097900,first,1,1024,-51,-11,second,2,981,-50,-8,zero,0,939,-42,-6
1586433455639535312,first,1,918,-51,-9,second,2,884,-46,-7,zero,0,858,-40,-6
1586433455703194593,first,1,866,-51,-10,second,2,839,-45,-6,zero,0,820,-37,-7
1586433455830996391,first,1,763,-50,-9,second,2,752,-42,-5,zero,0,751,-33,-4
1586433455895009356,first,1,714,-49,-10,second,2,711,-41,-6,zero,0,716,-33,-5
1586433456023042388,first,1,621,-45,-8,second,2,631,-39,-6,zero,0,652,-31,-3
1586433456151454136,first,1,536,-41,-6,second,2,551,-38,-7,zero,0,594,-28,-3
1586433456215360912,first,1,497,-39,-7,second,2,513,-37,-3,zero,0,566,-27,-4
1586433456358411478,first,1,417,-38,-6,second,2,443,-34,-5,zero,0,519,-20,-2
1586433456422709422,first,1,371,-36,-5,second,2,401,-33,-5,zero,0,499,-15,-1
1586433456551258567,first,1,301,-34,-4,second,2,339,-29,-5,zero,0,469,-14,-5
1586433456614845734,first,1,270,-30,-2,second,2,311,-27,-5,zero,0,452,-15,-6
1586433456742879883,first,1,222,-21,-2,second,2,258,-25,-2,zero,0,414,-17,-2
1586433456806806165,first,1,205,-18,-1,second,2,232,-24,-4,zero,0,393,-18,-1
1586433456935064966,first,1,178,-12,-1,second,2,185,-22,-2,zero,0,358,-16,-3
1586433456998881536,first,1,166,-12,-3,second,2,166,-18,-1,zero,0,345,-13,-2
1586433457126933401,first,1,138,-12,-1,second,2,141,-11,-2,zero,0,331,-3,0
1586433457191069238,first,1,126,-12,-2,second,2,132,-8,-1,zero,0,331,0,0
1586433457318913426,first,1,107,-8,-1,second,2,117,-6,-1,zero,0,331,0,0
1586433457447246556,first,1,103,0,0,second,2,107,-3,0,zero,0,331,0,0
1586433457510808359,first,1,103,0,0,second,2,107,0,0,zero,0,333,0,0
1586433457638872442,first,1,103,0,0,second,2,107,0,0,zero,0,346,7,2
1586433457702789883,first,1,103,0,0,second,2,107,0,0,zero,0,361,12,2
1586433457830987469,first,1,105,0,0,second,2,109,0,0,zero,0,397,17,2
1586433457894930950,first,1,110,1,1,second,2,114,2,1,zero,0,418,18,4
1586433458022801536,first,1,145,18,2,second,2,158,24,1,zero,0,464,21,1
1586433458150847751,first,1,210,32,5,second,2,234,39,2,zero,0,516,24,5
1586433458215022892,first,1,251,38,3,second,2,282,44,1,zero,0,548,29,4
1586433458342849292,first,1,346,46,6,second,2,387,51,2,zero,0,622,36,6
1586433458406824974,first,1,400,51,5,second,2,442,52,2,zero,0,666,41,6
1586433458535173077,first,1,518,58,6,second,2,552,53,1,zero,0,768,51,6
1586433458598813319,first,1,580,60,6,second,2,609,54,2,zero,0,826,56,7
1586433458726967125,first,1,712,64,4,second,2,728,58,2,zero,0,945,59,7
1586433458790830327,first,1,781,66,4,second,2,791,60,4,zero,0,1005,59,7
1586433458918855607,first,1,922,69,4,second,2,927,67,3,zero,0,1126,59,4
1586433459046955226,first,1,1068,72,5,second,2,1074,72,3,zero,0,1238,54,5
1586433459110859368,first,1,1142,73,5,second,2,1150,75,3,zero,0,1292,53,4
1586433459238855327,first,1,1293,74,3,second,2,1304,76,1,zero,0,1399,52,4
1586433459302984500,first,1,1366,73,3,second,2,1378,75,2,zero,0,1450,51,5
1586433459430853479,first,1,1511,72,3,second,2,1520,70,2,zero,0,1555,50,4
1586433459494890890,first,1,1582,70,3,second,2,1587,67,1,zero,0,1604,49,4
1586433459622856689,first,1,1714,64,2,second,2,1707,59,1,zero,0,1701,48,3
1586433459750962668,first,1,1834,58,1,second,2,1816,54,1,zero,0,1791,43,3
1586433459814843354,first,1,1887,53,1,second,2,1869,52,1,zero,0,1831,40,1
1586433459942809769,first,1,1933,14,0,second,2,1918,10,0,zero,0,1903,34,1
1586433460006935812,first,1,1934,0,0,second,2,1918,0,0,zero,0,1925,22,3
1586433460134966663,first,1,1938,0,0,second,2,1922,0,0,zero,0,1925,0,0
1586433460198942488,first,1,1940,0,0,second,2,1923,0,0,zero,0,1926,0,0
1586433460326824097,first,1,1944,0,0,second,2,1926,0,0,zero,0,1926,0,0
1586433460390859117,first,1,1945,0,0,second,2,1928,0,0,zero,0,1926,0,0
1586433460519583818,first,1,1948,0,0,second,2,1932,0,0,zero,0,1926,0,0
1586433460647035209,first,1,1952,0,0,second,2,1935,0,0,zero,0,1929,0,0
1586433460710898494,first,1,1954,0,0,second,2,1936,0,0,zero,0,1931,0,0
1586433460838959209,first,1,1957,0,0,second,2,1939,0,0,zero,0,1941,5,2
1586433460902830116,first,1,1958,0,0,second,2,1941,0,0,zero,0,1954,11,3
1586433461030998177,first,1,1962,0,0,second,2,1962,13,2,zero,0,1984,13,1
1586433461095069734,first,1,1966,1,2,second,2,1986,22,1,zero,0,1997,13,1
1586433461222841954,first,1,2000,17,2,second,2,2039,23,-4,zero,0,2029,15,3
1586433461350948565,first,1,2064,31,2,second,2,2043,0,0,zero,0,2077,23,3
1586433461414876710,first,1,2102,35,1,second,2,2048,2,2,zero,0,2105,26,3
1586433461543179412,first,1,2132,8,0,second,2,2093,26,3,zero,0,2170,32,4
1586433461606919187,first,1,2134,0,0,second,2,2132,36,5,zero,0,2205,33,3
1586433461735057773,first,1,2155,11,5,second,2,2228,47,1,zero,0,2277,34,3
1586433461798989591,first,1,2183,22,5,second,2,2278,48,1,zero,0,2315,35,4
1586433461926894419,first,1,2274,45,6,second,2,2325,9,0,zero,0,2395,40,7
1586433461990905520,first,1,2334,55,5,second,2,2328,1,1,zero,0,2440,43,4
1586433462119028689,first,1,2466,64,4,second,2,2373,27,6,zero,0,2534,44,5
1586433462246950997,first,1,2593,62,1,second,2,2475,54,8,zero,0,2629,46,4
1586433462310859822,first,1,2649,56,1,second,2,2543,65,8,zero,0,2680,48,7
1586433462438896605,first,1,2747,47,1,second,2,2708,83,6,zero,0,2792,56,6
1586433462502736081,first,1,2791,44,3,second,2,2799,88,5,zero,0,2853,58,8
1586433462630586316,first,1,2890,49,4,second,2,2982,89,4,zero,0,2984,65,6
1586433462694540859,first,1,2950,55,7,second,2,3067,83,1,zero,0,3052,67,6
1586433462822830554,first,1,3089,69,6,second,2,3150,20,2,zero,0,3189,68,6
1586433462950550265,first,1,3249,79,4,second,2,3174,15,5,zero,0,3316,61,4
1586433463014526847,first,1,3329,80,2,second,2,3206,31,6,zero,0,3370,53,1
1586433463143231106,first,1,3460,64,-27,second,2,3323,64,9,zero,0,3450,35,1
1586433463207165722,first,1,3475,23,1,second,2,3403,78,7,zero,0,3484,32,4
1586433463334751951,first,1,3491,8,2,second,2,3585,90,5,zero,0,3554,32,1
1586433463398995772,first,1,3517,21,4,second,2,3673,89,2,zero,0,3588,32,4
1586433463527102153,first,1,3612,48,8,second,2,3765,23,1,zero,0,3661,34,5
1586433463591069320,first,1,3677,60,7,second,2,3770,4,0,zero,0,3701,37,3
1586433463719104787,first,1,3831,76,5,second,2,3772,0,1,zero,0,3778,37,2
1586433463847176447,first,1,3961,63,-28,second,2,3817,27,6,zero,0,3832,21,1
1586433463911141397,first,1,3977,24,2,second,2,3861,41,6,zero,0,3834,1,0
1586433464039126110,first,1,3978,0,0,second,2,3979,59,3,zero,0,3852,11,3
1586433464103034982,first,1,3978,0,0,second,2,4038,60,1,zero,0,3875,20,5
1586433464231070968,first,1,3994,8,1,second,2,4096,12,2,zero,0,3930,26,2
1586433464295006280,first,1,4017,18,2,second,2,4096,0,-2,zero,0,3956,26,1
1586433464422736832,first,1,4088,34,1,second,2,4096,0,0,zero,0,3993,14,0
1586433464551151706,first,1,4156,34,4,second,2,4097,0,0,zero,0,3994,0,0
1586433464615343944,first,1,4162,10,-1,second,2,4098,0,0,zero,0,3997,1,2
1586433464743264714,first,1,4154,-4,-1,second,2,4102,0,0,zero,0,4010,4,0
1586433464807253312,first,1,4144,-7,-1,second,2,4103,0,0,zero,0,4010,0,0
1586433464935355419,first,1,4124,-8,-1,second,2,4106,0,0,zero,0,4010,0,0
1586433464999216807,first,1,4115,-8,-1,second,2,4106,0,0,zero,0,4010,0,0
1586433465127358771,first,1,4110,0,0,second,2,4106,0,0,zero,0,4009,0,-3
1586433465191146044,first,1,4111,0,0,second,2,4106,0,0,zero,0,3999,-7,-3
1586433465319756186,first,1,4111,0,0,second,2,4106,0,0,zero,0,3966,-15,-2
1586433465447347560,first,1,4110,0,-2,second,2,4106,0,0,zero,0,3935,-15,-4
1586433465511253931,first,1,4109,0,-3,second,2,4106,0,-1,zero,0,3919,-14,-5
1586433465639544546,first,1,4089,-9,-3,second,2,4106,0,-2,zero,0,3886,-14,-3
1586433465703342590,first,1,4074,-12,-1,second,2,4102,-2,-4,zero,0,3869,-15,-5
1586433465831580894,first,1,4043,-13,-2,second,2,4078,-11,-4,zero,0,3827,-21,-8
1586433465895164539,first,1,4027,-14,-4,second,2,4062,-13,-5,zero,0,3798,-27,-5
1586433466023381451,first,1,3992,-16,-6,second,2,4020,-21,-8,zero,0,3726,-34,-6
1586433466151173327,first,1,3948,-21,-6,second,2,3962,-29,-8,zero,0,3653,-35,-5
1586433466215813693,first,1,3921,-23,-7,second,2,3927,-32,-8,zero,0,3617,-35,-6
1586433466343466944,first,1,3851,-35,-8,second,2,3850,-36,-7,zero,0,3547,-34,-5
1586433466407443225,first,1,3810,-38,-7,second,2,3810,-38,-7,zero,0,3513,-33,-7
1586433466535215434,first,1,3725,-40,-8,second,2,3724,-43,-9,zero,0,3436,-35,-9
1586433466599332571,first,1,3680,-43,-9,second,2,3678,-44,-7,zero,0,3396,-37,-9
1586433466727213890,first,1,3589,-44,-9,second,2,3578,-49,-7,zero,0,3317,-37,-5
1586433466791273342,first,1,3542,-44,-8,second,2,3526,-50,-8,zero,0,3278,-37,-8
1586433466919589754,first,1,3443,-47,-9,second,2,3417,-53,-8,zero,0,3195,-41,-5
1586433467047363820,first,1,3342,-49,-10,second,2,3306,-55,-8,zero,0,3107,-43,-7
1586433467111368412,first,1,3291,-50,-10,second,2,3251,-55,-6,zero,0,3064,-43,-7
1586433467239534259,first,1,3183,-52,-12,second,2,3143,-53,-8,zero,0,2981,-40,-6
1586433467303272708,first,1,3128,-53,-10,second,2,3091,-51,-7,zero,0,2943,-38,-5
1586433467431318183,first,1,3018,-53,-12,second,2,2986,-51,-6,zero,0,2871,-35,-3
1586433467495274862,first,1,2963,-54,-9,second,2,2935,-50,-7,zero,0,2837,-33,-5
1586433467623280363,first,1,2856,-52,-10,second,2,2837,-47,-7,zero,0,2773,-30,-2
1586433467752060240,first,1,2756,-49,-8,second,2,2746,-43,-5,zero,0,2714,-29,-4
1586433467815390999,first,1,2708,-46,-9,second,2,2704,-41,-5,zero,0,2683,-29,-2
1586433467943642956,first,1,2623,-42,-6,second,2,2630,-36,-6,zero,0,2624,-28,-3
1586433468007265452,first,1,2584,-40,-7,second,2,2593,-35,-7,zero,0,2595,-28,-1
1586433468135428603,first,1,2505,-38,-5,second,2,2526,-32,-6,zero,0,2544,-23,-1
1586433468199213907,first,1,2467,-37,-7,second,2,2493,-31,-5,zero,0,2530,-14,-1
1586433468327302920,first,1,2396,-34,-4,second,2,2430,-30,-6,zero,0,2506,-11,-2
1586433468391309013,first,1,2364,-33,-4,second,2,2400,-28,-6,zero,0,2491,-12,-4
1586433468519247285,first,1,2309,-25,-3,second,2,2343,-27,-3,zero,0,2456,-15,-4
1586433468647424389,first,1,2270,-17,-2,second,2,2290,-25,-3,zero,0,2412,-21,-5
1586433468711332682,first,1,2253,-16,-2,second,2,2264,-25,-2,zero,0,2386,-24,-2
1586433468839283251,first,1,2221,-15,-1,second,2,2217,-21,-3,zero,0,2326,-29,-4
1586433468903182374,first,1,2206,-15,-5,second,2,2196,-19,-2,zero,0,2295,-29,-3
1586433469031217307,first,1,2171,-16,-5,second,2,2165,-14,-3,zero,0,2234,-29,-4
1586433469095444996,first,1,2153,-16,-3,second,2,2152,-12,-2,zero,0,2206,-28,-3
1586433469223399457,first,1,2118,-16,-3,second,2,2124,-12,-5,zero,0,2146,-28,-5
1586433469351345558,first,1,2081,-17,-3,second,2,2093,-13,-5,zero,0,2086,-28,-5
1586433469417157475,first,1,2061,-17,-5,second,2,2075,-15,-5,zero,0,2056,-28,-6
1586433469543273020,first,1,2021,-18,-3,second,2,2038,-17,-4,zero,0,1992,-31,-3
1586433469607369474,first,1,2002,-18,-5,second,2,2015,-21,-6,zero,0,1961,-30,-8
1586433469735578100,first,1,1957,-20,-6,second,2,1959,-27,-6,zero,0,1896,-30,-4
1586433469799378015,first,1,1932,-23,-6,second,2,1929,-28,-5,zero,0,1862,-33,-6
1586433469927346337,first,1,1874,-28,-6,second,2,1868,-29,-6,zero,0,1784,-37,-7
1586433469991318732,first,1,1841,-30,-8,second,2,1835,-30,-6,zero,0,1741,-41,-5
1586433470119419941,first,1,1765,-36,-8,second,2,1766,-33,-8,zero,0,1653,-42,-9
1586433470247737078,first,1,1684,-39,-7,second,2,1691,-36,-8,zero,0,1565,-43,-9
1586433470311245201,first,1,1644,-39,-7,second,2,1650,-39,-9,zero,0,1519,-44,-7
1586433470439357514,first,1,1559,-41,-7,second,2,1559,-45,-10,zero,0,1420,-47,-7
1586433470503403271,first,1,1515,-42,-8,second,2,1510,-47,-8,zero,0,1371,-47,-7
1586433470631189794,first,1,1425,-44,-9,second,2,1405,-51,-9,zero,0,1273,-47,-6
1586433470695262446,first,1,1378,-45,-9,second,2,1350,-53,-10,zero,0,1227,-45,-7
1586433470823294416,first,1,1281,-48,-11,second,2,1239,-55,-8,zero,0,1141,-41,-5
1586433470951413810,first,1,1177,-50,-10,second,2,1129,-54,-7,zero,0,1062,-38,-7
1586433471015498349,first,1,1124,-51,-12,second,2,1076,-53,-7,zero,0,1021,-38,-6
1586433471143677997,first,1,1016,-52,-10,second,2,977,-48,-6,zero,0,935,-42,-8
1586433471207140516,first,1,964,-52,-10,second,2,928,-47,-7,zero,0,893,-42,-7
1586433471335430761,first,1,856,-52,-8,second,2,838,-44,-7,zero,0,812,-39,-4
1586433471399494980,first,1,803,-52,-8,second,2,795,-43,-7,zero,0,775,-36,-2
1586433471526529355,first,1,704,-48,-8,second,2,710,-41,-7,zero,0,708,-32,-3
1586433471590682136,first,1,657,-46,-8,second,2,669,-40,-6,zero,0,677,-30,-4
1586433471719311769,first,1,571,-42,-7,second,2,587,-39,-7,zero,0,617,-29,-1
1586433471847265009,first,1,489,-40,-6,second,2,508,-38,-5,zero,0,561,-27,-2
1586433471911313756,first,1,449,-39,-6,second,2,471,-36,-5,zero,0,536,-23,-3
1586433472039390954,first,1,374,-36,-4,second,2,400,-34,-5,zero,0,501,-17,-3
1586433472103076610,first,1,339,-34,-3,second,2,367,-33,-5,zero,0,485,-14,-2
1586433472231374109,first,1,273,-31,-5,second,2,308,-28,-5,zero,0,453,-14,-2
1586433472295172605,first,1,246,-28,-4,second,2,281,-27,-4,zero,0,435,-16,-2
1586433472423199405,first,1,202,-19,-2,second,2,227,-25,-4,zero,0,394,-19,-3
1586433472551198206,first,1,174,-13,-1,second,2,179,-22,-2,zero,0,355,-18,-1
1586433472615240147,first,1,162,-12,-3,second,2,157,-21,-3,zero,0,341,-14,-4
1586433472743363298,first,1,134,-12,-1,second,2,130,-11,-1,zero,0,328,-2,0
1586433472807176432,first,1,122,-12,-2,second,2,122,-7,-1,zero,0,328,0,-1
1586433472935398434,first,1,100,-9,-1,second,2,108,-6,-1,zero,0,328,0,0
1586433472999221708,first,1,96,-6,0,second,2,104,-4,0,zero,0,328,0,0
1586433473127531383,first,1,95,0,0,second,2,104,0,0,zero,0,328,0,0
1586433473191125231,first,1,95,0,0,second,2,104,0,0,zero,0,330,0,2
1586433473319344003,first,1,95,0,0,second,2,104,0,0,zero,0,357,14,1
1586433473447196091,first,1,101,1,1,second,2,107,0,0,zero,0,400,20,2
1586433473511230483,first,1,116,10,1,second,2,112,2,1,zero,0,423,20,1
1586433473639373539,first,1,166,25,3,second,2,156,25,4,zero,0,468,21,1
1586433473703276600,first,1,201,31,2,second,2,194,36,4,zero,0,494,24,2
1586433473831280760,first,1,283,39,3,second,2,294,50,2,zero,0,558,31,5
1586433473895267195,first,1,330,43,4,second,2,352,55,3,zero,0,597,36,6
1586433474023163051,first,1,435,51,4,second,2,474,60,2,zero,0,691,48,6
1586433474151493490,first,1,556,59,6,second,2,599,60,2,zero,0,808,58,6
1586433474215149879,first,1,622,64,4,second,2,661,60,2,zero,0,870,60,5
1586433474343178031,first,1,765,70,4,second,2,787,60,3,zero,0,997,62,4
1586433474407247623,first,1,839,72,4,second,2,851,62,2,zero,0,1059,62,4
1586433474551378064,first,1,994,76,4,second,2,991,68,4,zero,0,1179,58,3
1586433474615220527,first,1,1093,78,4,second,2,1081,72,4,zero,0,1248,55,3
1586433474743192479,first,1,1249,78,3,second,2,1235,76,3,zero,0,1351,50,5
1586433474807201511,first,1,1324,75,3,second,2,1314,78,3,zero,0,1402,49,4
1586433474935712454,first,1,1468,70,1,second,2,1467,76,2,zero,0,1507,50,4
1586433474999287434,first,1,1533,67,2,second,2,1539,74,1,zero,0,1560,51,4
1586433475127221337,first,1,1663,63,2,second,2,1676,66,1,zero,0,1667,52,4
1586433475191216253,first,1,1725,61,1,second,2,1725,50,-3,zero,0,1720,52,3
1586433475319231860,first,1,1827,50,6,second,2,1743,2,1,zero,0,1814,45,1
1586433475447475836,first,1,1839,1,0,second,2,1791,28,4,zero,0,1847,3,0
1586433475511258966,first,1,1839,0,0,second,2,1832,39,2,zero,0,1848,0,0
1586433475639250265,first,1,1845,1,1,second,2,1916,38,-18,zero,0,1861,8,1
1586433475703283364,first,1,1859,9,1,second,2,1925,9,0,zero,0,1878,13,1
1586433475831304204,first,1,1916,29,2,second,2,1925,0,0,zero,0,1915,17,1
1586433475894973283,first,1,1952,33,1,second,2,1926,0,0,zero,0,1928,13,0
1586433476022928782,first,1,1984,9,0,second,2,1947,13,1,zero,0,1929,0,0
1586433476151127878,first,1,1983,0,0,second,2,1994,22,1,zero,0,1931,0,0
1586433476215137312,first,1,1983,0,0,second,2,2011,18,2,zero,0,1934,0,2
1586433476343234493,first,1,1984,0,0,second,2,2013,0,0,zero,0,1959,12,1
1586433476407165560,first,1,1986,0,0,second,2,2013,0,0,zero,0,1967,8,0
1586433476535129769,first,1,1990,0,0,second,2,2013,0,0,zero,0,1967,0,0
1586433476599025785,first,1,1992,0,0,second,2,2013,0,0,zero,0,1967,0,0
1586433476727078761,first,1,1996,0,0,second,2,2013,0,0,zero,0,1970,0,0
1586433476791098183,first,1,1997,0,0,second,2,2012,0,0,zero,0,1971,0,0
1586433476919091169,first,1,2001,0,0,second,2,2012,0,0,zero,0,1974,0,0
1586433477047137365,first,1,2004,0,0,second,2,2013,0,0,zero,0,1977,0,0
1586433477111146674,first,1,2004,0,0,second,2,2013,0,0,zero,0,1978,0,0
1586433477239092346,first,1,2004,0,0,second,2,2013,0,0,zero,0,1981,0,0
1586433477303126868,first,1,2005,0,0,second,2,2013,0,0,zero,0,1983,0,0
