1586433949539157758,1,2,0,2048,2048,2048
1586433949666600956,1,2,0,2048,2048,2048
1586433949730884578,1,2,0,2048,2048,2048
1586433949859013587,1,2,0,2048,2048,2048
1586433949922847457,1,2,0,2048,2048,2048
1586433950050982003,1,2,0,2048,2048,2048
1586433950114933752,1,2,0,2048,2048,2048
1586433950243286887,1,2,0,2048,2048,2048
1586433950306470914,1,2,0,2048,2048,2048
1586433950435129386,1,2,0,2048,2048,2048
1586433950562969070,1,2,0,2048,2048,2048
1586433950626906885,1,2,0,2048,2048,2048
1586433950755033088,1,2,0,2048,2048,2048
1586433950819027945,1,2,0,2048,2048,2048
1586433950947039459,1,2,0,2048,2048,2048
1586433951010975217,1,2,0,2048,2048,2048
1586433951139061878,1,2,0,2048,2048,2048
1586433951267125746,1,2,0,2048,2048,2048
1586433951330934974,1,2,0,2048,2048,2048
1586433951459032382,1,2,0,2048,2048,2048
1586433951522613353,1,2,0,2048,2048,2048
1586433951651029445,1,2,0,2048,2048,2048
1586433951715036553,1,2,0,2048,2048,2048
1586433951843061448,1,2,0,2048,2048,2048
1586433951906973605,1,2,0,2048,2048,2048
1586433952034828386,1,2,0,2048,2048,2048
1586433952163101250,1,2,0,2048,2048,2048
1586433952227046829,1,2,0,2048,2048,2048
1586433952355062462,1,2,0,2048,2048,2048
1586433952419063246,1,2,0,2048,2048,2048
1586433952547026281,1,2,0,2048,2048,2048
1586433952611026166,1,2,0,2048,2048,2048
1586433952739134864,1,2,0,2048,2048,2048
1586433952866589333,1,2,0,2048,2048,2048
1586433952930544182,1,2,0,2048,2048,2048
1586433953058516150,1,2,0,2048,2048,2048
1586433953122584214,1,2,0,2048,2048,2048
1586433953250494864,1,2,0,2048,2048,2048
1586433953314471904,1,2,0,2048,2048,2048
1586433953442498815,1,2,0,2048,2048,2048
1586433953506495925,1,2,0,2048,2048,2048
1586433953634523253,1,2,0,2048,2048,2048
1586433953762529435,1,2,0,2048,2048,2048
1586433953826551605,1,2,0,2048,2048,2048
1586433953955078842,1,2,0,2048,2048,2048
1586433954019069253,1,2,0,2048,2048,2048
1586433954147068939,1,2,0,2048,2048,2048
1586433954211214899,1,2,0,2048,2048,2048
1586433954339176152,1,2,0,2048,2048,2048
1586433954467222999,1,2,0,2048,2048,2048
1586433954531086061,1,2,0,2048,2048,2048
1586433954659199306,1,2,0,2048,2048,2048
1586433954723103349,1,2,0,2048,2048,2048
1586433954851111757,1,2,0,2048,2048,2048
1586433954994789845,1,2,0,2075,2075,2074
1586433955059717068,1,2,0,2074,2074,2073
1586433955123593345,1,2,0,2074,2074,2073
1586433955251516377,1,2,0,2074,2074,2073
1586433955315411802,1,2,0,2074,2074,2073
1586433955443390877,1,2,0,2074,2074,2073
1586433955507363368,1,2,0,2074,2074,2073
1586433955635513086,1,2,0,2074,2074,2073
1586433955763444635,1,2,0,2073,2073,2072
1586433955827433756,1,2,0,2073,2073,2072
1586433955955509599,1,2,0,2072,2072,2071
1586433956019432477,1,2,0,2071,2071,2070
1586433956147470044,1,2,0,2070,2070,2069
1586433956211457345,1,2,0,2069,2069,2069
1586433956339547655,1,2,0,2068,2068,2067
1586433956467548294,1,2,0,2067,2067,2066
1586433956531469541,1,2,0,2066,2066,2065
1586433956659456508,1,2,0,2064,2064,2064
1586433956723394377,1,2,0,2064,2064,2063
1586433956851418104,1,2,0,2062,2062,2061
1586433956915454288,1,2,0,2061,2061,2061
1586433957043476839,1,2,0,2059,2059,2059
1586433957107454082,1,2,0,2058,2058,2058
1586433957235456007,1,2,0,2057,2057,2057
1586433957363262251,1,2,0,2055,2055,2055
1586433957427560570,1,2,0,2055,2055,2054
1586433957555492378,1,2,0,2053,2053,2053
1586433957619430008,1,2,0,2053,2053,2052
1586433957747528356,1,2,0,2051,2051,2051
1586433957811399683,1,2,0,2051,2051,2051
1586433957939380055,1,2,0,2050,2050,2050
1586433958067420731,1,2,0,2049,2049,2049
1586433958131363559,1,2,0,2049,2049,2049
1586433958259431169,1,2,0,2048,2048,2048
1586433958323543274,1,2,0,2048,2048,2048
1586433958451433873,1,2,0,2048,2048,2048
1586433958515600985,1,2,0,2048,2048,2048
1586433958643510111,1,2,0,2048,2048,2048
1586433958707652364,1,2,0,2048,2048,2048
1586433958835435570,1,2,0,2048,2048,2048
1586433958963543840,1,2,0,2048,2048,2048
1586433959027463952,1,2,0,2048,2048,2048
1586433959155477692,1,2,0,2053,2053,2053
1586433959219395934,1,2,0,2058,2058,2058
1586433959347527780,1,2,0,2075,2075,2075
1586433959411543894,1,2,0,2087,2087,2087
1586433959539439416,1,2,0,2120,2120,2120
1586433959667491875,1,2,0,2166,2166,2166
1586433959731767424,1,2,0,2194,2194,2194
1586433959859391793,1,2,0,2259,2259,2259
1586433959923703491,1,2,0,2297,2297,2297
1586433960051547140,1,2,0,2381,2381,2381
1586433960115456971,1,2,0,2428,2428,2428
1586433960243465999,1,2,0,2529,2529,2529
1586433960307521520,1,2,0,2583,2583,2583
1586433960435569694,1,2,0,2697,2697,2697
1586433960563592876,1,2,0,2818,2818,2818
1586433960627428011,1,2,0,2880,2880,2880
1586433960755543849,1,2,0,3007,3007,3007
1586433960819542531,1,2,0,3071,3071,3071
1586433960947441963,1,2,0,3199,3199,3199
1586433961011548937,1,2,0,3262,3262,3262
1586433961139541801,1,2,0,3385,3385,3385
1586433961267569920,1,2,0,3503,3503,3503
1586433961331449736,1,2,0,3559,3559,3559
1586433961459518789,1,2,0,3665,3665,3665
1586433961522826682,1,2,0,3714,3714,3714
1586433961651704781,1,2,0,3804,3804,3804
1586433961715761465,1,2,0,3845,3845,3845
1586433961843716927,1,2,0,3917,3917,3917
1586433961907788007,1,2,0,3948,3948,3948
1586433962035654661,1,2,0,4000,4000,4000
1586433962163612889,1,2,0,4040,4040,4040
1586433962227487444,1,2,0,4055,4055,4055
1586433962355466240,1,2,0,4077,4077,4077
1586433962419555435,1,2,0,4084,4084,4084
1586433962547541797,1,2,0,4092,4092,4092
1586433962611488524,1,2,0,4094,4094,4094
1586433962739589321,1,2,0,4094,4094,4094
1586433962867475241,1,2,0,4094,4094,4094
1586433962931619822,1,2,0,4094,4094,4094
1586433963059692283,1,2,0,4089,4089,4089
1586433963123592333,1,2,0,4084,4084,4084
1586433963251488491,1,2,0,4067,4067,4067
1586433963315620310,1,2,0,4055,4055,4055
1586433963443693993,1,2,0,4022,4022,4022
1586433963507714510,1,2,0,4000,4000,4000
1586433963635827924,1,2,0,3948,3948,3948
1586433963763511522,1,2,0,3883,3883,3883
1586433963827573186,1,2,0,3845,3845,3845
1586433963955417469,1,2,0,3761,3761,3761
1586433964019657793,1,2,0,3714,3714,3714
1586433964147555990,1,2,0,3613,3613,3613
1586433964211659021,1,2,0,3559,3559,3559
1586433964339537636,1,2,0,3445,3445,3445
1586433964467579896,1,2,0,3324,3324,3324
1586433964531533276,1,2,0,3262,3262,3262
1586433964659566467,1,2,0,3135,3135,3135
1586433964723573680,1,2,0,3071,3071,3071
1586433964851734953,1,2,0,2943,2943,2943
1586433964915633701,1,2,0,2880,2880,2880
1586433965043515419,1,2,0,2757,2757,2757
1586433965107539466,1,2,0,2697,2697,2697
1586433965235588143,1,2,0,2583,2583,2583
1586433965363701241,1,2,0,2477,2477,2477
1586433965427540811,1,2,0,2428,2428,2428
1586433965555515630,1,2,0,2338,2338,2338
1586433965619570558,1,2,0,2297,2297,2297
1586433965747714990,1,2,0,2225,2225,2225
1586433965811617919,1,2,0,2194,2194,2194
1586433965939543581,1,2,0,2141,2141,2141
1586433966067658499,1,2,0,2102,2102,2102
1586433966131504678,1,2,0,2087,2087,2087
1586433966259615642,1,2,0,2065,2065,2065
1586433966323559112,1,2,0,2058,2058,2058
1586433966451601455,1,2,0,2050,2050,2050
1586433966515666700,1,2,0,2048,2048,2048
1586433966643608404,1,2,0,2048,2048,2048
1586433966707612547,1,2,0,2048,2048,2048
1586433966835548756,1,2,0,2047,2047,2047
1586433966963580491,1,2,0,2042,2042,2042
1586433967027602145,1,2,0,2037,2037,2037
1586433967155774300,1,2,0,2020,2020,2020
1586433967219511528,1,2,0,2008,2008,2008
1586433967347539318,1,2,0,1975,1975,1975
1586433967411675703,1,2,0,1954,1954,1954
1586433967539646049,1,2,0,1901,1901,1901
1586433967667682230,1,2,0,1836,1836,1836
1586433967731510624,1,2,0,1798,1798,1798
1586433967859714510,1,2,0,1714,1714,1714
1586433967923714740,1,2,0,1667,1667,1667
1586433968051611645,1,2,0,1566,1566,1566
1586433968115597850,1,2,0,1512,1512,1512
1586433968243534685,1,2,0,1398,1398,1398
1586433968307614298,1,2,0,1338,1338,1338
1586433968435666767,1,2,0,1215,1215,1215
1586433968563641873,1,2,0,1088,1088,1088
1586433968627821857,1,2,0,1024,1024,1024
1586433968755552958,1,2,0,896,896,896
1586433968819610938,1,2,0,833,833,833
1586433968947881362,1,2,0,710,710,710
1586433969011581796,1,2,0,650,650,650
1586433969139542246,1,2,0,536,536,536
1586433969267878866,1,2,0,430,430,430
1586433969331728842,1,2,0,381,381,381
1586433969459682248,1,2,0,291,291,291
1586433969523664795,1,2,0,250,250,250
1586433969651565861,1,2,0,178,178,178
1586433969715575652,1,2,0,147,147,147
1586433969843621529,1,2,0,95,95,95
1586433969907698269,1,2,0,73,73,73
1586433970035627005,1,2,0,40,40,40
1586433970163727319,1,2,0,18,18,18
1586433970227603457,1,2,0,11,11,11
1586433970355620772,1,2,0,3,3,3
1586433970419570167,1,2,0,1,1,1
1586433970547764947,1,2,0,1,1,1
1586433970611577097,1,2,0,1,1,1
1586433970739622525,1,2,0,1,1,1
1586433970867716868,1,2,0,6,6,6
1586433970931746861,1,2,0,11,11,11
1586433971059642979,1,2,0,28,28,28
1586433971123597498,1,2,0,40,40,40
1586433971251879933,1,2,0,73,73,73
1586433971315589830,1,2,0,95,95,95
1586433971443773776,1,2,0,147,147,147
1586433971507624676,1,2,0,178,178,178
1586433971635697408,1,2,0,250,250,250
1586433971763616158,1,2,0,334,334,334
1586433971827642184,1,2,0,381,381,381
1586433971955726376,1,2,0,482,482,482
1586433972019785633,1,2,0,536,536,536
1586433972147843692,1,2,0,650,650,650
1586433972211753961,1,2,0,710,710,710
1586433972339551210,1,2,0,833,833,833
1586433972467718680,1,2,0,960,960,960
1586433972531673383,1,2,0,1024,1024,1024
1586433972659701364,1,2,0,1152,1152,1152
1586433972723674615,1,2,0,1215,1215,1215
1586433972852071992,1,2,0,1338,1338,1338
1586433972915602418,1,2,0,1398,1398,1398
1586433973043717218,1,2,0,1512,1512,1512
1586433973107654812,1,2,0,1566,1566,1566
1586433973235731933,1,2,0,1667,1667,1667
1586433973363643810,1,2,0,1757,1757,1757
1586433973427764045,1,2,0,1798,1798,1798
1586433973555657646,1,2,0,1870,1870,1870
1586433973619733155,1,2,0,1901,1901,1901
1586433973747686119,1,2,0,1954,1954,1954
1586433973811665326,1,2,0,1975,1975,1975
1586433973939738812,1,2,0,2008,2008,2008
1586433974067691192,1,2,0,2030,2030,2030
1586433974131651628,1,2,0,2037,2037,2037
1586433974259676933,1,2,0,2045,2045,2045
1586433974323683829,1,2,0,2047,2047,2047
1586433974451993567,1,2,0,2048,2048,2048
1586433974515804505,1,2,0,2048,2048,2048
1586433974643838702,1,2,0,2048,2048,2048
1586433974707834072,1,2,0,2050,2050,2050
1586433974835746636,1,2,0,2058,2058,2058
1586433974963660841,1,2,0,2075,2075,2075
1586433975027822843,1,2,0,2087,2087,2087
1586433975155684056,1,2,0,2120,2120,2120
1586433975219744152,1,2,0,2141,2141,2141
1586433975347702418,1,2,0,2194,2194,2194
1586433975411729337,1,2,0,2225,2225,2225
1586433975539785022,1,2,0,2297,2297,2297
1586433975667776090,1,2,0,2381,2381,2381
1586433975731831712,1,2,0,2428,2428,2428
1586433975859691064,1,2,0,2529,2529,2529
1586433975923673042,1,2,0,2583,2583,2583
1586433976051704325,1,2,0,2697,2697,2697
1586433976115773100,1,2,0,2757,2757,2757
1586433976243697001,1,2,0,2880,2880,2880
1586433976307753553,1,2,0,2943,2943,2943
1586433976435695603,1,2,0,3071,3071,3071
1586433976563706049,1,2,0,3199,3199,3199
1586433976627842165,1,2,0,3262,3262,3262
1586433976755765824,1,2,0,3385,3385,3385
1586433976819774211,1,2,0,3445,3445,3445
1586433976948011944,1,2,0,3559,3559,3559
1586433977012004434,1,2,0,3613,3613,3613
1586433977139865578,1,2,0,3714,3714,3714
1586433977268137570,1,2,0,3804,3804,3804
1586433977331848899,1,2,0,3845,3845,3845
1586433977459667744,1,2,0,3917,3917,3917
1586433977523747228,1,2,0,3948,3948,3948
1586433977651729345,1,2,0,4000,4000,4000
1586433977715789977,1,2,0,4022,4022,4022
1586433977843697816,1,2,0,4055,4055,4055
1586433977907676622,1,2,0,4067,4067,4067
1586433978035788693,1,2,0,4084,4084,4084
1586433978163735274,1,2,0,4092,4092,4092
1586433978227734885,1,2,0,4094,4094,4094
1586433978355811262,1,2,0,4094,4094,4094
1586433978419788482,1,2,0,4094,4094,4094
1586433978547692330,1,2,0,4094,4094,4094
1586433978611751851,1,2,0,4092,4092,4092
1586433978739838562,1,2,0,4084,4084,4084
1586433978867846569,1,2,0,4067,4067,4067
1586433978931758492,1,2,0,4055,4055,4055
1586433979059803145,1,2,0,4022,4022,4022
1586433979123768765,1,2,0,4000,4000,4000
1586433979251708853,1,2,0,3948,3948,3948
1586433979315676869,1,2,0,3917,3917,3917
1586433979443938331,1,2,0,3845,3845,3845
1586433979507852415,1,2,0,3804,3804,3804
1586433979635868599,1,2,0,3714,3714,3714
1586433979763763662,1,2,0,3613,3613,3613
1586433979827727922,1,2,0,3559,3559,3559
1586433979955841028,1,2,0,3445,3445,3445
1586433980019805558,1,2,0,3385,3385,3385
1586433980147740205,1,2,0,3262,3262,3262
1586433980211826509,1,2,0,3199,3199,3199
1586433980339734438,1,2,0,3071,3071,3071
1586433980467868737,1,2,0,2943,2943,2943
1586433980531753834,1,2,0,2880,2880,2880
1586433980659880953,1,2,0,2757,2757,2757
1586433980723889743,1,2,0,2697,2697,2697
1586433980851803925,1,2,0,2583,2583,2583
1586433980915778901,1,2,0,2529,2529,2529
1586433981044230981,1,2,0,2428,2428,2428
1586433981107768218,1,2,0,2381,2381,2381
1586433981235841779,1,2,0,2297,2297,2297
1586433981363783338,1,2,0,2225,2225,2225
1586433981427777895,1,2,0,2194,2194,2194
1586433981555802476,1,2,0,2141,2141,2141
1586433981619839766,1,2,0,2120,2120,2120
1586433981747866506,1,2,0,2087,2087,2087
1586433981811769125,1,2,0,2075,2075,2075
1586433981939803826,1,2,0,2058,2058,2058
1586433982067875699,1,2,0,2050,2050,2050
1586433982131899590,1,2,0,2048,2048,2048
1586433982259869698,1,2,0,2048,2048,2048
1586433982323815109,1,2,0,2048,2048,2048
1586433982451892669,1,2,0,2047,2047,2047
1586433982515800844,1,2,0,2045,2045,2045
1586433982643772095,1,2,0,2037,2037,2037
1586433982707864838,1,2,0,2030,2030,2030
1586433982835751794,1,2,0,2008,2008,2008
1586433982962957577,1,2,0,1975,1975,1975
1586433983027938822,1,2,0,1954,1954,1954
1586433983155979376,1,2,0,1901,1901,1901
1586433983219920107,1,2,0,1870,1870,1870
1586433983348166490,1,2,0,1798,1798,1798
1586433983412089504,1,2,0,1757,1757,1757
1586433983540056297,1,2,0,1667,1667,1667
1586433983667975568,1,2,0,1566,1566,1566
1586433983731843918,1,2,0,1512,1512,1512
1586433983859873893,1,2,0,1398,1398,1398
1586433983923868555,1,2,0,1338,1338,1338
1586433984051957464,1,2,0,1215,1215,1215
1586433984115952347,1,2,0,1152,1152,1152
1586433984243905657,1,2,0,1024,1024,1024
1586433984308016700,1,2,0,960,960,960
1586433984436091194,1,2,0,833,833,833
1586433984564039808,1,2,0,710,710,710
1586433984627824429,1,2,0,650,650,650
1586433984755980373,1,2,0,536,536,536
1586433984819977145,1,2,0,482,482,482
1586433984947917138,1,2,0,381,381,381
1586433985011798065,1,2,0,334,334,334
1586433985139876843,1,2,0,250,250,250
1586433985268108732,1,2,0,178,178,178
1586433985331994578,1,2,0,147,147,147
1586433985459774885,1,2,0,95,95,95
1586433985524116259,1,2,0,73,73,73
1586433985651816304,1,2,0,40,40,40
1586433985715878863,1,2,0,28,28,28
1586433985843957080,1,2,0,11,11,11
1586433985907826932,1,2,0,6,6,6
1586433986036204039,1,2,0,1,1,1
1586433986163962897,1,2,0,1,1,1
1586433986228042071,1,2,0,1,1,1
1586433986356070385,1,2,0,1,1,1
1586433986420151111,1,2,0,3,3,3
1586433986548053089,1,2,0,11,11,11
1586433986611942784,1,2,0,18,18,18
1586433986740038541,1,2,0,40,40,40
1586433986868135028,1,2,0,73,73,73
1586433986931933153,1,2,0,95,95,95
1586433987060053732,1,2,0,147,147,147
1586433987124016962,1,2,0,178,178,178
1586433987252216163,1,2,0,250,250,250
1586433987315999019,1,2,0,291,291,291
1586433987444183310,1,2,0,381,381,381
1586433987508072799,1,2,0,430,430,430
1586433987636108287,1,2,0,536,536,536
1586433987764072342,1,2,0,650,650,650
1586433987827770325,1,2,0,710,710,710
1586433987955991865,1,2,0,833,833,833
1586433988020185872,1,2,0,896,896,896
1586433988148090853,1,2,0,1024,1024,1024
1586433988212060450,1,2,0,1088,1088,1088
1586433988340104986,1,2,0,1215,1215,1215
1586433988468100662,1,2,0,1338,1338,1338
1586433988532047256,1,2,0,1398,1398,1398
1586433988660161159,1,2,0,1512,1512,1512
1586433988723977028,1,2,0,1566,1566,1566
1586433988852064315,1,2,0,1667,1667,1667
1586433988916068464,1,2,0,1714,1714,1714
1586433989044308641,1,2,0,1798,1798,1798
1586433989108046728,1,2,0,1836,1836,1836
1586433989236070668,1,2,0,1901,1901,1901
1586433989363993377,1,2,0,1954,1954,1954
1586433989428012980,1,2,0,1975,1975,1975
1586433989556163372,1,2,0,2008,2008,2008
1586433989620106406,1,2,0,2020,2020,2020
1586433989748035239,1,2,0,2037,2037,2037
1586433989812009208,1,2,0,2042,2042,2042
1586433989940009166,1,2,0,2047,2047,2047
1586433990068042978,1,2,0,2048,2048,2048
1586433990131988290,1,2,0,2048,2048,2048
1586433990260215530,1,2,0,2048,2048,2048
1586433990324191746,1,2,0,2050,2050,2050
1586433990452044753,1,2,0,2058,2058,2058
1586433990516029380,1,2,0,2065,2065,2065
1586433990644069315,1,2,0,2087,2087,2087
1586433990708090048,1,2,0,2102,2102,2102
1586433990836080900,1,2,0,2141,2141,2141
1586433990964177487,1,2,0,2194,2194,2194
1586433991028621187,1,2,0,2225,2225,2225
1586433991156032082,1,2,0,2297,2297,2297
1586433991220163822,1,2,0,2338,2338,2338
1586433991348154015,1,2,0,2428,2428,2428
1586433991412591045,1,2,0,2477,2477,2477
1586433991540063415,1,2,0,2583,2583,2583
1586433991668408982,1,2,0,2697,2697,2697
1586433991732145099,1,2,0,2757,2757,2757
1586433991860053016,1,2,0,2880,2880,2880
1586433991923953394,1,2,0,2943,2943,2943
1586433992051874106,1,2,0,3071,3071,3071
1586433992115890954,1,2,0,3135,3135,3135
1586433992244015418,1,2,0,3262,3262,3262
1586433992307931884,1,2,0,3324,3324,3324
1586433992435891096,1,2,0,3445,3445,3445
1586433992563988231,1,2,0,3559,3559,3559
1586433992628054682,1,2,0,3613,3613,3613
1586433992756151962,1,2,0,3714,3714,3714
1586433992820155588,1,2,0,3761,3761,3761
1586433992948219489,1,2,0,3845,3845,3845
1586433993012109660,1,2,0,3883,3883,3883
1586433993139989773,1,2,0,3948,3948,3948
1586433993268068830,1,2,0,4000,4000,4000
1586433993331881778,1,2,0,4022,4022,4022
1586433993460062740,1,2,0,4055,4055,4055
1586433993524151729,1,2,0,4067,4067,4067
1586433993651902344,1,2,0,4084,4084,4084
1586433993715939160,1,2,0,4089,4089,4089
1586433993843965691,1,2,0,4094,4094,4094
1586433993907997538,1,2,0,4094,4094,4094
1586433994035861995,1,2,0,4094,4094,4094
1586433994163977693,1,2,0,4094,4094,4094
1586433994227998100,1,2,0,4092,4092,4092
1586433994355991334,1,2,0,4084,4084,4084
1586433994420011032,1,2,0,4077,4077,4077
1586433994548021958,1,2,0,4055,4055,4055
1586433994612103350,1,2,0,4040,4040,4040
1586433994739892281,1,2,0,4000,4000,4000
1586433994868105212,1,2,0,3948,3948,3948
1586433994931986295,1,2,0,3917,3917,3917
1586433995060029445,1,2,0,3845,3845,3845
1586433995123970568,1,2,0,3804,3804,3804
1586433995251973239,1,2,0,3714,3714,3714
1586433995315957730,1,2,0,3665,3665,3665
1586433995444000068,1,2,0,3559,3559,3559
1586433995507993933,1,2,0,3503,3503,3503
1586433995635975290,1,2,0,3385,3385,3385
1586433995764111871,1,2,0,3262,3262,3262
1586433995827984708,1,2,0,3199,3199,3199
1586433995955994086,1,2,0,3071,3071,3071
1586433996020026898,1,2,0,3007,3007,3007
1586433996148125262,1,2,0,2880,2880,2880
1586433996212099518,1,2,0,2818,2818,2818
1586433996340403992,1,2,0,2697,2697,2697
1586433996468280124,1,2,0,2583,2583,2583
1586433996532208741,1,2,0,2529,2529,2529
1586433996660209187,1,2,0,2428,2428,2428
1586433996724229788,1,2,0,2381,2381,2381
1586433996852273905,1,2,0,2297,2297,2297
1586433996916171960,1,2,0,2259,2259,2259
1586433997044135723,1,2,0,2194,2194,2194
1586433997108396261,1,2,0,2166,2166,2166
1586433997236151814,1,2,0,2120,2120,2120
1586433997364074683,1,2,0,2087,2087,2087
1586433997428128506,1,2,0,2075,2075,2075
1586433997556243095,1,2,0,2058,2058,2058
1586433997620230473,1,2,0,2053,2053,2053
1586433997748118137,1,2,0,2048,2048,2048
1586433997812273168,1,2,0,2048,2048,2048
1586433997939418220,1,2,0,2048,2048,2048
1586433998068432821,1,2,0,2047,2047,2047
1586433998132318493,1,2,0,2045,2045,2045
1586433998260337278,1,2,0,2037,2037,2037
1586433998324147092,1,2,0,2030,2030,2030
1586433998452052404,1,2,0,2008,2008,2008
1586433998516076673,1,2,0,1993,1993,1993
1586433998644417551,1,2,0,1954,1954,1954
1586433998708211950,1,2,0,1929,1929,1929
1586433998836167087,1,2,0,1870,1870,1870
1586433998964244416,1,2,0,1798,1798,1798
1586433999028235746,1,2,0,1757,1757,1757
1586433999156190729,1,2,0,1667,1667,1667
1586433999220171173,1,2,0,1618,1618,1618
1586433999348125484,1,2,0,1512,1512,1512
1586433999412096263,1,2,0,1456,1456,1456
1586433999540022497,1,2,0,1338,1338,1338
1586433999668204252,1,2,0,1215,1215,1215
1586433999732106837,1,2,0,1152,1152,1152
1586433999860203381,1,2,0,1024,1024,1024
1586433999924228437,1,2,0,960,960,960
1586434000052177621,1,2,0,833,833,833
1586434000116097457,1,2,0,771,771,771
1586434000244015556,1,2,0,650,650,650
1586434000308264946,1,2,0,592,592,592
1586434000436107863,1,2,0,482,482,482
1586434000564195748,1,2,0,381,381,381
1586434000628245832,1,2,0,334,334,334
1586434000756246824,1,2,0,250,250,250
1586434000820269905,1,2,0,212,212,212
1586434000948349455,1,2,0,147,147,147
1586434001012342685,1,2,0,119,119,119
1586434001140240541,1,2,0,73,73,73
1586434001268323387,1,2,0,40,40,40
1586434001332296621,1,2,0,28,28,28
1586434001460360882,1,2,0,11,11,11
1586434001524280852,1,2,0,6,6,6
1586434001652236665,1,2,0,1,1,1
1586434001716302420,1,2,0,1,1,1
1586434001844587496,1,2,0,1,1,1
1586434001908107498,1,2,0,1,1,1
1586434002036120153,1,2,0,3,3,3
1586434002164329902,1,2,0,11,11,11
1586434002228264663,1,2,0,18,18,18
1586434002356088644,1,2,0,40,40,40
1586434002420166009,1,2,0,55,55,55
1586434002548088079,1,2,0,95,95,95
1586434002612171476,1,2,0,119,119,119
1586434002740106529,1,2,0,178,178,178
1586434002868137300,1,2,0,250,250,250
1586434002932280144,1,2,0,291,291,291
1586434003060379249,1,2,0,381,381,381
1586434003124353256,1,2,0,430,430,430
1586434003252393596,1,2,0,536,536,536
1586434003316389203,1,2,0,592,592,592
1586434003444182759,1,2,0,710,710,710
1586434003507551116,1,2,0,771,771,771
1586434003636320919,1,2,0,896,896,896
1586434003764388588,1,2,0,1024,1024,1024
1586434003828269166,1,2,0,1088,1088,1088
1586434003956412832,1,2,0,1215,1215,1215
1586434004020138250,1,2,0,1277,1277,1277
1586434004148060807,1,2,0,1398,1398,1398
1586434004212115959,1,2,0,1456,1456,1456
1586434004340078132,1,2,0,1566,1566,1566
1586434004468162128,1,2,0,1667,1667,1667
1586434004532183983,1,2,0,1714,1714,1714
1586434004660322974,1,2,0,1798,1798,1798
1586434004724076968,1,2,0,1836,1836,1836
1586434004852128373,1,2,0,1901,1901,1901
1586434004916113626,1,2,0,1929,1929,1929
1586434005044309140,1,2,0,1975,1975,1975
1586434005108201406,1,2,0,1993,1993,1993
1586434005236253789,1,2,0,2020,2020,2020
1586434005364354045,1,2,0,2037,2037,2037
1586434005428156532,1,2,0,2042,2042,2042
1586434005556251376,1,2,0,2047,2047,2047
1586434005620486211,1,2,0,2047,2047,2047
1586434005748173317,1,2,0,2048,2048,2048
1586434005812238962,1,2,0,2048,2048,2048
1586434005940175851,1,2,0,2050,2050,2050
1586434006068344004,1,2,0,2058,2058,2058
1586434006132362912,1,2,0,2065,2065,2065
1586434006260497715,1,2,0,2087,2087,2087
1586434006324562592,1,2,0,2102,2102,2102
1586434006452377409,1,2,0,2141,2141,2141
1586434006516379475,1,2,0,2166,2166,2166
1586434006644336951,1,2,0,2225,2225,2225
1586434006708427656,1,2,0,2259,2259,2259
1586434006836344372,1,2,0,2338,2338,2338
1586434006964531368,1,2,0,2428,2428,2428
1586434007028351998,1,2,0,2477,2477,2477
1586434007156382581,1,2,0,2583,2583,2583
1586434007220354969,1,2,0,2639,2639,2639
1586434007348387954,1,2,0,2757,2757,2757
1586434007412299460,1,2,0,2818,2818,2818
1586434007540391729,1,2,0,2943,2943,2943
1586434007668335789,1,2,0,3071,3071,3071
1586434007732321275,1,2,0,3135,3135,3135
1586434007860367493,1,2,0,3262,3262,3262
1586434007924363439,1,2,0,3324,3324,3324
1586434008052382864,1,2,0,3445,3445,3445
1586434008116542686,1,2,0,3503,3503,3503
1586434008244383189,1,2,0,3613,3613,3613
1586434008308318937,1,2,0,3665,3665,3665
1586434008436382686,1,2,0,3761,3761,3761
1586434008564358810,1,2,0,3845,3845,3845
1586434008628279400,1,2,0,3883,3883,3883
1586434008755936301,1,2,0,3948,3948,3948
1586434008820536322,1,2,0,3976,3976,3976
1586434008948566872,1,2,0,4022,4022,4022
1586434009012410456,1,2,0,4040,4040,4040
1586434009140334093,1,2,0,4067,4067,4067
1586434009268286087,1,2,0,4077,4077,4077
1586434009332412828,1,2,0,4089,4089,4089
1586434009460585323,1,2,0,4094,4094,4094
1586434009524346512,1,2,0,4094,4094,4094
1586434009652574520,1,2,0,4094,4094,4094
1586434009716496768,1,2,0,4094,4094,4094
1586434009844438915,1,2,0,4092,4092,4092
1586434009908358219,1,2,0,4089,4089,4089
1586434010036278205,1,2,0,4077,4077,4077
1586434010164248355,1,2,0,4055,4055,4055
1586434010228213025,1,2,0,4040,4040,4040
1586434010356137561,1,2,0,4000,4000,4000
1586434010420265412,1,2,0,3976,3976,3976
1586434010548420902,1,2,0,3917,3917,3917
1586434010612391138,1,2,0,3883,3883,3883
1586434010740434661,1,2,0,3804,3804,3804
1586434010868218192,1,2,0,3714,3714,3714
1586434010932238257,1,2,0,3665,3665,3665
1586434011060240203,1,2,0,3559,3559,3559
1586434011124232964,1,2,0,3503,3503,3503
1586434011252274614,1,2,0,3385,3385,3385
1586434011316247810,1,2,0,3324,3324,3324
1586434011444346378,1,2,0,3199,3199,3199
1586434011508279762,1,2,0,3135,3135,3135
1586434011636271340,1,2,0,3007,3007,3007
1586434011764268625,1,2,0,2880,2880,2880
1586434011828200154,1,2,0,2818,2818,2818
1586434011956320600,1,2,0,2697,2697,2697
1586434012020333954,1,2,0,2639,2639,2639
1586434012148352299,1,2,0,2529,2529,2529
1586434012212372562,1,2,0,2477,2477,2477
1586434012340524296,1,2,0,2381,2381,2381
1586434012468190126,1,2,0,2338,2338,2338
1586434012532728479,1,2,0,2259,2259,2259
1586434012660432702,1,2,0,2194,2194,2194
1586434012724662110,1,2,0,2166,2166,2166
1586434012852558771,1,2,0,2120,2120,2120
1586434012916331993,1,2,0,2102,2102,2102
1586434013044260814,1,2,0,2075,2075,2075
1586434013108217869,1,2,0,2065,2065,2065
1586434013236210192,1,2,0,2053,2053,2053
1586434013364371773,1,2,0,2048,2048,2048
1586434013428247831,1,2,0,2048,2048,2048
1586434013556263904,1,2,0,2048,2048,2048
1586434013620501402,1,2,0,2047,2047,2047
1586434013748415790,1,2,0,2045,2045,2045
1586434013812259862,1,2,0,2042,2042,2042
1586434013940615127,1,2,0,2030,2030,2030
1586434014068234121,1,2,0,2008,2008,2008
1586434014132311778,1,2,0,1993,1993,1993
1586434014260317826,1,2,0,1954,1954,1954
1586434014324223906,1,2,0,1929,1929,1929
1586434014452301489,1,2,0,1870,1870,1870
1586434014516283085,1,2,0,1836,1836,1836
1586434014644323667,1,2,0,1757,1757,1757
1586434014708405531,1,2,0,1714,1714,1714
1586434014836363244,1,2,0,1618,1618,1618
1586434014964375145,1,2,0,1512,1512,1512
1586434015028454437,1,2,0,1456,1456,1456
1586434015156447222,1,2,0,1338,1338,1338
1586434015220417661,1,2,0,1277,1277,1277
1586434015348631654,1,2,0,1152,1152,1152
1586434015412536412,1,2,0,1088,1088,1088
1586434015540651132,1,2,0,960,960,960
1586434015668118238,1,2,0,896,896,896
1586434015732537761,1,2,0,771,771,771
1586434015860592553,1,2,0,650,650,650
1586434015924607943,1,2,0,592,592,592
1586434016052377003,1,2,0,482,482,482
1586434016116801271,1,2,0,430,430,430
1586434016244448651,1,2,0,334,334,334
1586434016308791020,1,2,0,291,291,291
1586434016436579663,1,2,0,212,212,212
1586434016564343166,1,2,0,147,147,147
1586434016628540677,1,2,0,119,119,119
1586434016756754233,1,2,0,73,73,73
1586434016820574163,1,2,0,55,55,55
1586434016948583462,1,2,0,28,28,28
1586434017012539737,1,2,0,18,18,18
1586434017140635586,1,2,0,6,6,6
1586434017268108766,1,2,0,3,3,3
1586434017332535044,1,2,0,1,1,1
1586434017460572035,1,2,0,1,1,1
1586434017524664089,1,2,0,1,1,1
1586434017652563147,1,2,0,3,3,3
1586434017716528718,1,2,0,6,6,6
1586434017844326622,1,2,0,18,18,18
1586434017908356738,1,2,0,28,28,28
1586434018036337956,1,2,0,55,55,55
1586434018164336431,1,2,0,95,95,95
1586434018228338193,1,2,0,119,119,119
1586434018356379163,1,2,0,178,178,178
1586434018420313351,1,2,0,212,212,212
1586434018548404362,1,2,0,291,291,291
1586434018612258206,1,2,0,334,334,334
1586434018740336748,1,2,0,430,430,430
1586434018868440358,1,2,0,482,482,482
1586434018932528515,1,2,0,592,592,592
1586434019060521563,1,2,0,710,710,710
1586434019124302258,1,2,0,771,771,771
1586434019252346619,1,2,0,896,896,896
1586434019316233113,1,2,0,960,960,960
1586434019444396726,1,2,0,1088,1088,1088
1586434019508378263,1,2,0,1152,1152,1152
1586434019636496575,1,2,0,1277,1277,1277
1586434019764286847,1,2,0,1398,1398,1398
1586434019828548145,1,2,0,1456,1456,1456
1586434019956532817,1,2,0,1566,1566,1566
1586434020020535078,1,2,0,1618,1618,1618
1586434020148448295,1,2,0,1714,1714,1714
1586434020212565412,1,2,0,1757,1757,1757
1586434020340358124,1,2,0,1836,1836,1836
1586434020468179721,1,2,0,1870,1870,1870
1586434020532351297,1,2,0,1929,1929,1929
1586434020660412580,1,2,0,1975,1975,1975
1586434020724402553,1,2,0,1993,1993,1993
1586434020852427361,1,2,0,2020,2020,2020
1586434020916582852,1,2,0,2030,2030,2030
1586434021044709185,1,2,0,2042,2042,2042
1586434021108627970,1,2,0,2045,2045,2045
1586434021236601911,1,2,0,2047,2047,2047
1586434021364605422,1,2,0,2048,2048,2048
1586434021428547001,1,2,0,2048,2048,2048
1586434021555628802,1,2,0,2050,2050,2050
1586434021620731123,1,2,0,2053,2053,2053
1586434021748515548,1,2,0,2065,2065,2065
1586434021812516421,1,2,0,2075,2075,2075
1586434021940519524,1,2,0,2102,2102,2102
1586434022068582945,1,2,0,2120,2120,2120
1586434022132442303,1,2,0,2166,2166,2166
1586434022260363312,1,2,0,2225,2225,2225
1586434022324399302,1,2,0,2259,2259,2259
1586434022452424574,1,2,0,2338,2338,2338
1586434022516413088,1,2,0,2381,2381,2381
1586434022644451975,1,2,0,2477,2477,2477
1586434022708577175,1,2,0,2529,2529,2529
1586434022836521851,1,2,0,2639,2639,2639
1586434022964538266,1,2,0,2757,2757,2757
1586434023028603173,1,2,0,2818,2818,2818
1586434023156507846,1,2,0,2943,2943,2943
1586434023220417461,1,2,0,3007,3007,3007
1586434023348360700,1,2,0,3135,3135,3135
1586434023412372448,1,2,0,3199,3199,3199
1586434023540421141,1,2,0,3324,3324,3324
1586434023668243842,1,2,0,3385,3385,3385
1586434023732579030,1,2,0,3503,3503,3503
1586434023860432625,1,2,0,3613,3613,3613
1586434023924515356,1,2,0,3665,3665,3665
1586434024052698548,1,2,0,3761,3761,3761
1586434024116611586,1,2,0,3804,3804,3804
1586434024244656066,1,2,0,3883,3883,3883
1586434024308714699,1,2,0,3917,3917,3917
1586434024436415528,1,2,0,3976,3976,3976
1586434024564345211,1,2,0,4022,4022,4022
1586434024628418553,1,2,0,4040,4040,4040
1586434024756634147,1,2,0,4067,4067,4067
1586434024820579132,1,2,0,4077,4077,4077
1586434024948656653,1,2,0,4089,4089,4089
1586434025012551421,1,2,0,4092,4092,4092
1586434025140536575,1,2,0,4094,4094,4094
1586434025268126977,1,2,0,4094,4094,4094
1586434025332427212,1,2,0,4094,4094,4094
1586434025460508264,1,2,0,4092,4092,4092
1586434025524562846,1,2,0,4089,4089,4089
1586434025652442632,1,2,0,4077,4077,4077
1586434025716593782,1,2,0,4067,4067,4067
1586434025844421935,1,2,0,4040,4040,4040
1586434025908760264,1,2,0,4022,4022,4022
1586434026036518493,1,2,0,3976,3976,3976
1586434026164449981,1,2,0,3917,3917,3917
1586434026228547389,1,2,0,3883,3883,3883
1586434026356531969,1,2,0,3804,3804,3804
1586434026420450891,1,2,0,3761,3761,3761
1586434026548539652,1,2,0,3665,3665,3665
1586434026612517865,1,2,0,3613,3613,3613
1586434026740669519,1,2,0,3503,3503,3503
1586434026868156145,1,2,0,3445,3445,3445
1586434026932551031,1,2,0,3324,3324,3324
1586434027060581213,1,2,0,3199,3199,3199
1586434027124696978,1,2,0,3135,3135,3135
1586434027252547490,1,2,0,3007,3007,3007
1586434027316673119,1,2,0,2943,2943,2943
1586434027444965872,1,2,0,2818,2818,2818
1586434027509162782,1,2,0,2757,2757,2757
1586434027636740959,1,2,0,2639,2639,2639
1586434027764691808,1,2,0,2529,2529,2529
1586434027828831206,1,2,0,2477,2477,2477
1586434027956659638,1,2,0,2381,2381,2381
1586434028020714899,1,2,0,2338,2338,2338
1586434028148558195,1,2,0,2259,2259,2259
1586434028212555947,1,2,0,2225,2225,2225
1586434028340414419,1,2,0,2166,2166,2166
1586434028404807953,1,2,0,2141,2141,2141
1586434028532562589,1,2,0,2102,2102,2102
1586434028660519605,1,2,0,2075,2075,2075
1586434028723914376,1,2,0,2065,2065,2065
1586434028852253239,1,2,0,2053,2053,2053
1586434028916258671,1,2,0,2050,2050,2050
1586434029044709106,1,2,0,2048,2048,2048
1586434029108631963,1,2,0,2048,2048,2048
1586434029236585074,1,2,0,2047,2047,2047
1586434029365679091,1,2,0,2045,2045,2045
1586434029427738330,1,2,0,2042,2042,2042
1586434029556412355,1,2,0,2030,2030,2030
1586434029620494573,1,2,0,2020,2020,2020
1586434029748570234,1,2,0,1993,1993,1993
1586434029812559659,1,2,0,1975,1975,1975
1586434029940515100,1,2,0,1929,1929,1929
1586434030068619744,1,2,0,1901,1901,1901
1586434030132606171,1,2,0,1836,1836,1836
1586434030260715261,1,2,0,1757,1757,1757
1586434030324491292,1,2,0,1714,1714,1714
1586434030451894813,1,2,0,1618,1618,1618
1586434030516138515,1,2,0,1566,1566,1566
1586434030644422994,1,2,0,1456,1456,1456
1586434030708546483,1,2,0,1398,1398,1398
1586434030836199531,1,2,0,1277,1277,1277
1586434030964540480,1,2,0,1152,1152,1152
1586434031028426718,1,2,0,1088,1088,1088
1586434031156412455,1,2,0,960,960,960
1586434031220385056,1,2,0,896,896,896
1586434031348077822,1,2,0,771,771,771
1586434031411784572,1,2,0,710,710,710
1586434031539797435,1,2,0,592,592,592
1586434031668252394,1,2,0,536,536,536
1586434031732424429,1,2,0,430,430,430
1586434031860199639,1,2,0,334,334,334
1586434031923798174,1,2,0,291,291,291
1586434032052417681,1,2,0,212,212,212
1586434032116867219,1,2,0,178,178,178
1586434032244537897,1,2,0,119,119,119
1586434032308388392,1,2,0,95,95,95
1586434032435753054,1,2,0,55,55,55
1586434032564554216,1,2,0,28,28,28
1586434032628420437,1,2,0,18,18,18
1586434032756394931,1,2,0,6,6,6
1586434032820518363,1,2,0,3,3,3
1586434032948018113,1,2,0,1,1,1
1586434033012648443,1,2,0,1,1,1
1586434033140422393,1,2,0,1,1,1
1586434033268379523,1,2,0,1,1,1
1586434033332605965,1,2,0,6,6,6
1586434033460544976,1,2,0,18,18,18
1586434033524545984,1,2,0,28,28,28
1586434033652591739,1,2,0,55,55,55
1586434033716548098,1,2,0,73,73,73
1586434033844691146,1,2,0,119,119,119
1586434033910507870,1,2,0,147,147,147
1586434034037021316,1,2,0,212,212,212
1586434034164592589,1,2,0,291,291,291
1586434034228729794,1,2,0,334,334,334
1586434034356582580,1,2,0,430,430,430
1586434034420665067,1,2,0,482,482,482
1586434034548775581,1,2,0,592,592,592
1586434034612841811,1,2,0,650,650,650
1586434034740668783,1,2,0,771,771,771
1586434034804646784,1,2,0,833,833,833
1586434034932562597,1,2,0,960,960,960
1586434035060756531,1,2,0,1088,1088,1088
1586434035124882401,1,2,0,1152,1152,1152
1586434035252614572,1,2,0,1277,1277,1277
1586434035316749951,1,2,0,1338,1338,1338
1586434035444601347,1,2,0,1456,1456,1456
1586434035508874688,1,2,0,1512,1512,1512
1586434035636824835,1,2,0,1618,1618,1618
1586434035764700826,1,2,0,1714,1714,1714
1586434035828798274,1,2,0,1757,1757,1757
1586434035956542512,1,2,0,1836,1836,1836
1586434036020534160,1,2,0,1870,1870,1870
1586434036148616828,1,2,0,1929,1929,1929
1586434036212659710,1,2,0,1954,1954,1954
1586434036340656572,1,2,0,1993,1993,1993
1586434036468539724,1,2,0,2008,2008,2008
1586434036532587410,1,2,0,2030,2030,2030
1586434036660723182,1,2,0,2042,2042,2042
1586434036724754031,1,2,0,2045,2045,2045
1586434036852680753,1,2,0,2047,2047,2047
1586434036916658066,1,2,0,2048,2048,2048
1586434037044669659,1,2,0,2048,2048,2048
1586434037108738649,1,2,0,2048,2048,2048
1586434037236730641,1,2,0,2053,2053,2053
1586434037364761288,1,2,0,2065,2065,2065
1586434037428688895,1,2,0,2075,2075,2075
1586434037556654891,1,2,0,2102,2102,2102
1586434037620639445,1,2,0,2120,2120,2120
1586434037748715509,1,2,0,2166,2166,2166
1586434037812749583,1,2,0,2194,2194,2194
1586434037940668981,1,2,0,2259,2259,2259
1586434038004657463,1,2,0,2297,2297,2297
1586434038132783345,1,2,0,2381,2381,2381
1586434038260667124,1,2,0,2477,2477,2477
1586434038324747067,1,2,0,2529,2529,2529
1586434038452702238,1,2,0,2639,2639,2639
1586434038516295646,1,2,0,2697,2697,2697
1586434038644726263,1,2,0,2818,2818,2818
1586434038708613985,1,2,0,2880,2880,2880
1586434038836719156,1,2,0,3007,3007,3007
1586434038964078847,1,2,0,3135,3135,3135
1586434039027842300,1,2,0,3199,3199,3199
1586434039156942355,1,2,0,3324,3324,3324
1586434039220800797,1,2,0,3385,3385,3385
1586434039348798524,1,2,0,3503,3503,3503
1586434039412738427,1,2,0,3559,3559,3559
1586434039540756047,1,2,0,3665,3665,3665
1586434039604918627,1,2,0,3714,3714,3714
1586434039732967082,1,2,0,3804,3804,3804
1586434039860725574,1,2,0,3883,3883,3883
1586434039924779422,1,2,0,3917,3917,3917
1586434040052655036,1,2,0,3976,3976,3976
1586434040116587765,1,2,0,4000,4000,4000
1586434040244706817,1,2,0,4040,4040,4040
1586434040308667758,1,2,0,4055,4055,4055
1586434040436731061,1,2,0,4077,4077,4077
1586434040564706467,1,2,0,4089,4089,4089
1586434040628712004,1,2,0,4092,4092,4092
1586434040756691657,1,2,0,4094,4094,4094
1586434040820648925,1,2,0,4094,4094,4094
1586434040948747689,1,2,0,4094,4094,4094
1586434041012695597,1,2,0,4094,4094,4094
1586434041140788805,1,2,0,4089,4089,4089
1586434041204623869,1,2,0,4084,4084,4084
1586434041332921422,1,2,0,4067,4067,4067
1586434041460760168,1,2,0,4040,4040,4040
1586434041524822149,1,2,0,4022,4022,4022
1586434041652781396,1,2,0,3976,3976,3976
1586434041716681431,1,2,0,3948,3948,3948
1586434041844727074,1,2,0,3883,3883,3883
1586434041908845378,1,2,0,3845,3845,3845
1586434042036930697,1,2,0,3761,3761,3761
1586434042164912929,1,2,0,3665,3665,3665
1586434042228754305,1,2,0,3613,3613,3613
1586434042356662162,1,2,0,3503,3503,3503
1586434042420922065,1,2,0,3445,3445,3445
1586434042548698756,1,2,0,3324,3324,3324
1586434042612823468,1,2,0,3262,3262,3262
1586434042740756053,1,2,0,3135,3135,3135
1586434042804700414,1,2,0,3071,3071,3071
1586434042932691891,1,2,0,2943,2943,2943
1586434043060739991,1,2,0,2818,2818,2818
1586434043124909532,1,2,0,2757,2757,2757
1586434043252866157,1,2,0,2639,2639,2639
1586434043316849172,1,2,0,2583,2583,2583
1586434043444729438,1,2,0,2477,2477,2477
1586434043508783726,1,2,0,2428,2428,2428
1586434043636730566,1,2,0,2338,2338,2338
1586434043764815335,1,2,0,2259,2259,2259
1586434043828738538,1,2,0,2225,2225,2225
1586434043956829233,1,2,0,2166,2166,2166
1586434044020945515,1,2,0,2141,2141,2141
1586434044148704881,1,2,0,2102,2102,2102
1586434044212753856,1,2,0,2087,2087,2087
1586434044341166025,1,2,0,2065,2065,2065
1586434044404878667,1,2,0,2058,2058,2058
1586434044532784724,1,2,0,2050,2050,2050
1586434044660802498,1,2,0,2048,2048,2048
1586434044724787038,1,2,0,2048,2048,2048
1586434044852919673,1,2,0,2047,2047,2047
1586434044916924857,1,2,0,2047,2047,2047
1586434045044873527,1,2,0,2042,2042,2042
1586434045108797599,1,2,0,2037,2037,2037
1586434045236831618,1,2,0,2020,2020,2020
1586434045364752465,1,2,0,1993,1993,1993
1586434045428717298,1,2,0,1975,1975,1975
1586434045556787278,1,2,0,1929,1929,1929
1586434045620991078,1,2,0,1901,1901,1901
1586434045748815953,1,2,0,1836,1836,1836
1586434045812881340,1,2,0,1798,1798,1798
1586434045940925293,1,2,0,1714,1714,1714
1586434046004898684,1,2,0,1667,1667,1667
1586434046132695278,1,2,0,1566,1566,1566
1586434046260829859,1,2,0,1456,1456,1456
1586434046324748147,1,2,0,1398,1398,1398
1586434046452901598,1,2,0,1277,1277,1277
1586434046516815755,1,2,0,1215,1215,1215
1586434046644822072,1,2,0,1088,1088,1088
1586434046708809094,1,2,0,1024,1024,1024
1586434046836718687,1,2,0,896,896,896
1586434046964855998,1,2,0,771,771,771
1586434047028863204,1,2,0,710,710,710
1586434047156850171,1,2,0,592,592,592
1586434047220861139,1,2,0,536,536,536
1586434047348923513,1,2,0,430,430,430
1586434047412925960,1,2,0,381,381,381
1586434047540869428,1,2,0,291,291,291
1586434047604725385,1,2,0,250,250,250
1586434047732805430,1,2,0,178,178,178
1586434047860955132,1,2,0,119,119,119
1586434047924993099,1,2,0,95,95,95
1586434048052865505,1,2,0,55,55,55
1586434048116846072,1,2,0,40,40,40
1586434048244818214,1,2,0,18,18,18
1586434048308897044,1,2,0,11,11,11
1586434048436962547,1,2,0,3,3,3
1586434048564873268,1,2,0,1,1,1
1586434048628938199,1,2,0,1,1,1
1586434048756916204,1,2,0,1,1,1
1586434048820981224,1,2,0,1,1,1
1586434048949209060,1,2,0,6,6,6
1586434049012818119,1,2,0,11,11,11
1586434049140959043,1,2,0,28,28,28
1586434049204884746,1,2,0,40,40,40
1586434049332937571,1,2,0,73,73,73
1586434049460914832,1,2,0,119,119,119
1586434049524352023,1,2,0,147,147,147
1586434049652288446,1,2,0,212,212,212
1586434049716222688,1,2,0,250,250,250
1586434049844505891,1,2,0,334,334,334
1586434049908451989,1,2,0,381,381,381
1586434050036685125,1,2,0,482,482,482
1586434050164829374,1,2,0,592,592,592
1586434050228980555,1,2,0,650,650,650
1586434050356956364,1,2,0,771,771,771
1586434050420953091,1,2,0,833,833,833
1586434050548973542,1,2,0,960,960,960
1586434050612866008,1,2,0,1024,1024,1024
1586434050740825931,1,2,0,1152,1152,1152
1586434050804949209,1,2,0,1215,1215,1215
1586434050932914864,1,2,0,1338,1338,1338
1586434051060855450,1,2,0,1456,1456,1456
1586434051124975296,1,2,0,1512,1512,1512
1586434051252822825,1,2,0,1618,1618,1618
1586434051316816740,1,2,0,1667,1667,1667
1586434051445066083,1,2,0,1757,1757,1757
1586434051508594268,1,2,0,1798,1798,1798
1586434051636937454,1,2,0,1870,1870,1870
1586434051764900936,1,2,0,1929,1929,1929
1586434051829096826,1,2,0,1954,1954,1954
1586434051956930668,1,2,0,1993,1993,1993
1586434052020953408,1,2,0,2008,2008,2008
1586434052148982182,1,2,0,2030,2030,2030
1586434052212857372,1,2,0,2037,2037,2037
1586434052340885828,1,2,0,2045,2045,2045
1586434052404924714,1,2,0,2047,2047,2047
1586434052533012692,1,2,0,2048,2048,2048
1586434052660585092,1,2,0,2048,2048,2048
1586434052724552354,1,2,0,2048,2048,2048
1586434052852651225,1,2,0,2048,2048,2048
1586434052916684497,1,2,0,2048,2048,2048
1586434053044569485,1,2,0,2048,2048,2048
1586434053108554563,1,2,0,2048,2048,2048
1586434053236565237,1,2,0,2048,2048,2048
1586434053364625485,1,2,0,2048,2048,2048
1586434053428683149,1,2,0,2048,2048,2048
1586434053556707609,1,2,0,2048,2048,2048
1586434053620840056,1,2,0,2048,2048,2048
1586434053748654039,1,2,0,2048,2048,2048
1586434053812648981,1,2,0,2048,2048,2048
1586434053940931291,1,2,0,2048,2048,2048
1586434054004916175,1,2,0,2048,2048,2048
