1587087402460376543,1,2,0,2048,2048,2048
1587087402587903818,1,2,0,2048,2048,2048
1587087402715613893,1,2,0,2048,2048,2048
1587087402779651564,1,2,0,2048,2048,2048
1587087402907572682,1,2,0,2048,2048,2048
1587087402972128556,1,2,0,2048,2048,2048
1587087403099262495,1,2,0,2048,2048,2048
1587087403163446856,1,2,0,2048,2048,2048
1587087403291400513,1,2,0,2048,2048,2048
1587087403355430850,1,2,0,2048,2048,2048
1587087403483444501,1,2,0,2048,2048,2048
1587087403611776992,1,2,0,2048,2048,2048
1587087403675648538,1,2,0,2048,2048,2048
1587087403803558892,1,2,0,2048,2048,2048
1587087403867589342,1,2,0,2048,2048,2048
1587087403995648500,1,2,0,2048,2048,2048
1587087404059589443,1,2,0,2048,2048,2048
1587087404187456733,1,2,0,2048,2048,2048
1587087404315493123,1,2,0,2048,2048,2048
1587087404379374813,1,2,0,2048,2048,2048
1587087404507398294,1,2,0,2048,2048,2048
1587087404571469309,1,2,0,2048,2048,2048
1587087404699442581,1,2,0,2048,2048,2048
1587087404763442334,1,2,0,2048,2048,2048
1587087404891331352,1,2,0,2048,2048,2048
1587087404955310865,1,2,0,2048,2048,2048
1587087405098805608,1,2,0,2048,2048,2048
1587087405162895546,1,2,0,2048,2048,2048
1587087405290763429,1,2,0,2048,2048,2048
1587087405354730983,1,2,0,2048,2048,2048
1587087405482806195,1,2,0,2048,2048,2048
1587087405610725787,1,2,0,2048,2048,2048
1587087405674910521,1,2,0,2048,2048,2048
1587087405802708536,1,2,0,2048,2048,2048
1587087405866785930,1,2,0,2048,2048,2048
1587087405994714142,1,2,0,2048,2048,2048
1587087406058731423,1,2,0,2048,2048,2048
1587087406186909234,1,2,0,2048,2048,2048
1587087406315480025,1,2,0,2048,2048,2048
1587087406379637022,1,2,0,2048,2048,2048
1587087406507288511,1,2,0,2048,2048,2048
1587087406571324659,1,2,0,2048,2048,2048
1587087406699558340,1,2,0,2048,2048,2048
1587087406763270619,1,2,0,2048,2048,2048
1587087406891372711,1,2,0,2048,2048,2048
1587087406955354099,1,2,0,2048,2048,2048
1587087407083642055,1,2,0,2048,2048,2048
1587087407274788422,1,2,0,2060,2072,2048
1587087407339650606,1,2,0,2059,2071,2048
1587087407403697846,1,2,0,2059,2071,2048
1587087407467642340,1,2,0,2059,2071,2048
1587087407595584211,1,2,0,2059,2071,2048
1587087407659641439,1,2,0,2059,2071,2048
1587087407787681496,1,2,0,2059,2071,2048
1587087407915527299,1,2,0,2059,2071,2048
1587087407979636707,1,2,0,2059,2070,2048
1587087408107662677,1,2,0,2059,2070,2048
1587087408171604493,1,2,0,2058,2069,2048
1587087408299713716,1,2,0,2058,2069,2048
1587087408363634817,1,2,0,2058,2068,2048
1587087408491617789,1,2,0,2057,2067,2048
1587087408555641446,1,2,0,2057,2066,2048
1587087408683565233,1,2,0,2056,2065,2048
1587087408811571395,1,2,0,2056,2064,2048
1587087408875515857,1,2,0,2055,2063,2048
1587087409003433097,1,2,0,2055,2062,2048
1587087409067553588,1,2,0,2054,2061,2048
1587087409195597975,1,2,0,2054,2060,2048
1587087409259484104,1,2,0,2053,2059,2048
1587087409387455921,1,2,0,2052,2057,2048
1587087409515495704,1,2,0,2052,2056,2048
1587087409580113708,1,2,0,2051,2055,2048
1587087409707410055,1,2,0,2051,2054,2048
1587087409771390105,1,2,0,2050,2053,2048
1587087409899702515,1,2,0,2050,2052,2048
1587087409962594199,1,2,0,2049,2051,2048
1587087410090844118,1,2,0,2049,2050,2048
1587087410155323965,1,2,0,2049,2050,2048
1587087410283137573,1,2,0,2048,2049,2048
1587087410410771693,1,2,0,2048,2049,2048
1587087410474875923,1,2,0,2048,2048,2048
1587087410603523543,1,2,0,2048,2048,2048
1587087410667475433,1,2,0,2048,2048,2048
1587087410795367064,1,2,0,2048,2048,2048
1587087410858925739,1,2,0,2048,2048,2048
1587087410987292958,1,2,0,2048,2048,2048
1587087411115585946,1,2,0,2048,2048,2048
1587087411179512411,1,2,0,2048,2048,2048
1587087411307190910,1,2,0,2048,2048,2048
1587087411371224040,1,2,0,2050,2050,2050
1587087411499185670,1,2,0,2058,2058,2058
1587087411563369397,1,2,0,2065,2065,2065
1587087411691275335,1,2,0,2087,2087,2087
1587087411754597799,1,2,0,2102,2102,2102
1587087411882444494,1,2,0,2141,2141,2141
1587087412010476271,1,2,0,2194,2194,2194
1587087412074865164,1,2,0,2225,2225,2225
1587087412202612646,1,2,0,2297,2297,2297
1587087412266695360,1,2,0,2338,2338,2338
1587087412394630420,1,2,0,2428,2428,2428
1587087412458930590,1,2,0,2477,2477,2477
1587087412586718967,1,2,0,2583,2583,2583
1587087412714561909,1,2,0,2697,2697,2697
1587087412778575648,1,2,0,2757,2757,2757
1587087412906593070,1,2,0,2880,2880,2880
1587087412971157077,1,2,0,2943,2943,2943
1587087413099271087,1,2,0,3071,3071,3071
1587087413163493021,1,2,0,3135,3135,3135
1587087413290770165,1,2,0,3262,3262,3262
1587087413354807562,1,2,0,3324,3324,3324
1587087413482623918,1,2,0,3445,3445,3445
1587087413611567117,1,2,0,3559,3559,3559
1587087413675499695,1,2,0,3613,3613,3613
1587087413803358546,1,2,0,3714,3714,3714
1587087413867341691,1,2,0,3761,3761,3761
1587087413994687973,1,2,0,3845,3845,3845
1587087414058583553,1,2,0,3883,3883,3883
1587087414186562564,1,2,0,3948,3948,3948
1587087414314538030,1,2,0,4000,4000,4000
1587087414378820186,1,2,0,4022,4022,4022
1587087414506533493,1,2,0,4055,4055,4055
1587087414571194129,1,2,0,4067,4067,4067
1587087414698522820,1,2,0,4084,4084,4084
1587087414762706902,1,2,0,4089,4089,4089
1587087414890766188,1,2,0,4094,4094,4094
1587087414955260719,1,2,0,4094,4094,4094
1587087415083147938,1,2,0,4094,4094,4094
1587087415211137246,1,2,0,4094,4094,4094
1587087415275115832,1,2,0,4093,4093,4093
1587087415403131706,1,2,0,4088,4088,4088
1587087415467377356,1,2,0,4084,4084,4084
1587087415594461090,1,2,0,4070,4070,4070
1587087415658914014,1,2,0,4061,4061,4061
1587087415786840279,1,2,0,4036,4036,4036
1587087415915480063,1,2,0,4003,4003,4003
1587087415978213995,1,2,0,3983,3983,3983
1587087416107051959,1,2,0,3936,3936,3936
1587087416171142130,1,2,0,3909,3909,3909
1587087416299139708,1,2,0,3850,3850,3850
1587087416363134341,1,2,0,3816,3816,3816
1587087416491061631,1,2,0,3744,3744,3744
1587087416555321998,1,2,0,3705,3705,3705
1587087416682976971,1,2,0,3622,3622,3622
1587087416811024541,1,2,0,3533,3533,3533
1587087416875674661,1,2,0,3487,3487,3487
1587087417003594603,1,2,0,3391,3391,3391
1587087417067230116,1,2,0,3341,3341,3341
1587087417195035914,1,2,0,3240,3240,3240
1587087417259487699,1,2,0,3189,3189,3189
1587087417387072851,1,2,0,3086,3086,3086
1587087417515125225,1,2,0,2983,2983,2983
1587087417579057262,1,2,0,2932,2932,2932
1587087417707131039,1,2,0,2831,2831,2831
1587087417770994743,1,2,0,2782,2782,2782
1587087417899352811,1,2,0,2684,2684,2684
1587087417963087064,1,2,0,2637,2637,2637
1587087418091032295,1,2,0,2546,2546,2546
1587087418155020273,1,2,0,2501,2501,2501
1587087418283117660,1,2,0,2416,2416,2416
1587087418411115687,1,2,0,2336,2336,2336
1587087418475022743,1,2,0,2297,2297,2297
1587087418603100942,1,2,0,2222,2222,2222
1587087418667065270,1,2,0,2186,2186,2186
1587087418794999350,1,2,0,2116,2116,2116
1587087418858975215,1,2,0,2082,2082,2082
1587087418986961504,1,2,0,2048,2048,2048
1587087419115070168,1,2,0,1979,1979,1979
1587087419178915521,1,2,0,1944,1944,1944
1587087419307024706,1,2,0,1873,1873,1873
1587087419371016127,1,2,0,1836,1836,1836
1587087419498963061,1,2,0,1759,1759,1759
1587087419562976774,1,2,0,1720,1720,1720
1587087419691040374,1,2,0,1637,1637,1637
1587087419755025235,1,2,0,1594,1594,1594
1587087419882969667,1,2,0,1504,1504,1504
1587087420011016773,1,2,0,1411,1411,1411
1587087420074885370,1,2,0,1362,1362,1362
1587087420202886103,1,2,0,1264,1264,1264
1587087420266872169,1,2,0,1214,1214,1214
1587087420394891570,1,2,0,1112,1112,1112
1587087420458844196,1,2,0,1060,1060,1060
1587087420586994314,1,2,0,957,957,957
1587087420715101411,1,2,0,855,855,855
1587087420778894921,1,2,0,804,804,804
1587087420906962872,1,2,0,704,704,704
1587087420970829886,1,2,0,656,656,656
1587087421098924274,1,2,0,562,562,562
1587087421162893645,1,2,0,516,516,516
1587087421290843911,1,2,0,430,430,430
1587087421354791804,1,2,0,390,390,390
1587087421482842116,1,2,0,314,314,314
1587087421610835737,1,2,0,245,245,245
1587087421674795344,1,2,0,214,214,214
1587087421802915273,1,2,0,159,159,159
1587087421866776828,1,2,0,134,134,134
1587087421994811274,1,2,0,92,92,92
1587087422058990632,1,2,0,75,75,75
1587087422186755076,1,2,0,46,46,46
1587087422314813626,1,2,0,25,25,25
1587087422378788778,1,2,0,17,17,17
1587087422506763815,1,2,0,7,7,7
1587087422570955498,1,2,0,4,4,4
1587087422698703712,1,2,0,1,1,1
1587087422762663344,1,2,0,1,1,1
1587087422890684828,1,2,0,1,1,1
1587087422954740356,1,2,0,1,1,1
1587087423082804438,1,2,0,2,2,2
1587087423210779149,1,2,0,7,7,7
1587087423274823171,1,2,0,11,11,11
1587087423402548663,1,2,0,25,25,25
1587087423466654273,1,2,0,34,34,34
1587087423594819906,1,2,0,59,59,59
1587087423658639526,1,2,0,75,75,75
1587087423786719426,1,2,0,112,112,112
1587087423914240139,1,2,0,159,159,159
1587087423978607219,1,2,0,186,186,186
1587087424106574680,1,2,0,245,245,245
1587087424170714379,1,2,0,279,279,279
1587087424298666230,1,2,0,351,351,351
1587087424362617516,1,2,0,390,390,390
1587087424490591477,1,2,0,473,473,473
1587087424554777253,1,2,0,516,516,516
1587087424682564935,1,2,0,608,608,608
1587087424810655581,1,2,0,704,704,704
1587087424874678386,1,2,0,754,754,754
1587087425002778745,1,2,0,855,855,855
1587087425066569466,1,2,0,906,906,906
1587087425194643569,1,2,0,1009,1009,1009
1587087425258546263,1,2,0,1060,1060,1060
1587087425386590207,1,2,0,1163,1163,1163
1587087425514716486,1,2,0,1264,1264,1264
1587087425578590926,1,2,0,1313,1313,1313
1587087425706685800,1,2,0,1411,1411,1411
1587087425770551002,1,2,0,1458,1458,1458
1587087425898597067,1,2,0,1549,1549,1549
1587087425961682272,1,2,0,1594,1594,1594
1587087426090194102,1,2,0,1679,1679,1679
1587087426154220290,1,2,0,1720,1720,1720
1587087426282490898,1,2,0,1798,1798,1798
1587087426410494337,1,2,0,1873,1873,1873
1587087426474472592,1,2,0,1909,1909,1909
1587087426602495984,1,2,0,1979,1979,1979
1587087426666437121,1,2,0,2013,2013,2013
1587087426794554151,1,2,0,2048,2048,2048
1587087426858467026,1,2,0,2082,2082,2082
1587087426986909142,1,2,0,2151,2151,2151
1587087427114535071,1,2,0,2222,2222,2222
1587087427178438437,1,2,0,2259,2259,2259
1587087427306659120,1,2,0,2336,2336,2336
1587087427370469452,1,2,0,2375,2375,2375
1587087427498509374,1,2,0,2458,2458,2458
1587087427562554402,1,2,0,2501,2501,2501
1587087427690357040,1,2,0,2591,2591,2591
1587087427754515122,1,2,0,2637,2637,2637
1587087427882497034,1,2,0,2733,2733,2733
1587087428010475906,1,2,0,2831,2831,2831
1587087428074386170,1,2,0,2881,2881,2881
1587087428202488867,1,2,0,2983,2983,2983
1587087428266394478,1,2,0,3035,3035,3035
1587087428394557672,1,2,0,3138,3138,3138
1587087428458459038,1,2,0,3189,3189,3189
1587087428586365435,1,2,0,3291,3291,3291
1587087428714397257,1,2,0,3391,3391,3391
1587087428778337053,1,2,0,3439,3439,3439
1587087428906451756,1,2,0,3533,3533,3533
1587087428970297915,1,2,0,3579,3579,3579
1587087429098368089,1,2,0,3665,3665,3665
1587087429162376088,1,2,0,3705,3705,3705
1587087429290470460,1,2,0,3781,3781,3781
1587087429354363728,1,2,0,3816,3816,3816
1587087429482299797,1,2,0,3881,3881,3881
1587087429610327331,1,2,0,3936,3936,3936
1587087429674321834,1,2,0,3961,3961,3961
1587087429802320535,1,2,0,4003,4003,4003
1587087429866375206,1,2,0,4020,4020,4020
1587087429994458209,1,2,0,4049,4049,4049
1587087430058276782,1,2,0,4061,4061,4061
1587087430186318492,1,2,0,4078,4078,4078
1587087430314395668,1,2,0,4088,4088,4088
1587087430378271785,1,2,0,4091,4091,4091
1587087430506218952,1,2,0,4094,4094,4094
1587087430570391875,1,2,0,4094,4094,4094
1587087430698206231,1,2,0,4094,4094,4094
1587087430762353999,1,2,0,4094,4094,4094
1587087430890237425,1,2,0,4093,4093,4093
1587087430954182066,1,2,0,4091,4091,4091
1587087431082150488,1,2,0,4084,4084,4084
1587087431210307439,1,2,0,4070,4070,4070
1587087431274159275,1,2,0,4061,4061,4061
1587087431402305936,1,2,0,4036,4036,4036
1587087431466174845,1,2,0,4020,4020,4020
1587087431594162243,1,2,0,3983,3983,3983
1587087431658205442,1,2,0,3961,3961,3961
1587087431786228568,1,2,0,3909,3909,3909
1587087431914205656,1,2,0,3850,3850,3850
1587087431978149508,1,2,0,3816,3816,3816
1587087432106202756,1,2,0,3744,3744,3744
1587087432170135634,1,2,0,3705,3705,3705
1587087432298137166,1,2,0,3622,3622,3622
1587087432362371247,1,2,0,3579,3579,3579
1587087432490128634,1,2,0,3487,3487,3487
1587087432554101977,1,2,0,3439,3439,3439
1587087432682057460,1,2,0,3341,3341,3341
1587087432810134779,1,2,0,3240,3240,3240
1587087432874174770,1,2,0,3189,3189,3189
1587087433002160622,1,2,0,3086,3086,3086
1587087433066142257,1,2,0,3035,3035,3035
1587087433194102207,1,2,0,2932,2932,2932
1587087433258100036,1,2,0,2881,2881,2881
1587087433386335134,1,2,0,2782,2782,2782
1587087433513960687,1,2,0,2684,2684,2684
1587087433578027867,1,2,0,2637,2637,2637
1587087433706084511,1,2,0,2546,2546,2546
1587087433770101258,1,2,0,2501,2501,2501
1587087433897996516,1,2,0,2416,2416,2416
1587087433962224361,1,2,0,2375,2375,2375
1587087434090093179,1,2,0,2297,2297,2297
1587087434154050163,1,2,0,2259,2259,2259
1587087434281951543,1,2,0,2186,2186,2186
1587087434410007862,1,2,0,2116,2116,2116
1587087434474075031,1,2,0,2082,2082,2082
1587087434602086599,1,2,0,2048,2048,2048
1587087434666087800,1,2,0,2013,2013,2013
1587087434794029704,1,2,0,1944,1944,1944
1587087434858054461,1,2,0,1909,1909,1909
1587087434986269053,1,2,0,1836,1836,1836
1587087435113981315,1,2,0,1759,1759,1759
1587087435177968251,1,2,0,1720,1720,1720
1587087435306062179,1,2,0,1637,1637,1637
1587087435369925193,1,2,0,1594,1594,1594
1587087435498167649,1,2,0,1504,1504,1504
1587087435562048237,1,2,0,1458,1458,1458
1587087435690178214,1,2,0,1362,1362,1362
1587087435753957312,1,2,0,1313,1313,1313
1587087435881945294,1,2,0,1214,1214,1214
1587087436010074969,1,2,0,1112,1112,1112
1587087436074035728,1,2,0,1060,1060,1060
1587087436201925288,1,2,0,957,957,957
1587087436265865341,1,2,0,906,906,906
1587087436393876707,1,2,0,804,804,804
1587087436457913749,1,2,0,754,754,754
1587087436585906906,1,2,0,656,656,656
1587087436713894557,1,2,0,562,562,562
1587087436777894219,1,2,0,516,516,516
1587087436905972614,1,2,0,430,430,430
1587087436969833281,1,2,0,390,390,390
1587087437097961198,1,2,0,314,314,314
1587087437161867949,1,2,0,279,279,279
1587087437289779260,1,2,0,214,214,214
1587087437353857140,1,2,0,186,186,186
1587087437481856258,1,2,0,134,134,134
1587087437609929534,1,2,0,92,92,92
1587087437673825827,1,2,0,75,75,75
1587087437801892881,1,2,0,46,46,46
1587087437865775385,1,2,0,34,34,34
1587087437993831421,1,2,0,17,17,17
1587087438057942730,1,2,0,11,11,11
1587087438185799499,1,2,0,4,4,4
1587087438313771371,1,2,0,1,1,1
1587087438377735354,1,2,0,1,1,1
1587087438505882041,1,2,0,1,1,1
1587087438569765469,1,2,0,1,1,1
1587087438697802600,1,2,0,2,2,2
1587087438761775140,1,2,0,4,4,4
1587087438889748886,1,2,0,11,11,11
1587087438953797079,1,2,0,17,17,17
1587087439081669645,1,2,0,34,34,34
1587087439209756192,1,2,0,59,59,59
1587087439273787350,1,2,0,75,75,75
1587087439401694303,1,2,0,112,112,112
1587087439465726452,1,2,0,134,134,134
1587087439593733508,1,2,0,186,186,186
1587087439657639934,1,2,0,214,214,214
1587087439785691040,1,2,0,279,279,279
1587087439913748516,1,2,0,351,351,351
1587087439977686382,1,2,0,390,390,390
1587087440105753819,1,2,0,473,473,473
1587087440169695850,1,2,0,516,516,516
1587087440297631137,1,2,0,608,608,608
1587087440361672410,1,2,0,656,656,656
1587087440489666278,1,2,0,754,754,754
1587087440553730422,1,2,0,804,804,804
1587087440681668370,1,2,0,906,906,906
1587087440809663872,1,2,0,1009,1009,1009
1587087440873723382,1,2,0,1060,1060,1060
1587087441001784061,1,2,0,1163,1163,1163
1587087441065989055,1,2,0,1214,1214,1214
1587087441193221297,1,2,0,1313,1313,1313
1587087441257927200,1,2,0,1362,1362,1362
1587087441385383334,1,2,0,1458,1458,1458
1587087441512797209,1,2,0,1549,1549,1549
1587087441576845472,1,2,0,1594,1594,1594
1587087441704844849,1,2,0,1679,1679,1679
1587087441769869133,1,2,0,1720,1720,1720
1587087441897601153,1,2,0,1798,1798,1798
1587087441961692522,1,2,0,1836,1836,1836
1587087442089647310,1,2,0,1909,1909,1909
1587087442153629974,1,2,0,1944,1944,1944
1587087442281789204,1,2,0,2013,2013,2013
1587087442409515186,1,2,0,2048,2048,2048
1587087442473496866,1,2,0,2082,2082,2082
1587087442601534535,1,2,0,2151,2151,2151
1587087442665559596,1,2,0,2186,2186,2186
1587087442793610822,1,2,0,2259,2259,2259
1587087442857538964,1,2,0,2297,2297,2297
1587087442985482219,1,2,0,2375,2375,2375
1587087443113475532,1,2,0,2458,2458,2458
1587087443177633340,1,2,0,2501,2501,2501
1587087443305687682,1,2,0,2591,2591,2591
1587087443369584932,1,2,0,2637,2637,2637
1587087443497573001,1,2,0,2733,2733,2733
1587087443561476185,1,2,0,2782,2782,2782
1587087443689379204,1,2,0,2881,2881,2881
1587087443753475917,1,2,0,2932,2932,2932
1587087443882168033,1,2,0,3035,3035,3035
1587087444009415153,1,2,0,3138,3138,3138
1587087444073493657,1,2,0,3189,3189,3189
1587087444201427603,1,2,0,3291,3291,3291
1587087444265541513,1,2,0,3341,3341,3341
1587087444393651969,1,2,0,3439,3439,3439
1587087444457530817,1,2,0,3487,3487,3487
1587087444585444969,1,2,0,3579,3579,3579
1587087444713472653,1,2,0,3665,3665,3665
1587087444777371129,1,2,0,3705,3705,3705
1587087444905558884,1,2,0,3781,3781,3781
1587087444969489767,1,2,0,3816,3816,3816
1587087445097934541,1,2,0,3881,3881,3881
1587087445161407248,1,2,0,3909,3909,3909
1587087445289354626,1,2,0,3961,3961,3961
1587087445353473728,1,2,0,3983,3983,3983
1587087445481409764,1,2,0,4020,4020,4020
1587087445609212961,1,2,0,4049,4049,4049
1587087445673186215,1,2,0,4061,4061,4061
1587087445801501028,1,2,0,4078,4078,4078
1587087445865366008,1,2,0,4084,4084,4084
1587087445992746567,1,2,0,4091,4091,4091
1587087446057593762,1,2,0,4093,4093,4093
1587087446185374548,1,2,0,4094,4094,4094
1587087446313493619,1,2,0,4094,4094,4094
1587087446377242419,1,2,0,4094,4094,4094
1587087446505321688,1,2,0,4093,4093,4093
1587087446569331744,1,2,0,4091,4091,4091
1587087446697429887,1,2,0,4084,4084,4084
1587087446761426451,1,2,0,4078,4078,4078
1587087446889275890,1,2,0,4061,4061,4061
1587087446953389493,1,2,0,4049,4049,4049
1587087447081286262,1,2,0,4020,4020,4020
1587087447209216208,1,2,0,3983,3983,3983
1587087447273219789,1,2,0,3961,3961,3961
1587087447401258922,1,2,0,3909,3909,3909
1587087447465238153,1,2,0,3881,3881,3881
1587087447593398066,1,2,0,3816,3816,3816
1587087447657223314,1,2,0,3781,3781,3781
1587087447785210788,1,2,0,3705,3705,3705
1587087447912612432,1,2,0,3622,3622,3622
1587087447977414364,1,2,0,3579,3579,3579
1587087448105211179,1,2,0,3487,3487,3487
1587087448169225769,1,2,0,3439,3439,3439
1587087448297231183,1,2,0,3341,3341,3341
1587087448361200996,1,2,0,3291,3291,3291
1587087448489134306,1,2,0,3189,3189,3189
1587087448553173679,1,2,0,3138,3138,3138
1587087448681294870,1,2,0,3035,3035,3035
1587087448809189872,1,2,0,2932,2932,2932
1587087448873201186,1,2,0,2881,2881,2881
1587087449001129538,1,2,0,2782,2782,2782
1587087449065200536,1,2,0,2733,2733,2733
1587087449193371899,1,2,0,2637,2637,2637
1587087449257179259,1,2,0,2591,2591,2591
1587087449385169651,1,2,0,2501,2501,2501
1587087449513217261,1,2,0,2416,2416,2416
1587087449577278812,1,2,0,2375,2375,2375
1587087449705097278,1,2,0,2297,2297,2297
1587087449769114507,1,2,0,2259,2259,2259
1587087449897084406,1,2,0,2186,2186,2186
1587087449961282554,1,2,0,2151,2151,2151
1587087450089132188,1,2,0,2082,2082,2082
1587087450153136054,1,2,0,2048,2048,2048
1587087450281130779,1,2,0,2013,2013,2013
1587087450409169698,1,2,0,1944,1944,1944
1587087450473058638,1,2,0,1909,1909,1909
1587087450601126877,1,2,0,1836,1836,1836
1587087450664944632,1,2,0,1798,1798,1798
1587087450793008917,1,2,0,1720,1720,1720
1587087450857076227,1,2,0,1679,1679,1679
1587087450985007440,1,2,0,1594,1594,1594
1587087451113505500,1,2,0,1504,1504,1504
1587087451177169295,1,2,0,1458,1458,1458
1587087451305049631,1,2,0,1362,1362,1362
1587087451369045718,1,2,0,1313,1313,1313
1587087451497293447,1,2,0,1214,1214,1214
1587087451561215061,1,2,0,1163,1163,1163
1587087451689102593,1,2,0,1060,1060,1060
1587087451753045305,1,2,0,1009,1009,1009
1587087451881061043,1,2,0,906,906,906
1587087452009061468,1,2,0,804,804,804
1587087452072940503,1,2,0,754,754,754
1587087452201004707,1,2,0,656,656,656
1587087452265095115,1,2,0,608,608,608
1587087452392939117,1,2,0,516,516,516
1587087452456873846,1,2,0,473,473,473
1587087452584982222,1,2,0,390,390,390
1587087452713072477,1,2,0,314,314,314
1587087452777143648,1,2,0,279,279,279
1587087452904916348,1,2,0,214,214,214
1587087452968867350,1,2,0,186,186,186
1587087453097019641,1,2,0,134,134,134
1587087453161002759,1,2,0,112,112,112
1587087453289068518,1,2,0,75,75,75
1587087453353000908,1,2,0,59,59,59
1587087453481018059,1,2,0,34,34,34
1587087453608907246,1,2,0,17,17,17
1587087453672831852,1,2,0,11,11,11
1587087453800902124,1,2,0,4,4,4
1587087453864907545,1,2,0,2,2,2
1587087453992968832,1,2,0,1,1,1
1587087454057068922,1,2,0,1,1,1
1587087454184902921,1,2,0,1,1,1
1587087454313059438,1,2,0,2,2,2
1587087454376900347,1,2,0,4,4,4
1587087454504829794,1,2,0,11,11,11
1587087454569020108,1,2,0,17,17,17
1587087454697010351,1,2,0,34,34,34
1587087454760764563,1,2,0,46,46,46
1587087454888903746,1,2,0,75,75,75
1587087454952800260,1,2,0,92,92,92
1587087455080770820,1,2,0,134,134,134
1587087455208883325,1,2,0,186,186,186
1587087455272738144,1,2,0,214,214,214
1587087455400797236,1,2,0,279,279,279
1587087455464809592,1,2,0,314,314,314
1587087455592739174,1,2,0,390,390,390
1587087455656853098,1,2,0,430,430,430
1587087455784793382,1,2,0,516,516,516
1587087455912776262,1,2,0,608,608,608
1587087455976807875,1,2,0,656,656,656
1587087456103866693,1,2,0,754,754,754
1587087456168880210,1,2,0,804,804,804
1587087456296819784,1,2,0,906,906,906
1587087456360663725,1,2,0,957,957,957
1587087456488773158,1,2,0,1060,1060,1060
1587087456552709266,1,2,0,1112,1112,1112
1587087456680754753,1,2,0,1214,1214,1214
1587087456808796736,1,2,0,1313,1313,1313
1587087456872784058,1,2,0,1362,1362,1362
1587087457000742371,1,2,0,1458,1458,1458
1587087457064671628,1,2,0,1504,1504,1504
1587087457192561734,1,2,0,1594,1594,1594
1587087457256596814,1,2,0,1637,1637,1637
1587087457384668281,1,2,0,1720,1720,1720
1587087457512652432,1,2,0,1798,1798,1798
1587087457576657084,1,2,0,1836,1836,1836
1587087457704700666,1,2,0,1909,1909,1909
1587087457768748003,1,2,0,1944,1944,1944
1587087457896734357,1,2,0,2013,2013,2013
1587087457960750153,1,2,0,2048,2048,2048
1587087458088804675,1,2,0,2082,2082,2082
1587087458152740775,1,2,0,2116,2116,2116
1587087458280660838,1,2,0,2186,2186,2186
1587087458408543730,1,2,0,2259,2259,2259
1587087458472607218,1,2,0,2297,2297,2297
1587087458600572044,1,2,0,2375,2375,2375
1587087458664636692,1,2,0,2416,2416,2416
1587087458792640861,1,2,0,2501,2501,2501
1587087458856752341,1,2,0,2546,2546,2546
1587087458984591915,1,2,0,2637,2637,2637
1587087459112820829,1,2,0,2733,2733,2733
1587087459176602427,1,2,0,2782,2782,2782
1587087459304671194,1,2,0,2881,2881,2881
1587087459368700481,1,2,0,2932,2932,2932
1587087459496554742,1,2,0,3035,3035,3035
1587087459560493618,1,2,0,3086,3086,3086
1587087459688481168,1,2,0,3189,3189,3189
1587087459752501783,1,2,0,3240,3240,3240
1587087459880636369,1,2,0,3341,3341,3341
1587087460008524980,1,2,0,3439,3439,3439
1587087460072706021,1,2,0,3487,3487,3487
1587087460200467023,1,2,0,3579,3579,3579
1587087460264441493,1,2,0,3622,3622,3622
1587087460392492636,1,2,0,3705,3705,3705
1587087460456677717,1,2,0,3744,3744,3744
1587087460584479004,1,2,0,3816,3816,3816
1587087460712507218,1,2,0,3881,3881,3881
1587087460776591706,1,2,0,3909,3909,3909
1587087460904469252,1,2,0,3961,3961,3961
1587087460968497189,1,2,0,3983,3983,3983
1587087461096499359,1,2,0,4020,4020,4020
1587087461160468893,1,2,0,4036,4036,4036
1587087461288475001,1,2,0,4061,4061,4061
1587087461352630410,1,2,0,4070,4070,4070
1587087461480475512,1,2,0,4084,4084,4084
1587087461608502611,1,2,0,4091,4091,4091
1587087461672512359,1,2,0,4093,4093,4093
1587087461800471012,1,2,0,4094,4094,4094
1587087461864409492,1,2,0,4094,4094,4094
1587087461991616347,1,2,0,4094,4094,4094
1587087462055965589,1,2,0,4094,4094,4094
1587087462183864185,1,2,0,4091,4091,4091
1587087462311992618,1,2,0,4084,4084,4084
1587087462375875785,1,2,0,4078,4078,4078
1587087462504337550,1,2,0,4061,4061,4061
1587087462568349318,1,2,0,4049,4049,4049
1587087462696355620,1,2,0,4020,4020,4020
1587087462760339266,1,2,0,4003,4003,4003
1587087462888442799,1,2,0,3961,3961,3961
1587087463016157451,1,2,0,3936,3936,3936
1587087463080424985,1,2,0,3881,3881,3881
1587087463208288810,1,2,0,3816,3816,3816
1587087463272376689,1,2,0,3781,3781,3781
1587087463400381831,1,2,0,3705,3705,3705
1587087463464404118,1,2,0,3665,3665,3665
1587087463592298751,1,2,0,3579,3579,3579
1587087463656326305,1,2,0,3533,3533,3533
1587087463784376847,1,2,0,3439,3439,3439
1587087463912379230,1,2,0,3341,3341,3341
1587087463976158803,1,2,0,3291,3291,3291
1587087464104366521,1,2,0,3189,3189,3189
1587087464168413747,1,2,0,3138,3138,3138
1587087464296269408,1,2,0,3035,3035,3035
1587087464360330046,1,2,0,2983,2983,2983
1587087464488309361,1,2,0,2881,2881,2881
1587087464616100942,1,2,0,2831,2831,2831
1587087464680349509,1,2,0,2733,2733,2733
1587087464808192857,1,2,0,2637,2637,2637
1587087464872302352,1,2,0,2591,2591,2591
1587087465000170739,1,2,0,2501,2501,2501
1587087465064187358,1,2,0,2458,2458,2458
1587087465192175677,1,2,0,2375,2375,2375
1587087465256168876,1,2,0,2336,2336,2336
1587087465384259122,1,2,0,2259,2259,2259
1587087465512183246,1,2,0,2186,2186,2186
1587087465576211749,1,2,0,2151,2151,2151
1587087465704441986,1,2,0,2082,2082,2082
1587087465768157377,1,2,0,2048,2048,2048
1587087465896193136,1,2,0,2013,2013,2013
1587087465959247334,1,2,0,1979,1979,1979
1587087466088480059,1,2,0,1909,1909,1909
1587087466215717160,1,2,0,1873,1873,1873
1587087466280334567,1,2,0,1798,1798,1798
1587087466408176325,1,2,0,1720,1720,1720
1587087466472250561,1,2,0,1679,1679,1679
1587087466600163611,1,2,0,1594,1594,1594
1587087466664133666,1,2,0,1549,1549,1549
1587087466792165089,1,2,0,1458,1458,1458
1587087466856233342,1,2,0,1411,1411,1411
1587087466984165164,1,2,0,1313,1313,1313
1587087467112161963,1,2,0,1214,1214,1214
1587087467176198502,1,2,0,1163,1163,1163
1587087467304114354,1,2,0,1060,1060,1060
1587087467368179822,1,2,0,1009,1009,1009
1587087467496175065,1,2,0,906,906,906
1587087467560150909,1,2,0,855,855,855
1587087467688312200,1,2,0,754,754,754
1587087467815712976,1,2,0,704,704,704
1587087467880184964,1,2,0,608,608,608
1587087468008156769,1,2,0,516,516,516
1587087468071974518,1,2,0,473,473,473
1587087468199964047,1,2,0,390,390,390
1587087468263977339,1,2,0,351,351,351
1587087468392031104,1,2,0,279,279,279
1587087468456028456,1,2,0,245,245,245
1587087468584034882,1,2,0,186,186,186
1587087468712066621,1,2,0,134,134,134
1587087468775891685,1,2,0,112,112,112
1587087468904063483,1,2,0,75,75,75
1587087468968074841,1,2,0,59,59,59
1587087469095994010,1,2,0,34,34,34
1587087469159987528,1,2,0,25,25,25
1587087469287867435,1,2,0,11,11,11
1587087469416062176,1,2,0,4,4,4
1587087469480025545,1,2,0,2,2,2
1587087469608099166,1,2,0,1,1,1
1587087469671928205,1,2,0,1,1,1
1587087469800004243,1,2,0,1,1,1
1587087469863938774,1,2,0,1,1,1
1587087469991993161,1,2,0,4,4,4
1587087470055914310,1,2,0,7,7,7
1587087470183967462,1,2,0,17,17,17
1587087470311885973,1,2,0,34,34,34
1587087470375998744,1,2,0,46,46,46
1587087470503838559,1,2,0,75,75,75
1587087470568062142,1,2,0,92,92,92
1587087470695963421,1,2,0,134,134,134
1587087470759851838,1,2,0,159,159,159
1587087470887879396,1,2,0,214,214,214
1587087471015988705,1,2,0,279,279,279
1587087471079897459,1,2,0,314,314,314
1587087471207762396,1,2,0,390,390,390
1587087471271965535,1,2,0,430,430,430
1587087471399873926,1,2,0,516,516,516
1587087471463856120,1,2,0,562,562,562
1587087471591865119,1,2,0,656,656,656
1587087471655965150,1,2,0,704,704,704
1587087471783849266,1,2,0,804,804,804
1587087471911832583,1,2,0,906,906,906
1587087471975800528,1,2,0,957,957,957
1587087472103879117,1,2,0,1060,1060,1060
1587087472167841124,1,2,0,1112,1112,1112
1587087472295783703,1,2,0,1214,1214,1214
1587087472359741698,1,2,0,1264,1264,1264
1587087472487827084,1,2,0,1362,1362,1362
1587087472615840722,1,2,0,1458,1458,1458
1587087472679685761,1,2,0,1504,1504,1504
1587087472807735748,1,2,0,1594,1594,1594
1587087472871773291,1,2,0,1637,1637,1637
1587087472999855599,1,2,0,1720,1720,1720
1587087473063853502,1,2,0,1759,1759,1759
1587087473191680158,1,2,0,1836,1836,1836
1587087473255671121,1,2,0,1873,1873,1873
1587087473383928346,1,2,0,1944,1944,1944
1587087473511658459,1,2,0,2013,2013,2013
1587087473575706683,1,2,0,2048,2048,2048
1587087473703754305,1,2,0,2082,2082,2082
1587087473767779661,1,2,0,2116,2116,2116
1587087473895725107,1,2,0,2186,2186,2186
1587087473959916005,1,2,0,2222,2222,2222
1587087474087628067,1,2,0,2297,2297,2297
1587087474215694964,1,2,0,2375,2375,2375
1587087474279626645,1,2,0,2416,2416,2416
1587087474407754309,1,2,0,2501,2501,2501
1587087474471670035,1,2,0,2546,2546,2546
1587087474599815344,1,2,0,2637,2637,2637
1587087474663620419,1,2,0,2684,2684,2684
1587087474791574914,1,2,0,2782,2782,2782
1587087474855788626,1,2,0,2831,2831,2831
1587087474983605186,1,2,0,2932,2932,2932
1587087475111636294,1,2,0,3035,3035,3035
1587087475175663170,1,2,0,3086,3086,3086
1587087475303681671,1,2,0,3189,3189,3189
1587087475367710912,1,2,0,3240,3240,3240
1587087475495649074,1,2,0,3341,3341,3341
1587087475559695028,1,2,0,3391,3391,3391
1587087475687671630,1,2,0,3487,3487,3487
1587087475815678483,1,2,0,3579,3579,3579
1587087475879556747,1,2,0,3622,3622,3622
1587087476007307062,1,2,0,3705,3705,3705
1587087476071859801,1,2,0,3744,3744,3744
1587087476199736860,1,2,0,3816,3816,3816
1587087476263550958,1,2,0,3850,3850,3850
1587087476391889594,1,2,0,3909,3909,3909
1587087476455617896,1,2,0,3936,3936,3936
1587087476583624840,1,2,0,3983,3983,3983
1587087476711607373,1,2,0,4020,4020,4020
1587087476775877655,1,2,0,4036,4036,4036
1587087476903674479,1,2,0,4061,4061,4061
1587087476966889567,1,2,0,4070,4070,4070
1587087477096133634,1,2,0,4084,4084,4084
1587087477159489777,1,2,0,4088,4088,4088
1587087477287491368,1,2,0,4093,4093,4093
1587087477415523664,1,2,0,4094,4094,4094
1587087477479531128,1,2,0,4094,4094,4094
1587087477607325670,1,2,0,4094,4094,4094
1587087477671107140,1,2,0,4094,4094,4094
1587087477799026072,1,2,0,4091,4091,4091
1587087477863465741,1,2,0,4088,4088,4088
1587087477991319716,1,2,0,4078,4078,4078
1587087478055301764,1,2,0,4070,4070,4070
1587087478182616544,1,2,0,4049,4049,4049
1587087478310584371,1,2,0,4020,4020,4020
1587087478374583578,1,2,0,4003,4003,4003
1587087478504014748,1,2,0,3961,3961,3961
1587087478567243177,1,2,0,3936,3936,3936
1587087478694725299,1,2,0,3881,3881,3881
1587087478759668182,1,2,0,3850,3850,3850
1587087478887459824,1,2,0,3781,3781,3781
1587087479015420351,1,2,0,3705,3705,3705
1587087479079530869,1,2,0,3665,3665,3665
1587087479207537290,1,2,0,3579,3579,3579
1587087479271335647,1,2,0,3533,3533,3533
1587087479399526509,1,2,0,3439,3439,3439
1587087479463468545,1,2,0,3391,3391,3391
1587087479591408401,1,2,0,3291,3291,3291
1587087479655430609,1,2,0,3240,3240,3240
1587087479783497292,1,2,0,3138,3138,3138
1587087479911404690,1,2,0,3035,3035,3035
1587087479975449596,1,2,0,2983,2983,2983
1587087480103367830,1,2,0,2881,2881,2881
1587087480167388792,1,2,0,2831,2831,2831
1587087480295665363,1,2,0,2733,2733,2733
1587087480359300469,1,2,0,2684,2684,2684
1587087480487321805,1,2,0,2591,2591,2591
1587087480615452801,1,2,0,2501,2501,2501
1587087480679446564,1,2,0,2458,2458,2458
1587087480807417497,1,2,0,2375,2375,2375
1587087480871347656,1,2,0,2336,2336,2336
1587087480999622052,1,2,0,2259,2259,2259
1587087481063408640,1,2,0,2222,2222,2222
1587087481191386202,1,2,0,2151,2151,2151
1587087481255299893,1,2,0,2116,2116,2116
1587087481383282090,1,2,0,2048,2048,2048
1587087481511331127,1,2,0,2013,2013,2013
1587087481575378653,1,2,0,1979,1979,1979
1587087481703374245,1,2,0,1909,1909,1909
1587087481767229984,1,2,0,1873,1873,1873
1587087481895229992,1,2,0,1798,1798,1798
1587087481959247084,1,2,0,1759,1759,1759
1587087482087331455,1,2,0,1679,1679,1679
1587087482215279724,1,2,0,1594,1594,1594
1587087482279314115,1,2,0,1549,1549,1549
1587087482407205392,1,2,0,1458,1458,1458
1587087482471275089,1,2,0,1411,1411,1411
1587087482599317040,1,2,0,1313,1313,1313
1587087482663262484,1,2,0,1264,1264,1264
1587087482791295555,1,2,0,1163,1163,1163
1587087482855230172,1,2,0,1112,1112,1112
1587087482983241369,1,2,0,1009,1009,1009
1587087483111227928,1,2,0,906,906,906
1587087483175195923,1,2,0,855,855,855
1587087483303463470,1,2,0,754,754,754
1587087483367197980,1,2,0,704,704,704
1587087483495177669,1,2,0,608,608,608
1587087483559162937,1,2,0,562,562,562
1587087483687136847,1,2,0,473,473,473
1587087483815060731,1,2,0,390,390,390
1587087483878374116,1,2,0,351,351,351
1587087484007102235,1,2,0,279,279,279
1587087484071212614,1,2,0,245,245,245
1587087484198574066,1,2,0,186,186,186
1587087484263272601,1,2,0,159,159,159
1587087484391262167,1,2,0,112,112,112
1587087484455290135,1,2,0,92,92,92
1587087484583415352,1,2,0,59,59,59
1587087484711038448,1,2,0,34,34,34
1587087484775037599,1,2,0,25,25,25
1587087484903086373,1,2,0,11,11,11
1587087484967032732,1,2,0,7,7,7
1587087485095017776,1,2,0,2,2,2
1587087485159059800,1,2,0,1,1,1
1587087485287066600,1,2,0,1,1,1
1587087485415181531,1,2,0,1,1,1
1587087485479033337,1,2,0,1,1,1
1587087485607017549,1,2,0,4,4,4
1587087485671197380,1,2,0,7,7,7
1587087485799113235,1,2,0,17,17,17
1587087485863062189,1,2,0,25,25,25
1587087485990290650,1,2,0,46,46,46
1587087486055172780,1,2,0,59,59,59
1587087486183076272,1,2,0,92,92,92
1587087486311082780,1,2,0,134,134,134
1587087486375102594,1,2,0,159,159,159
1587087486503293164,1,2,0,214,214,214
1587087486567047242,1,2,0,245,245,245
1587087486694976228,1,2,0,314,314,314
1587087486759046704,1,2,0,351,351,351
1587087486886912712,1,2,0,430,430,430
1587087487015276957,1,2,0,516,516,516
1587087487079298076,1,2,0,562,562,562
1587087487206984366,1,2,0,656,656,656
1587087487270917203,1,2,0,704,704,704
1587087487399008366,1,2,0,804,804,804
1587087487462939992,1,2,0,855,855,855
1587087487591003109,1,2,0,957,957,957
1587087487654974396,1,2,0,1009,1009,1009
1587087487782964850,1,2,0,1112,1112,1112
1587087487911048998,1,2,0,1214,1214,1214
1587087487975209332,1,2,0,1264,1264,1264
1587087488102943590,1,2,0,1362,1362,1362
1587087488167472772,1,2,0,1411,1411,1411
1587087488294860678,1,2,0,1504,1504,1504
1587087488358950838,1,2,0,1549,1549,1549
1587087488486901979,1,2,0,1637,1637,1637
1587087488614886965,1,2,0,1720,1720,1720
1587087488679054506,1,2,0,1759,1759,1759
1587087488806850552,1,2,0,1836,1836,1836
1587087488870855749,1,2,0,1873,1873,1873
1587087488999175656,1,2,0,1944,1944,1944
1587087489062794878,1,2,0,1979,1979,1979
1587087489190900109,1,2,0,2048,2048,2048
1587087489254794778,1,2,0,2048,2048,2048
1587087489382896995,1,2,0,2116,2116,2116
1587087489510937703,1,2,0,2186,2186,2186
1587087489574755220,1,2,0,2222,2222,2222
1587087489702833847,1,2,0,2297,2297,2297
1587087489766838418,1,2,0,2336,2336,2336
1587087489894914666,1,2,0,2416,2416,2416
1587087489958699678,1,2,0,2458,2458,2458
1587087490086808178,1,2,0,2546,2546,2546
1587087490214835259,1,2,0,2637,2637,2637
1587087490278925461,1,2,0,2684,2684,2684
1587087490406787458,1,2,0,2782,2782,2782
1587087490470713866,1,2,0,2831,2831,2831
1587087490598826675,1,2,0,2932,2932,2932
1587087490662851975,1,2,0,2983,2983,2983
1587087490790796005,1,2,0,3086,3086,3086
1587087490854760248,1,2,0,3138,3138,3138
1587087490982873640,1,2,0,3240,3240,3240
1587087491110827944,1,2,0,3341,3341,3341
1587087491174738579,1,2,0,3391,3391,3391
1587087491302625503,1,2,0,3487,3487,3487
1587087491366762136,1,2,0,3533,3533,3533
1587087491494629778,1,2,0,3622,3622,3622
1587087491558676668,1,2,0,3665,3665,3665
1587087491686678818,1,2,0,3744,3744,3744
1587087491814849415,1,2,0,3816,3816,3816
1587087491878675211,1,2,0,3850,3850,3850
1587087492006647863,1,2,0,3909,3909,3909
1587087492070597085,1,2,0,3936,3936,3936
1587087492198505709,1,2,0,3983,3983,3983
1587087492262624732,1,2,0,4003,4003,4003
1587087492390824937,1,2,0,4036,4036,4036
1587087492454688017,1,2,0,4049,4049,4049
1587087492582717054,1,2,0,4070,4070,4070
1587087492710713030,1,2,0,4084,4084,4084
1587087492774700233,1,2,0,4088,4088,4088
1587087492902561065,1,2,0,4093,4093,4093
1587087492966688144,1,2,0,4094,4094,4094
1587087493094627362,1,2,0,4094,4094,4094
1587087493158546974,1,2,0,4094,4094,4094
1587087493286604948,1,2,0,4094,4094,4094
1587087493414670050,1,2,0,4091,4091,4091
1587087493478529746,1,2,0,4088,4088,4088
1587087493606658485,1,2,0,4078,4078,4078
1587087493670581169,1,2,0,4070,4070,4070
1587087493798683812,1,2,0,4049,4049,4049
1587087493862638261,1,2,0,4036,4036,4036
1587087493990719147,1,2,0,4003,4003,4003
1587087494054558475,1,2,0,3983,3983,3983
1587087494182627208,1,2,0,3936,3936,3936
1587087494310559976,1,2,0,3881,3881,3881
1587087494374599158,1,2,0,3850,3850,3850
1587087494502620718,1,2,0,3781,3781,3781
1587087494566539332,1,2,0,3744,3744,3744
1587087494694711668,1,2,0,3665,3665,3665
1587087494758369863,1,2,0,3622,3622,3622
1587087494886785590,1,2,0,3533,3533,3533
1587087495014436531,1,2,0,3439,3439,3439
1587087495078439688,1,2,0,3391,3391,3391
1587087495206351189,1,2,0,3291,3291,3291
1587087495270875643,1,2,0,3240,3240,3240
1587087495398460581,1,2,0,3138,3138,3138
1587087495462533803,1,2,0,3086,3086,3086
1587087495590451205,1,2,0,2983,2983,2983
1587087495654496292,1,2,0,2932,2932,2932
1587087495782430044,1,2,0,2831,2831,2831
1587087495910510515,1,2,0,2733,2733,2733
1587087495974447179,1,2,0,2684,2684,2684
1587087496102489366,1,2,0,2591,2591,2591
1587087496166374855,1,2,0,2546,2546,2546
1587087496294561066,1,2,0,2458,2458,2458
1587087496358525466,1,2,0,2416,2416,2416
1587087496486385128,1,2,0,2336,2336,2336
1587087496614341687,1,2,0,2259,2259,2259
1587087496678340249,1,2,0,2222,2222,2222
1587087496806308931,1,2,0,2151,2151,2151
1587087496870321729,1,2,0,2116,2116,2116
1587087496998469767,1,2,0,2048,2048,2048
1587087497062360789,1,2,0,2048,2048,2048
1587087497190333404,1,2,0,1979,1979,1979
1587087497254558835,1,2,0,1944,1944,1944
1587087497382513792,1,2,0,1873,1873,1873
1587087497510367495,1,2,0,1798,1798,1798
1587087497574327557,1,2,0,1759,1759,1759
1587087497702316288,1,2,0,1679,1679,1679
1587087497766218677,1,2,0,1637,1637,1637
1587087497894259605,1,2,0,1549,1549,1549
1587087497958370823,1,2,0,1504,1504,1504
1587087498086272457,1,2,0,1411,1411,1411
1587087498214380486,1,2,0,1313,1313,1313
1587087498278298960,1,2,0,1264,1264,1264
1587087498406223889,1,2,0,1163,1163,1163
1587087498470178722,1,2,0,1112,1112,1112
1587087498598278608,1,2,0,1009,1009,1009
1587087498662365290,1,2,0,957,957,957
1587087498790132715,1,2,0,855,855,855
1587087498854306395,1,2,0,804,804,804
1587087498982324829,1,2,0,704,704,704
1587087499110558322,1,2,0,608,608,608
1587087499174256217,1,2,0,562,562,562
1587087499302239927,1,2,0,473,473,473
1587087499366106884,1,2,0,430,430,430
1587087499494244090,1,2,0,351,351,351
1587087499558080472,1,2,0,314,314,314
1587087499686134775,1,2,0,245,245,245
1587087499814181043,1,2,0,186,186,186
1587087499878178220,1,2,0,159,159,159
1587087500006169280,1,2,0,112,112,112
1587087500070260450,1,2,0,92,92,92
1587087500198386128,1,2,0,59,59,59
1587087500262374143,1,2,0,46,46,46
1587087500390241766,1,2,0,25,25,25
1587087500454221908,1,2,0,17,17,17
1587087500582096278,1,2,0,7,7,7
1587087500710141960,1,2,0,2,2,2
1587087500774107685,1,2,0,1,1,1
1587087500902464952,1,2,0,1,1,1
1587087500966159210,1,2,0,1,1,1
1587087501094162755,1,2,0,1,1,1
1587087501158132742,1,2,0,3,3,3
1587087501286236256,1,2,0,11,11,11
1587087501414115248,1,2,0,28,28,28
1587087501478075890,1,2,0,40,40,40
1587087501606032621,1,2,0,73,73,73
1587087501670110043,1,2,0,95,95,95
1587087501798140320,1,2,0,147,147,147
1587087501862082180,1,2,0,178,178,178
1587087501990055938,1,2,0,250,250,250
1587087502053953498,1,2,0,291,291,291
1587087502181951070,1,2,0,381,381,381
1587087502310066926,1,2,0,482,482,482
1587087502374124864,1,2,0,536,536,536
1587087502501990325,1,2,0,650,650,650
1587087502566497467,1,2,0,710,710,710
1587087502694167191,1,2,0,833,833,833
1587087502758076353,1,2,0,896,896,896
1587087502886002744,1,2,0,1024,1024,1024
1587087503014009277,1,2,0,1152,1152,1152
1587087503077876812,1,2,0,1215,1215,1215
1587087503206058392,1,2,0,1338,1338,1338
1587087503269976854,1,2,0,1398,1398,1398
1587087503397982614,1,2,0,1512,1512,1512
1587087503462087990,1,2,0,1566,1566,1566
1587087503590090041,1,2,0,1667,1667,1667
1587087503654051930,1,2,0,1714,1714,1714
1587087503781918390,1,2,0,1798,1798,1798
1587087503909824727,1,2,0,1870,1870,1870
1587087503973933704,1,2,0,1901,1901,1901
1587087504101894753,1,2,0,1954,1954,1954
1587087504165911611,1,2,0,1975,1975,1975
1587087504294227535,1,2,0,2008,2008,2008
1587087504357912340,1,2,0,2020,2020,2020
1587087504485903964,1,2,0,2037,2037,2037
1587087504614098386,1,2,0,2045,2045,2045
1587087504677899869,1,2,0,2047,2047,2047
1587087504805991132,1,2,0,2048,2048,2048
1587087504869580287,1,2,0,2048,2048,2048
1587087504997458123,1,2,0,2048,2048,2048
1587087505061450837,1,2,0,2048,2048,2048
1587087505189575947,1,2,0,2048,2048,2048
1587087505253632546,1,2,0,2048,2048,2048
1587087505381478165,1,2,0,2048,2048,2048
1587087505509534301,1,2,0,2048,2048,2048
1587087505573413681,1,2,0,2048,2048,2048
1587087505701362466,1,2,0,2048,2048,2048
1587087505765392373,1,2,0,2048,2048,2048
1587087505893482326,1,2,0,2048,2048,2048
1587087505957470202,1,2,0,2048,2048,2048
1587087506085520214,1,2,0,2048,2048,2048
1587087506213547686,1,2,0,2048,2048,2048
1587087506277520528,1,2,0,2048,2048,2048
1587087506405337088,1,2,0,2048,2048,2048
1587087506469367423,1,2,0,2048,2048,2048
1587087506597327968,1,2,0,2048,2048,2048
1587087506661551196,1,2,0,2048,2048,2048
1587087506789690385,1,2,0,2048,2048,2048
1587087506852975449,1,2,0,2048,2048,2048
1587087506981419971,1,2,0,2048,2048,2048
1587087507109394998,1,2,0,2048,2048,2048
1587087507172792120,1,2,0,2048,2048,2048
1587087507300883089,1,2,0,2048,2048,2048
1587087507365398406,1,2,0,2048,2048,2048
1587087507493378634,1,2,0,2048,2048,2048
1587087507557360277,1,2,0,2048,2048,2048
1587087507685540607,1,2,0,2048,2048,2048
1587087507813356335,1,2,0,2048,2048,2048
1587087507877319750,1,2,0,2048,2048,2048
1587087508005483615,1,2,0,2048,2048,2048
1587087508069442716,1,2,0,2048,2048,2048
1587087508197520146,1,2,0,2048,2048,2048
1587087508261471276,1,2,0,2048,2048,2048
1587087508389474767,1,2,0,2048,2048,2048
