1586434734697803476,1,2,0,2048,2048,2048
1586434734825862643,1,2,0,2048,2048,2048
1586434734953480048,1,2,0,2048,2048,2048
1586434735017727636,1,2,0,2048,2048,2048
1586434735145829152,1,2,0,2048,2048,2048
1586434735209776522,1,2,0,2048,2048,2048
1586434735337934841,1,2,0,2048,2048,2048
1586434735401676260,1,2,0,2048,2048,2048
1586434735529817491,1,2,0,2048,2048,2048
1586434735657189996,1,2,0,2048,2048,2048
1586434735721251706,1,2,0,2048,2048,2048
1586434735849734258,1,2,0,2048,2048,2048
1586434735913732374,1,2,0,2048,2048,2048
1586434736041586484,1,2,0,2048,2048,2048
1586434736105728438,1,2,0,2048,2048,2048
1586434736233826454,1,2,0,2048,2048,2048
1586434736297719840,1,2,0,2048,2048,2048
1586434736425774767,1,2,0,2048,2048,2048
1586434736553919276,1,2,0,2048,2048,2048
1586434736617970646,1,2,0,2048,2048,2048
1586434736745827541,1,2,0,2048,2048,2048
1586434736809708408,1,2,0,2048,2048,2048
1586434736937828547,1,2,0,2048,2048,2048
1586434737001798715,1,2,0,2048,2048,2048
1586434737129780313,1,2,0,2048,2048,2048
1586434737257800553,1,2,0,2048,2048,2048
1586434737322195178,1,2,0,2048,2048,2048
1586434737450443914,1,2,0,2048,2048,2048
1586434737513415505,1,2,0,2048,2048,2048
1586434737641397266,1,2,0,2048,2048,2048
1586434737705893582,1,2,0,2048,2048,2048
1586434737833751075,1,2,0,2048,2048,2048
1586434737897291802,1,2,0,2048,2048,2048
1586434738025815716,1,2,0,2048,2048,2048
1586434738153789179,1,2,0,2048,2048,2048
1586434738217901918,1,2,0,2048,2048,2048
1586434738345871749,1,2,0,2048,2048,2048
1586434738409805151,1,2,0,2048,2048,2048
1586434738537803140,1,2,0,2048,2048,2048
1586434738602003750,1,2,0,2048,2048,2048
1586434738729847048,1,2,0,2048,2048,2048
1586434738857827466,1,2,0,2048,2048,2048
1586434738921749967,1,2,0,2048,2048,2048
1586434739049781778,1,2,0,2048,2048,2048
1586434739113869548,1,2,0,2048,2048,2048
1586434739241664724,1,2,0,2048,2048,2048
1586434739305275282,1,2,0,2048,2048,2048
1586434739433223915,1,2,0,2048,2048,2048
1586434739497229743,1,2,0,2048,2048,2048
1586434739625248619,1,2,0,2048,2048,2048
1586434739753312084,1,2,0,2048,2048,2048
1586434739817216399,1,2,0,2048,2048,2048
1586434739945312742,1,2,0,2048,2048,2048
1586434740009233082,1,2,0,2048,2048,2048
1586434740137270245,1,2,0,2048,2048,2048
1586434740201234420,1,2,0,2048,2048,2048
1586434740329214996,1,2,0,2048,2048,2048
1586434740457807027,1,2,0,2048,2048,2048
1586434740521788240,1,2,0,2048,2048,2048
1586434740649771310,1,2,0,2048,2048,2048
1586434740713745270,1,2,0,2048,2048,2048
1586434740842079671,1,2,0,2048,2048,2048
1586434740905853165,1,2,0,2048,2048,2048
1586434741033867047,1,2,0,2048,2048,2048
1586434741097815610,1,2,0,2048,2048,2048
1586434741225929893,1,2,0,2048,2048,2048
1586434741353416637,1,2,0,2048,2048,2048
1586434741481561851,1,2,0,2043,2037,2077
1586434741545559219,1,2,0,2043,2037,2076
1586434741610292445,1,2,0,2043,2037,2076
1586434741738318952,1,2,0,2043,2037,2076
1586434741802056738,1,2,0,2043,2037,2076
1586434741929618962,1,2,0,2043,2037,2076
1586434742058057742,1,2,0,2043,2037,2076
1586434742121670015,1,2,0,2043,2037,2075
1586434742249577313,1,2,0,2043,2037,2075
1586434742313623446,1,2,0,2043,2037,2074
1586434742441651139,1,2,0,2043,2038,2073
1586434742505547268,1,2,0,2043,2038,2073
1586434742633528290,1,2,0,2043,2038,2072
1586434742697652032,1,2,0,2043,2039,2071
1586434742825763281,1,2,0,2044,2039,2070
1586434742953793035,1,2,0,2044,2040,2068
1586434743018047415,1,2,0,2044,2040,2067
1586434743145760675,1,2,0,2044,2041,2066
1586434743209697652,1,2,0,2045,2041,2065
1586434743338167266,1,2,0,2045,2042,2063
1586434743402256525,1,2,0,2045,2042,2062
1586434743530091491,1,2,0,2045,2043,2060
1586434743658185398,1,2,0,2046,2043,2058
1586434743722207621,1,2,0,2046,2044,2058
1586434743850302023,1,2,0,2046,2044,2056
1586434743914276795,1,2,0,2046,2045,2055
1586434744042184388,1,2,0,2046,2045,2054
1586434744106263462,1,2,0,2047,2045,2053
1586434744234274381,1,2,0,2047,2046,2052
1586434744298291294,1,2,0,2047,2046,2051
1586434744426319505,1,2,0,2047,2047,2050
1586434744554348040,1,2,0,2047,2047,2049
1586434744618183433,1,2,0,2047,2047,2049
1586434744746274560,1,2,0,2047,2047,2048
1586434744810146952,1,2,0,2047,2047,2048
1586434744938191248,1,2,0,2047,2047,2048
1586434745002289217,1,2,0,2047,2047,2048
1586434745130215766,1,2,0,2047,2047,2048
1586434745258242940,1,2,0,2047,2047,2048
1586434745322276142,1,2,0,2048,2048,2048
1586434745450183260,1,2,0,2048,2048,2048
1586434745514406853,1,2,0,2048,2048,2048
1586434745642173644,1,2,0,2053,2053,2053
1586434745706140850,1,2,0,2058,2058,2058
1586434745834288079,1,2,0,2075,2075,2075
1586434745898361355,1,2,0,2087,2087,2087
1586434746026159014,1,2,0,2120,2120,2120
1586434746154236354,1,2,0,2166,2166,2166
1586434746218237029,1,2,0,2194,2194,2194
1586434746346228981,1,2,0,2259,2259,2259
1586434746410203299,1,2,0,2297,2297,2297
1586434746538281610,1,2,0,2381,2381,2381
1586434746602230500,1,2,0,2428,2428,2428
1586434746730190102,1,2,0,2529,2529,2529
1586434746858227500,1,2,0,2639,2639,2639
1586434746922314120,1,2,0,2697,2697,2697
1586434747050228937,1,2,0,2818,2818,2818
1586434747114219424,1,2,0,2880,2880,2880
1586434747242207411,1,2,0,3007,3007,3007
1586434747306154767,1,2,0,3071,3071,3071
1586434747434330287,1,2,0,3199,3199,3199
1586434747498190589,1,2,0,3262,3262,3262
1586434747626200912,1,2,0,3385,3385,3385
1586434747754229032,1,2,0,3503,3503,3503
1586434747818217203,1,2,0,3559,3559,3559
1586434747946250189,1,2,0,3665,3665,3665
1586434748010217102,1,2,0,3714,3714,3714
1586434748138189853,1,2,0,3804,3804,3804
1586434748202278538,1,2,0,3845,3845,3845
1586434748330292865,1,2,0,3917,3917,3917
1586434748458225440,1,2,0,3976,3976,3976
1586434748522204216,1,2,0,4000,4000,4000
1586434748650289247,1,2,0,4040,4040,4040
1586434748714545561,1,2,0,4055,4055,4055
1586434748842329888,1,2,0,4077,4077,4077
1586434748906377780,1,2,0,4084,4084,4084
1586434749034321033,1,2,0,4092,4092,4092
1586434749098182411,1,2,0,4094,4094,4094
1586434749226237272,1,2,0,4094,4094,4094
1586434749353566172,1,2,0,4094,4094,4094
1586434749418231003,1,2,0,4094,4094,4094
1586434749546196193,1,2,0,4089,4089,4089
1586434749610122013,1,2,0,4084,4084,4084
1586434749738103923,1,2,0,4067,4067,4067
1586434749802150584,1,2,0,4055,4055,4055
1586434749930243912,1,2,0,4022,4022,4022
1586434750058202427,1,2,0,3976,3976,3976
1586434750122180957,1,2,0,3948,3948,3948
1586434750250169225,1,2,0,3883,3883,3883
1586434750314324864,1,2,0,3845,3845,3845
1586434750442422855,1,2,0,3761,3761,3761
1586434750505803699,1,2,0,3714,3714,3714
1586434750634297329,1,2,0,3613,3613,3613
1586434750698293255,1,2,0,3559,3559,3559
1586434750826236166,1,2,0,3445,3445,3445
1586434750954460612,1,2,0,3324,3324,3324
1586434751018523501,1,2,0,3262,3262,3262
1586434751146398503,1,2,0,3135,3135,3135
1586434751210383854,1,2,0,3071,3071,3071
1586434751338378485,1,2,0,2943,2943,2943
1586434751402212981,1,2,0,2880,2880,2880
1586434751529572483,1,2,0,2757,2757,2757
1586434751658386634,1,2,0,2639,2639,2639
1586434751722346354,1,2,0,2583,2583,2583
1586434751850312422,1,2,0,2477,2477,2477
1586434751914232374,1,2,0,2428,2428,2428
1586434752042311577,1,2,0,2338,2338,2338
1586434752106373095,1,2,0,2297,2297,2297
1586434752234497638,1,2,0,2225,2225,2225
1586434752298353455,1,2,0,2194,2194,2194
1586434752426293648,1,2,0,2141,2141,2141
1586434752554332685,1,2,0,2102,2102,2102
1586434752618379674,1,2,0,2087,2087,2087
1586434752746301390,1,2,0,2065,2065,2065
1586434752810263414,1,2,0,2058,2058,2058
1586434752938252833,1,2,0,2050,2050,2050
1586434753002298197,1,2,0,2048,2048,2048
1586434753130317872,1,2,0,2048,2048,2048
1586434753258171331,1,2,0,2047,2047,2047
1586434753322276586,1,2,0,2047,2047,2047
1586434753450361334,1,2,0,2042,2042,2042
1586434753514399681,1,2,0,2037,2037,2037
1586434753642381451,1,2,0,2020,2020,2020
1586434753706500098,1,2,0,2008,2008,2008
1586434753834338231,1,2,0,1975,1975,1975
1586434753898254038,1,2,0,1954,1954,1954
1586434754026326051,1,2,0,1901,1901,1901
1586434754154374010,1,2,0,1836,1836,1836
1586434754218401162,1,2,0,1798,1798,1798
1586434754346345184,1,2,0,1714,1714,1714
1586434754410378041,1,2,0,1667,1667,1667
1586434754554310125,1,2,0,1566,1566,1566
1586434754618199401,1,2,0,1512,1512,1512
1586434754746318160,1,2,0,1398,1398,1398
1586434754810306361,1,2,0,1338,1338,1338
1586434754938360304,1,2,0,1215,1215,1215
1586434755002319285,1,2,0,1152,1152,1152
1586434755130419521,1,2,0,1024,1024,1024
1586434755258442337,1,2,0,896,896,896
1586434755322498119,1,2,0,833,833,833
1586434755450545305,1,2,0,710,710,710
1586434755514651898,1,2,0,650,650,650
1586434755642471136,1,2,0,536,536,536
1586434755706484271,1,2,0,482,482,482
1586434755834694182,1,2,0,381,381,381
1586434755899098715,1,2,0,334,334,334
1586434756026526197,1,2,0,250,250,250
1586434756154619951,1,2,0,178,178,178
1586434756218479765,1,2,0,147,147,147
1586434756346476242,1,2,0,95,95,95
1586434756410492579,1,2,0,73,73,73
1586434756538667275,1,2,0,40,40,40
1586434756602539767,1,2,0,28,28,28
1586434756730552398,1,2,0,11,11,11
1586434756858333806,1,2,0,3,3,3
1586434756922456747,1,2,0,1,1,1
1586434757050382661,1,2,0,1,1,1
1586434757114386398,1,2,0,1,1,1
1586434757242544223,1,2,0,1,1,1
1586434757306483088,1,2,0,3,3,3
1586434757434498952,1,2,0,11,11,11
1586434757498517100,1,2,0,18,18,18
1586434757626529839,1,2,0,40,40,40
1586434757754523509,1,2,0,73,73,73
1586434757818735925,1,2,0,95,95,95
1586434757946666320,1,2,0,147,147,147
1586434758010599664,1,2,0,178,178,178
1586434758138544925,1,2,0,250,250,250
1586434758202568945,1,2,0,291,291,291
1586434758330638443,1,2,0,381,381,381
1586434758458648610,1,2,0,482,482,482
1586434758522822043,1,2,0,536,536,536
1586434758650767530,1,2,0,650,650,650
1586434758714597552,1,2,0,710,710,710
1586434758842574940,1,2,0,833,833,833
1586434758906522191,1,2,0,896,896,896
1586434759034585433,1,2,0,1024,1024,1024
1586434759098663658,1,2,0,1088,1088,1088
1586434759226584494,1,2,0,1215,1215,1215
1586434759354665358,1,2,0,1338,1338,1338
1586434759418723677,1,2,0,1398,1398,1398
1586434759546646393,1,2,0,1512,1512,1512
1586434759610569383,1,2,0,1566,1566,1566
1586434759738607572,1,2,0,1667,1667,1667
1586434759802588845,1,2,0,1714,1714,1714
1586434759930836620,1,2,0,1798,1798,1798
1586434760058584143,1,2,0,1870,1870,1870
1586434760122461650,1,2,0,1901,1901,1901
1586434760250721898,1,2,0,1954,1954,1954
1586434760314571203,1,2,0,1975,1975,1975
1586434760442574578,1,2,0,2008,2008,2008
1586434760506702014,1,2,0,2020,2020,2020
1586434760634752893,1,2,0,2037,2037,2037
1586434760698630777,1,2,0,2042,2042,2042
1586434760826627723,1,2,0,2047,2047,2047
1586434760954675470,1,2,0,2048,2048,2048
1586434761018590843,1,2,0,2048,2048,2048
1586434761146694277,1,2,0,2048,2048,2048
1586434761210575935,1,2,0,2050,2050,2050
1586434761338725685,1,2,0,2058,2058,2058
1586434761402489709,1,2,0,2065,2065,2065
1586434761530711922,1,2,0,2087,2087,2087
1586434761657645006,1,2,0,2120,2120,2120
1586434761721698079,1,2,0,2141,2141,2141
1586434761849665455,1,2,0,2194,2194,2194
1586434761914118775,1,2,0,2225,2225,2225
1586434762042243323,1,2,0,2297,2297,2297
1586434762105675807,1,2,0,2338,2338,2338
1586434762234499808,1,2,0,2428,2428,2428
1586434762298267356,1,2,0,2477,2477,2477
1586434762426339951,1,2,0,2583,2583,2583
1586434762553662015,1,2,0,2697,2697,2697
1586434762618306919,1,2,0,2757,2757,2757
1586434762745757380,1,2,0,2880,2880,2880
1586434762810562565,1,2,0,2943,2943,2943
1586434762938371382,1,2,0,3071,3071,3071
1586434763001779362,1,2,0,3135,3135,3135
1586434763131108779,1,2,0,3262,3262,3262
1586434763258389338,1,2,0,3385,3385,3385
1586434763322427512,1,2,0,3445,3445,3445
1586434763449760460,1,2,0,3559,3559,3559
1586434763513788104,1,2,0,3613,3613,3613
1586434763641812032,1,2,0,3714,3714,3714
1586434763705975441,1,2,0,3761,3761,3761
1586434763834836454,1,2,0,3845,3845,3845
1586434763897863342,1,2,0,3883,3883,3883
1586434764026607968,1,2,0,3948,3948,3948
1586434764154407951,1,2,0,4000,4000,4000
1586434764218445632,1,2,0,4022,4022,4022
1586434764346265197,1,2,0,4055,4055,4055
1586434764410378198,1,2,0,4067,4067,4067
1586434764538390810,1,2,0,4084,4084,4084
1586434764602314066,1,2,0,4089,4089,4089
1586434764730303438,1,2,0,4094,4094,4094
1586434764858592847,1,2,0,4094,4094,4094
1586434764921986001,1,2,0,4094,4094,4094
1586434765049844209,1,2,0,4094,4094,4094
1586434765113769806,1,2,0,4092,4092,4092
1586434765242497217,1,2,0,4084,4084,4084
1586434765306409891,1,2,0,4077,4077,4077
1586434765434511489,1,2,0,4055,4055,4055
1586434765497756393,1,2,0,4040,4040,4040
1586434765626427544,1,2,0,4000,4000,4000
1586434765754397533,1,2,0,3948,3948,3948
1586434765818510591,1,2,0,3917,3917,3917
1586434765897775539,1,2,0,3883,3883,3883
1586434766025860638,1,2,0,3804,3804,3804
1586434766153931656,1,2,0,3714,3714,3714
1586434766218077143,1,2,0,3665,3665,3665
1586434766345990180,1,2,0,3559,3559,3559
1586434766409999556,1,2,0,3503,3503,3503
1586434766538160758,1,2,0,3385,3385,3385
1586434766602002637,1,2,0,3324,3324,3324
1586434766729970013,1,2,0,3199,3199,3199
1586434766857984503,1,2,0,3071,3071,3071
1586434766922025136,1,2,0,3007,3007,3007
1586434767050262300,1,2,0,2880,2880,2880
1586434767114341171,1,2,0,2818,2818,2818
1586434767242583789,1,2,0,2697,2697,2697
1586434767306086153,1,2,0,2639,2639,2639
1586434767434450682,1,2,0,2529,2529,2529
1586434767498545191,1,2,0,2477,2477,2477
1586434767626547338,1,2,0,2381,2381,2381
1586434767754222491,1,2,0,2297,2297,2297
1586434767817989826,1,2,0,2259,2259,2259
1586434767946859947,1,2,0,2194,2194,2194
1586434768010422472,1,2,0,2166,2166,2166
1586434768138566794,1,2,0,2120,2120,2120
1586434768202374555,1,2,0,2102,2102,2102
1586434768330731001,1,2,0,2075,2075,2075
1586434768458420868,1,2,0,2058,2058,2058
1586434768522575564,1,2,0,2053,2053,2053
1586434768650686349,1,2,0,2048,2048,2048
1586434768714647726,1,2,0,2048,2048,2048
1586434768842795437,1,2,0,2048,2048,2048
1586434768906469466,1,2,0,2047,2047,2047
1586434769033935129,1,2,0,2045,2045,2045
1586434769097808015,1,2,0,2042,2042,2042
1586434769226820189,1,2,0,2030,2030,2030
1586434769354424761,1,2,0,2008,2008,2008
1586434769418299924,1,2,0,1993,1993,1993
1586434769546717343,1,2,0,1954,1954,1954
1586434769610458776,1,2,0,1929,1929,1929
1586434769738393423,1,2,0,1870,1870,1870
1586434769802318720,1,2,0,1836,1836,1836
1586434769930469659,1,2,0,1757,1757,1757
1586434770058710170,1,2,0,1667,1667,1667
1586434770121922201,1,2,0,1618,1618,1618
1586434770250693248,1,2,0,1512,1512,1512
1586434770314420106,1,2,0,1456,1456,1456
1586434770442464590,1,2,0,1338,1338,1338
1586434770506472223,1,2,0,1277,1277,1277
1586434770634711263,1,2,0,1152,1152,1152
1586434770698623801,1,2,0,1088,1088,1088
1586434770825881829,1,2,0,960,960,960
1586434770954902812,1,2,0,833,833,833
1586434771018475991,1,2,0,771,771,771
1586434771146512135,1,2,0,650,650,650
1586434771210530371,1,2,0,592,592,592
1586434771338584497,1,2,0,482,482,482
1586434771402799992,1,2,0,430,430,430
1586434771529813430,1,2,0,334,334,334
1586434771658239336,1,2,0,250,250,250
1586434771722369342,1,2,0,212,212,212
1586434771850325220,1,2,0,147,147,147
1586434771914378468,1,2,0,119,119,119
1586434772042456759,1,2,0,73,73,73
1586434772106600048,1,2,0,55,55,55
1586434772234648787,1,2,0,28,28,28
1586434772298693736,1,2,0,18,18,18
1586434772426368910,1,2,0,6,6,6
1586434772555653548,1,2,0,1,1,1
1586434772619005178,1,2,0,1,1,1
1586434772746909312,1,2,0,1,1,1
1586434772810755120,1,2,0,1,1,1
1586434772938642964,1,2,0,3,3,3
1586434773002806096,1,2,0,6,6,6
1586434773130595423,1,2,0,18,18,18
1586434773258480873,1,2,0,40,40,40
1586434773322524213,1,2,0,55,55,55
1586434773450792729,1,2,0,95,95,95
1586434773514599895,1,2,0,119,119,119
1586434773642487771,1,2,0,178,178,178
1586434773706497534,1,2,0,212,212,212
1586434773834444647,1,2,0,291,291,291
1586434773898690495,1,2,0,334,334,334
1586434774026657094,1,2,0,430,430,430
1586434774154798278,1,2,0,536,536,536
1586434774218794745,1,2,0,592,592,592
1586434774346798954,1,2,0,710,710,710
1586434774410595750,1,2,0,771,771,771
1586434774538587137,1,2,0,896,896,896
1586434774601966824,1,2,0,960,960,960
1586434774730848328,1,2,0,1088,1088,1088
1586434774858642356,1,2,0,1152,1152,1152
1586434774922872673,1,2,0,1277,1277,1277
1586434775050328784,1,2,0,1398,1398,1398
1586434775114205903,1,2,0,1456,1456,1456
1586434775242734917,1,2,0,1566,1566,1566
1586434775306785613,1,2,0,1618,1618,1618
1586434775434592472,1,2,0,1714,1714,1714
1586434775498608643,1,2,0,1757,1757,1757
1586434775626583332,1,2,0,1836,1836,1836
1586434775754542838,1,2,0,1901,1901,1901
1586434775818495077,1,2,0,1929,1929,1929
1586434775946822135,1,2,0,1975,1975,1975
1586434776010637129,1,2,0,1993,1993,1993
1586434776138592114,1,2,0,2020,2020,2020
1586434776202632751,1,2,0,2030,2030,2030
1586434776330623759,1,2,0,2042,2042,2042
1586434776458270797,1,2,0,2047,2047,2047
1586434776522808090,1,2,0,2047,2047,2047
1586434776651051149,1,2,0,2048,2048,2048
1586434776714860285,1,2,0,2048,2048,2048
1586434776842904170,1,2,0,2050,2050,2050
1586434776906968572,1,2,0,2053,2053,2053
1586434777034786030,1,2,0,2065,2065,2065
1586434777098789942,1,2,0,2075,2075,2075
1586434777226894676,1,2,0,2102,2102,2102
1586434777354860942,1,2,0,2141,2141,2141
1586434777418773772,1,2,0,2166,2166,2166
1586434777546899422,1,2,0,2225,2225,2225
1586434777610843304,1,2,0,2259,2259,2259
1586434777738734368,1,2,0,2338,2338,2338
1586434777802620238,1,2,0,2381,2381,2381
1586434777929953922,1,2,0,2477,2477,2477
1586434778058741177,1,2,0,2583,2583,2583
1586434778122664266,1,2,0,2639,2639,2639
1586434778250813572,1,2,0,2757,2757,2757
1586434778314596832,1,2,0,2818,2818,2818
1586434778442659158,1,2,0,2943,2943,2943
1586434778506723697,1,2,0,3007,3007,3007
1586434778634696856,1,2,0,3135,3135,3135
1586434778698658000,1,2,0,3199,3199,3199
1586434778826671835,1,2,0,3324,3324,3324
1586434778954857050,1,2,0,3445,3445,3445
1586434779018739859,1,2,0,3503,3503,3503
1586434779146561309,1,2,0,3613,3613,3613
1586434779210844427,1,2,0,3665,3665,3665
1586434779338749303,1,2,0,3761,3761,3761
1586434779402644257,1,2,0,3804,3804,3804
1586434779530758748,1,2,0,3883,3883,3883
1586434779658693781,1,2,0,3948,3948,3948
1586434779722659082,1,2,0,3976,3976,3976
1586434779850572272,1,2,0,4022,4022,4022
1586434779914662228,1,2,0,4040,4040,4040
1586434780042776119,1,2,0,4067,4067,4067
1586434780106816550,1,2,0,4077,4077,4077
1586434780234761740,1,2,0,4089,4089,4089
1586434780298701803,1,2,0,4092,4092,4092
1586434780426784784,1,2,0,4094,4094,4094
1586434780554788599,1,2,0,4094,4094,4094
1586434780618942524,1,2,0,4094,4094,4094
1586434780747001253,1,2,0,4092,4092,4092
1586434780810709830,1,2,0,4089,4089,4089
1586434780938792834,1,2,0,4077,4077,4077
1586434781002709974,1,2,0,4067,4067,4067
1586434781130784986,1,2,0,4040,4040,4040
1586434781258717116,1,2,0,4000,4000,4000
1586434781322664417,1,2,0,3976,3976,3976
1586434781450853979,1,2,0,3917,3917,3917
1586434781515030784,1,2,0,3883,3883,3883
1586434781642803465,1,2,0,3804,3804,3804
1586434781706784576,1,2,0,3761,3761,3761
1586434781835002631,1,2,0,3665,3665,3665
1586434781898908002,1,2,0,3613,3613,3613
1586434782026878307,1,2,0,3503,3503,3503
1586434782155200035,1,2,0,3385,3385,3385
1586434782218705394,1,2,0,3324,3324,3324
1586434782346671102,1,2,0,3199,3199,3199
1586434782410734544,1,2,0,3135,3135,3135
1586434782539245084,1,2,0,3007,3007,3007
1586434782602855508,1,2,0,2943,2943,2943
1586434782731029764,1,2,0,2818,2818,2818
1586434782858746871,1,2,0,2757,2757,2757
1586434782922995997,1,2,0,2639,2639,2639
1586434783050973713,1,2,0,2529,2529,2529
1586434783114909015,1,2,0,2477,2477,2477
1586434783243004178,1,2,0,2381,2381,2381
1586434783305989191,1,2,0,2338,2338,2338
1586434783434876854,1,2,0,2259,2259,2259
1586434783498967531,1,2,0,2225,2225,2225
1586434783626939858,1,2,0,2166,2166,2166
1586434783754812341,1,2,0,2120,2120,2120
1586434783819032085,1,2,0,2102,2102,2102
1586434783946987548,1,2,0,2075,2075,2075
1586434784011096583,1,2,0,2065,2065,2065
1586434784139040701,1,2,0,2053,2053,2053
1586434784202888919,1,2,0,2050,2050,2050
1586434784331027613,1,2,0,2048,2048,2048
1586434784458520578,1,2,0,2048,2048,2048
1586434784522977327,1,2,0,2047,2047,2047
1586434784651075348,1,2,0,2045,2045,2045
1586434784715066974,1,2,0,2042,2042,2042
1586434784843139849,1,2,0,2030,2030,2030
1586434784907052520,1,2,0,2020,2020,2020
1586434785034999348,1,2,0,1993,1993,1993
1586434785098957740,1,2,0,1975,1975,1975
1586434785226960585,1,2,0,1929,1929,1929
1586434785354936614,1,2,0,1870,1870,1870
1586434785418931042,1,2,0,1836,1836,1836
1586434785546960467,1,2,0,1757,1757,1757
1586434785610873333,1,2,0,1714,1714,1714
1586434785738955283,1,2,0,1618,1618,1618
1586434785802117704,1,2,0,1566,1566,1566
1586434785930765404,1,2,0,1456,1456,1456
1586434786058701965,1,2,0,1398,1398,1398
1586434786122927926,1,2,0,1277,1277,1277
1586434786250767930,1,2,0,1152,1152,1152
1586434786314835006,1,2,0,1088,1088,1088
1586434786442821142,1,2,0,960,960,960
1586434786506796146,1,2,0,896,896,896
1586434786634817721,1,2,0,771,771,771
1586434786698839455,1,2,0,710,710,710
1586434786826813261,1,2,0,592,592,592
1586434786954797540,1,2,0,482,482,482
1586434787018886598,1,2,0,430,430,430
1586434787146840056,1,2,0,334,334,334
1586434787210811179,1,2,0,291,291,291
1586434787339156191,1,2,0,212,212,212
1586434787402805897,1,2,0,178,178,178
1586434787530896219,1,2,0,119,119,119
1586434787658707043,1,2,0,95,95,95
1586434787722727618,1,2,0,55,55,55
1586434787850856493,1,2,0,28,28,28
1586434787914908199,1,2,0,18,18,18
1586434788042846786,1,2,0,6,6,6
1586434788106927676,1,2,0,3,3,3
1586434788234925434,1,2,0,1,1,1
1586434788298715274,1,2,0,1,1,1
1586434788426824119,1,2,0,1,1,1
1586434788554890624,1,2,0,3,3,3
1586434788618925087,1,2,0,6,6,6
1586434788746820711,1,2,0,18,18,18
1586434788810835433,1,2,0,28,28,28
1586434788938993384,1,2,0,55,55,55
1586434789002892941,1,2,0,73,73,73
1586434789130926594,1,2,0,119,119,119
1586434789258702615,1,2,0,147,147,147
1586434789322843457,1,2,0,212,212,212
1586434789450844720,1,2,0,291,291,291
1586434789514389849,1,2,0,334,334,334
1586434789642892390,1,2,0,430,430,430
1586434789706427700,1,2,0,482,482,482
1586434789834459533,1,2,0,592,592,592
1586434789898448043,1,2,0,650,650,650
1586434790026413287,1,2,0,771,771,771
1586434790155010873,1,2,0,896,896,896
1586434790219041699,1,2,0,960,960,960
1586434790346982281,1,2,0,1088,1088,1088
1586434790410952991,1,2,0,1152,1152,1152
1586434790538856073,1,2,0,1277,1277,1277
1586434790602834558,1,2,0,1338,1338,1338
1586434790730875792,1,2,0,1456,1456,1456
1586434790858507283,1,2,0,1512,1512,1512
1586434790922924477,1,2,0,1618,1618,1618
1586434791050925918,1,2,0,1714,1714,1714
1586434791114861175,1,2,0,1757,1757,1757
1586434791242833552,1,2,0,1836,1836,1836
1586434791306865115,1,2,0,1870,1870,1870
1586434791435082641,1,2,0,1929,1929,1929
1586434791498300563,1,2,0,1954,1954,1954
1586434791627118730,1,2,0,1993,1993,1993
1586434791755147297,1,2,0,2020,2020,2020
1586434791819074643,1,2,0,2030,2030,2030
1586434791946572547,1,2,0,2042,2042,2042
1586434792010553015,1,2,0,2045,2045,2045
1586434792138598760,1,2,0,2047,2047,2047
1586434792202512834,1,2,0,2048,2048,2048
1586434792331120895,1,2,0,2048,2048,2048
1586434792458623298,1,2,0,2048,2048,2048
1586434792523101183,1,2,0,2053,2053,2053
1586434792650308844,1,2,0,2065,2065,2065
1586434792714218515,1,2,0,2075,2075,2075
1586434792842616547,1,2,0,2102,2102,2102
1586434792906747038,1,2,0,2120,2120,2120
1586434793034229208,1,2,0,2166,2166,2166
1586434793098966107,1,2,0,2194,2194,2194
1586434793227063078,1,2,0,2259,2259,2259
1586434793354915079,1,2,0,2338,2338,2338
1586434793418789942,1,2,0,2381,2381,2381
1586434793546939546,1,2,0,2477,2477,2477
1586434793610750782,1,2,0,2529,2529,2529
1586434793738765748,1,2,0,2639,2639,2639
1586434793802857493,1,2,0,2697,2697,2697
1586434793930898267,1,2,0,2818,2818,2818
1586434794058517203,1,2,0,2880,2880,2880
1586434794122869848,1,2,0,3007,3007,3007
1586434794250957971,1,2,0,3135,3135,3135
1586434794314886414,1,2,0,3199,3199,3199
1586434794442933638,1,2,0,3324,3324,3324
1586434794506913342,1,2,0,3385,3385,3385
1586434794634914612,1,2,0,3503,3503,3503
1586434794699021241,1,2,0,3559,3559,3559
1586434794827009774,1,2,0,3665,3665,3665
1586434794954998409,1,2,0,3761,3761,3761
1586434795018863607,1,2,0,3804,3804,3804
1586434795146885135,1,2,0,3883,3883,3883
1586434795210886347,1,2,0,3917,3917,3917
1586434795338410422,1,2,0,3976,3976,3976
1586434795403111946,1,2,0,4000,4000,4000
1586434795531066431,1,2,0,4040,4040,4040
1586434795658724689,1,2,0,4055,4055,4055
1586434795723022497,1,2,0,4077,4077,4077
1586434795850992954,1,2,0,4089,4089,4089
1586434795915177499,1,2,0,4092,4092,4092
1586434796042850220,1,2,0,4094,4094,4094
1586434796106916261,1,2,0,4094,4094,4094
1586434796234815144,1,2,0,4094,4094,4094
1586434796298905803,1,2,0,4094,4094,4094
1586434796426966208,1,2,0,4089,4089,4089
1586434796554947956,1,2,0,4077,4077,4077
1586434796619083749,1,2,0,4067,4067,4067
1586434796746962340,1,2,0,4040,4040,4040
1586434796811122498,1,2,0,4022,4022,4022
1586434796938966345,1,2,0,3976,3976,3976
1586434797002998764,1,2,0,3948,3948,3948
1586434797131091567,1,2,0,3883,3883,3883
1586434797258801317,1,2,0,3845,3845,3845
1586434797323049885,1,2,0,3761,3761,3761
1586434797450983910,1,2,0,3665,3665,3665
1586434797514959024,1,2,0,3613,3613,3613
1586434797643063090,1,2,0,3503,3503,3503
1586434797707149211,1,2,0,3445,3445,3445
1586434797835017105,1,2,0,3324,3324,3324
1586434797898979182,1,2,0,3262,3262,3262
1586434798026927849,1,2,0,3135,3135,3135
1586434798154949708,1,2,0,3007,3007,3007
1586434798218955360,1,2,0,2943,2943,2943
1586434798347062436,1,2,0,2818,2818,2818
1586434798410973056,1,2,0,2757,2757,2757
1586434798539064780,1,2,0,2639,2639,2639
1586434798602946605,1,2,0,2583,2583,2583
1586434798731134399,1,2,0,2477,2477,2477
1586434798858702889,1,2,0,2428,2428,2428
1586434798923121502,1,2,0,2338,2338,2338
1586434799050990193,1,2,0,2259,2259,2259
1586434799115163765,1,2,0,2225,2225,2225
1586434799243103032,1,2,0,2166,2166,2166
1586434799306970040,1,2,0,2141,2141,2141
1586434799434989621,1,2,0,2102,2102,2102
1586434799499182045,1,2,0,2087,2087,2087
1586434799626915969,1,2,0,2065,2065,2065
1586434799755010255,1,2,0,2053,2053,2053
1586434799818940199,1,2,0,2050,2050,2050
1586434799947025545,1,2,0,2048,2048,2048
1586434800011227095,1,2,0,2048,2048,2048
1586434800138934903,1,2,0,2047,2047,2047
1586434800203159086,1,2,0,2047,2047,2047
1586434800331044993,1,2,0,2042,2042,2042
1586434800458708422,1,2,0,2037,2037,2037
1586434800523060589,1,2,0,2020,2020,2020
1586434800651000721,1,2,0,1993,1993,1993
1586434800715141494,1,2,0,1975,1975,1975
1586434800843132841,1,2,0,1929,1929,1929
1586434800907019426,1,2,0,1901,1901,1901
1586434801035077099,1,2,0,1836,1836,1836
1586434801099307968,1,2,0,1798,1798,1798
1586434801226957413,1,2,0,1714,1714,1714
1586434801354986964,1,2,0,1618,1618,1618
1586434801419103867,1,2,0,1566,1566,1566
1586434801546329380,1,2,0,1456,1456,1456
1586434801611202465,1,2,0,1398,1398,1398
1586434801739132716,1,2,0,1277,1277,1277
1586434801803465477,1,2,0,1215,1215,1215
1586434801931290725,1,2,0,1088,1088,1088
1586434802059067727,1,2,0,1024,1024,1024
1586434802123142296,1,2,0,896,896,896
1586434802251449890,1,2,0,771,771,771
1586434802315246952,1,2,0,710,710,710
1586434802443317155,1,2,0,592,592,592
1586434802507159283,1,2,0,536,536,536
1586434802634702208,1,2,0,430,430,430
1586434802698826188,1,2,0,381,381,381
1586434802826829885,1,2,0,291,291,291
1586434802954672597,1,2,0,212,212,212
1586434803018813663,1,2,0,178,178,178
1586434803146238890,1,2,0,119,119,119
1586434803210923877,1,2,0,95,95,95
1586434803338960491,1,2,0,55,55,55
1586434803403065281,1,2,0,40,40,40
1586434803530814447,1,2,0,18,18,18
1586434803658777743,1,2,0,11,11,11
1586434803723120090,1,2,0,3,3,3
1586434803850600254,1,2,0,1,1,1
1586434803915621558,1,2,0,1,1,1
1586434804043148818,1,2,0,1,1,1
1586434804106916202,1,2,0,1,1,1
1586434804235030695,1,2,0,6,6,6
1586434804299016642,1,2,0,11,11,11
1586434804426963721,1,2,0,28,28,28
1586434804555064971,1,2,0,55,55,55
1586434804618954521,1,2,0,73,73,73
1586434804746935851,1,2,0,119,119,119
1586434804811043643,1,2,0,147,147,147
1586434804939074579,1,2,0,212,212,212
1586434805003068488,1,2,0,250,250,250
1586434805131050625,1,2,0,334,334,334
1586434805259008519,1,2,0,381,381,381
1586434805323092619,1,2,0,482,482,482
1586434805451097908,1,2,0,592,592,592
1586434805514994935,1,2,0,650,650,650
1586434805643199553,1,2,0,771,771,771
1586434805707308010,1,2,0,833,833,833
1586434805835023990,1,2,0,960,960,960
1586434805899081714,1,2,0,1024,1024,1024
1586434806027059718,1,2,0,1152,1152,1152
1586434806155137272,1,2,0,1277,1277,1277
1586434806218722728,1,2,0,1338,1338,1338
1586434806346863975,1,2,0,1456,1456,1456
1586434806411351182,1,2,0,1512,1512,1512
1586434806539368440,1,2,0,1618,1618,1618
1586434806603115476,1,2,0,1667,1667,1667
1586434806731100397,1,2,0,1757,1757,1757
1586434806795091506,1,2,0,1798,1798,1798
1586434806923210444,1,2,0,1870,1870,1870
1586434807051125299,1,2,0,1929,1929,1929
1586434807115144955,1,2,0,1954,1954,1954
1586434807243253110,1,2,0,1993,1993,1993
1586434807307181327,1,2,0,2008,2008,2008
1586434807435119863,1,2,0,2030,2030,2030
1586434807499097537,1,2,0,2037,2037,2037
1586434807627117122,1,2,0,2045,2045,2045
1586434807755319744,1,2,0,2047,2047,2047
1586434807819205575,1,2,0,2048,2048,2048
1586434807947358334,1,2,0,2048,2048,2048
1586434808011482888,1,2,0,2048,2048,2048
1586434808139296055,1,2,0,2053,2053,2053
1586434808203228321,1,2,0,2058,2058,2058
1586434808331354796,1,2,0,2075,2075,2075
1586434808395529041,1,2,0,2087,2087,2087
1586434808523467927,1,2,0,2120,2120,2120
1586434808651629052,1,2,0,2166,2166,2166
1586434808715265223,1,2,0,2194,2194,2194
1586434808842914252,1,2,0,2259,2259,2259
1586434808906383836,1,2,0,2297,2297,2297
1586434809036073542,1,2,0,2381,2381,2381
1586434809099244388,1,2,0,2428,2428,2428
1586434809242777241,1,2,0,2529,2529,2529
1586434809306714198,1,2,0,2583,2583,2583
1586434809437449523,1,2,0,2697,2697,2697
1586434809498406142,1,2,0,2757,2757,2757
1586434809628743694,1,2,0,2880,2880,2880
1586434809755515711,1,2,0,3007,3007,3007
1586434809820200428,1,2,0,3071,3071,3071
1586434809946543781,1,2,0,3199,3199,3199
1586434810010750238,1,2,0,3262,3262,3262
1586434810138432743,1,2,0,3385,3385,3385
1586434810202459620,1,2,0,3445,3445,3445
1586434810331281513,1,2,0,3559,3559,3559
1586434810395537536,1,2,0,3613,3613,3613
1586434810522497711,1,2,0,3714,3714,3714
1586434810651086060,1,2,0,3804,3804,3804
1586434810714534180,1,2,0,3845,3845,3845
1586434810842500548,1,2,0,3917,3917,3917
1586434810906688092,1,2,0,3948,3948,3948
1586434811034378141,1,2,0,4000,4000,4000
1586434811098349551,1,2,0,4022,4022,4022
1586434811226406322,1,2,0,4055,4055,4055
1586434811354434412,1,2,0,4077,4077,4077
1586434811418469148,1,2,0,4084,4084,4084
1586434811546363240,1,2,0,4092,4092,4092
1586434811610411718,1,2,0,4094,4094,4094
1586434811738514789,1,2,0,4094,4094,4094
1586434811802759880,1,2,0,4094,4094,4094
1586434811930508831,1,2,0,4094,4094,4094
1586434812059234400,1,2,0,4092,4092,4092
1586434812122648988,1,2,0,4084,4084,4084
1586434812251020415,1,2,0,4067,4067,4067
1586434812314992893,1,2,0,4055,4055,4055
1586434812443271235,1,2,0,4022,4022,4022
1586434812506829437,1,2,0,4000,4000,4000
1586434812634854792,1,2,0,3948,3948,3948
1586434812698868773,1,2,0,3917,3917,3917
1586434812827187480,1,2,0,3845,3845,3845
1586434812955296974,1,2,0,3761,3761,3761
1586434813018960281,1,2,0,3714,3714,3714
1586434813147267364,1,2,0,3613,3613,3613
1586434813227135269,1,2,0,3559,3559,3559
1586434813355307144,1,2,0,3445,3445,3445
1586434813419245139,1,2,0,3385,3385,3385
1586434813547264294,1,2,0,3262,3262,3262
1586434813611090201,1,2,0,3199,3199,3199
1586434813739214124,1,2,0,3071,3071,3071
1586434813803186118,1,2,0,3007,3007,3007
1586434813931249943,1,2,0,2880,2880,2880
1586434813995396188,1,2,0,2818,2818,2818
1586434814123274186,1,2,0,2697,2697,2697
1586434814251260835,1,2,0,2583,2583,2583
1586434814315160581,1,2,0,2529,2529,2529
1586434814443453654,1,2,0,2428,2428,2428
1586434814507162958,1,2,0,2381,2381,2381
1586434814635194924,1,2,0,2297,2297,2297
1586434814699129410,1,2,0,2259,2259,2259
1586434814827286588,1,2,0,2194,2194,2194
1586434814954475630,1,2,0,2141,2141,2141
1586434815018802814,1,2,0,2120,2120,2120
1586434815147396085,1,2,0,2087,2087,2087
1586434815211476909,1,2,0,2075,2075,2075
1586434815339341598,1,2,0,2058,2058,2058
1586434815403291658,1,2,0,2053,2053,2053
1586434815530934590,1,2,0,2048,2048,2048
1586434815595562005,1,2,0,2048,2048,2048
1586434815723430774,1,2,0,2048,2048,2048
1586434815851220432,1,2,0,2047,2047,2047
1586434815915273752,1,2,0,2045,2045,2045
1586434816043209495,1,2,0,2037,2037,2037
1586434816107224529,1,2,0,2030,2030,2030
1586434816235387418,1,2,0,2008,2008,2008
1586434816299270462,1,2,0,1993,1993,1993
1586434816427102674,1,2,0,1954,1954,1954
1586434816555000704,1,2,0,1901,1901,1901
1586434816618911610,1,2,0,1870,1870,1870
1586434816747075486,1,2,0,1798,1798,1798
1586434816810859127,1,2,0,1757,1757,1757
1586434816939074836,1,2,0,1667,1667,1667
1586434817003337372,1,2,0,1618,1618,1618
1586434817131098296,1,2,0,1512,1512,1512
1586434817195226229,1,2,0,1456,1456,1456
1586434817322966336,1,2,0,1338,1338,1338
1586434817451133089,1,2,0,1215,1215,1215
1586434817514875919,1,2,0,1152,1152,1152
1586434817642983933,1,2,0,1024,1024,1024
1586434817707495476,1,2,0,960,960,960
1586434817835488230,1,2,0,833,833,833
1586434817898919524,1,2,0,771,771,771
1586434818026848166,1,2,0,650,650,650
1586434818154920300,1,2,0,536,536,536
1586434818219095486,1,2,0,482,482,482
1586434818347355060,1,2,0,381,381,381
1586434818411540770,1,2,0,334,334,334
1586434818539440457,1,2,0,250,250,250
1586434818603497349,1,2,0,212,212,212
1586434818731409041,1,2,0,147,147,147
1586434818795709594,1,2,0,119,119,119
1586434818923256994,1,2,0,73,73,73
1586434819051411839,1,2,0,40,40,40
1586434819115467427,1,2,0,28,28,28
1586434819243473632,1,2,0,11,11,11
1586434819307276109,1,2,0,6,6,6
1586434819435252073,1,2,0,1,1,1
1586434819499200823,1,2,0,1,1,1
1586434819627323413,1,2,0,1,1,1
1586434819755507419,1,2,0,1,1,1
1586434819819626799,1,2,0,3,3,3
1586434819947278602,1,2,0,11,11,11
1586434820011293625,1,2,0,18,18,18
1586434820139314290,1,2,0,40,40,40
1586434820203399466,1,2,0,55,55,55
1586434820331338167,1,2,0,95,95,95
1586434820395289674,1,2,0,119,119,119
1586434820523392645,1,2,0,178,178,178
1586434820651580970,1,2,0,250,250,250
1586434820715047552,1,2,0,291,291,291
1586434820843407374,1,2,0,381,381,381
1586434820907502288,1,2,0,430,430,430
1586434821035244338,1,2,0,536,536,536
1586434821099288553,1,2,0,592,592,592
1586434821227354178,1,2,0,710,710,710
1586434821355344938,1,2,0,833,833,833
1586434821419374209,1,2,0,896,896,896
1586434821546597685,1,2,0,1024,1024,1024
1586434821611692611,1,2,0,1088,1088,1088
1586434821739491031,1,2,0,1215,1215,1215
1586434821802811262,1,2,0,1277,1277,1277
1586434821931550955,1,2,0,1398,1398,1398
1586434821995568329,1,2,0,1456,1456,1456
1586434822123304931,1,2,0,1566,1566,1566
1586434822251393452,1,2,0,1667,1667,1667
1586434822315395180,1,2,0,1714,1714,1714
1586434822443547788,1,2,0,1798,1798,1798
1586434822507455407,1,2,0,1836,1836,1836
1586434822635405558,1,2,0,1901,1901,1901
1586434822699305315,1,2,0,1929,1929,1929
1586434822827507878,1,2,0,1975,1975,1975
1586434822955383156,1,2,0,2008,2008,2008
1586434823019470512,1,2,0,2020,2020,2020
1586434823147563634,1,2,0,2037,2037,2037
1586434823211434526,1,2,0,2042,2042,2042
1586434823339498382,1,2,0,2047,2047,2047
1586434823403360216,1,2,0,2047,2047,2047
1586434823531382279,1,2,0,2048,2048,2048
1586434823595324012,1,2,0,2048,2048,2048
1586434823723397599,1,2,0,2050,2050,2050
1586434823851557192,1,2,0,2058,2058,2058
1586434823915298059,1,2,0,2065,2065,2065
1586434824043360946,1,2,0,2087,2087,2087
1586434824107414707,1,2,0,2102,2102,2102
1586434824235560635,1,2,0,2141,2141,2141
1586434824299349134,1,2,0,2166,2166,2166
1586434824427413732,1,2,0,2225,2225,2225
1586434824555421018,1,2,0,2297,2297,2297
1586434824619498810,1,2,0,2338,2338,2338
1586434824747385057,1,2,0,2428,2428,2428
1586434824811763704,1,2,0,2477,2477,2477
1586434824939477227,1,2,0,2583,2583,2583
1586434825003377848,1,2,0,2639,2639,2639
1586434825131350335,1,2,0,2757,2757,2757
1586434825195333043,1,2,0,2818,2818,2818
1586434825323369564,1,2,0,2943,2943,2943
1586434825451351628,1,2,0,3071,3071,3071
1586434825515357491,1,2,0,3135,3135,3135
1586434825643474241,1,2,0,3262,3262,3262
1586434825707402683,1,2,0,3324,3324,3324
1586434825834972933,1,2,0,3445,3445,3445
1586434825898830232,1,2,0,3503,3503,3503
1586434826027296694,1,2,0,3613,3613,3613
1586434826155277865,1,2,0,3714,3714,3714
1586434826219242916,1,2,0,3761,3761,3761
1586434826347511863,1,2,0,3845,3845,3845
1586434826412010238,1,2,0,3883,3883,3883
1586434826539317785,1,2,0,3948,3948,3948
1586434826603336889,1,2,0,3976,3976,3976
1586434826730684066,1,2,0,4022,4022,4022
1586434826794692808,1,2,0,4040,4040,4040
1586434826922729214,1,2,0,4067,4067,4067
1586434827051118284,1,2,0,4084,4084,4084
1586434827115176748,1,2,0,4089,4089,4089
1586434827243138070,1,2,0,4094,4094,4094
1586434827307234622,1,2,0,4094,4094,4094
1586434827435216115,1,2,0,4094,4094,4094
1586434827498837281,1,2,0,4094,4094,4094
1586434827626635964,1,2,0,4092,4092,4092
1586434827755560502,1,2,0,4084,4084,4084
1586434827819365199,1,2,0,4077,4077,4077
1586434827947302537,1,2,0,4055,4055,4055
1586434828011588742,1,2,0,4040,4040,4040
1586434828139453730,1,2,0,4000,4000,4000
1586434828203359155,1,2,0,3976,3976,3976
1586434828331361535,1,2,0,3917,3917,3917
1586434828395973550,1,2,0,3883,3883,3883
1586434828523365340,1,2,0,3804,3804,3804
1586434828651363715,1,2,0,3714,3714,3714
1586434828715454050,1,2,0,3665,3665,3665
1586434828843462359,1,2,0,3559,3559,3559
1586434828907322269,1,2,0,3503,3503,3503
1586434829035423684,1,2,0,3385,3385,3385
1586434829099417899,1,2,0,3324,3324,3324
1586434829227442775,1,2,0,3199,3199,3199
1586434829355521230,1,2,0,3071,3071,3071
1586434829419445884,1,2,0,3007,3007,3007
1586434829547432779,1,2,0,2880,2880,2880
1586434829611594167,1,2,0,2818,2818,2818
1586434829739329531,1,2,0,2697,2697,2697
1586434829803460616,1,2,0,2639,2639,2639
1586434829931440205,1,2,0,2529,2529,2529
1586434829995494327,1,2,0,2477,2477,2477
1586434830123400597,1,2,0,2381,2381,2381
1586434830251455721,1,2,0,2297,2297,2297
1586434830315396102,1,2,0,2259,2259,2259
1586434830443565043,1,2,0,2194,2194,2194
1586434830507541940,1,2,0,2166,2166,2166
1586434830635497849,1,2,0,2120,2120,2120
1586434830699489188,1,2,0,2102,2102,2102
1586434830827468873,1,2,0,2075,2075,2075
1586434830955427522,1,2,0,2058,2058,2058
1586434831019421074,1,2,0,2053,2053,2053
1586434831147644469,1,2,0,2048,2048,2048
1586434831211455745,1,2,0,2048,2048,2048
1586434831339524146,1,2,0,2048,2048,2048
1586434831403452153,1,2,0,2047,2047,2047
1586434831546718603,1,2,0,2045,2045,2045
1586434831611674358,1,2,0,2042,2042,2042
1586434831739741631,1,2,0,2030,2030,2030
1586434831803499080,1,2,0,2020,2020,2020
1586434831931517207,1,2,0,1993,1993,1993
1586434831995411636,1,2,0,1975,1975,1975
1586434832123862576,1,2,0,1929,1929,1929
1586434832251461010,1,2,0,1870,1870,1870
1586434832315522531,1,2,0,1836,1836,1836
1586434832443584883,1,2,0,1757,1757,1757
1586434832507528617,1,2,0,1714,1714,1714
1586434832635624949,1,2,0,1618,1618,1618
1586434832699590320,1,2,0,1566,1566,1566
1586434832827526728,1,2,0,1456,1456,1456
1586434832955508966,1,2,0,1338,1338,1338
1586434833019521540,1,2,0,1277,1277,1277
1586434833147456669,1,2,0,1152,1152,1152
1586434833211673061,1,2,0,1088,1088,1088
1586434833339438612,1,2,0,960,960,960
1586434833403582720,1,2,0,896,896,896
1586434833531427391,1,2,0,771,771,771
1586434833595589398,1,2,0,710,710,710
1586434833723422755,1,2,0,592,592,592
1586434833851489259,1,2,0,482,482,482
1586434833915531310,1,2,0,430,430,430
1586434834043508020,1,2,0,334,334,334
1586434834107515180,1,2,0,291,291,291
1586434834235514373,1,2,0,212,212,212
1586434834299535670,1,2,0,178,178,178
1586434834427589972,1,2,0,119,119,119
1586434834555573540,1,2,0,73,73,73
1586434834619560767,1,2,0,55,55,55
1586434834747597487,1,2,0,28,28,28
1586434834811579017,1,2,0,18,18,18
1586434834939560970,1,2,0,6,6,6
1586434835003458726,1,2,0,3,3,3
1586434835131417210,1,2,0,1,1,1
1586434835195608168,1,2,0,1,1,1
1586434835323544061,1,2,0,1,1,1
1586434835451545204,1,2,0,3,3,3
1586434835515412098,1,2,0,6,6,6
1586434835643636743,1,2,0,18,18,18
1586434835707373842,1,2,0,28,28,28
1586434835835589271,1,2,0,55,55,55
1586434835899511196,1,2,0,73,73,73
1586434836027589924,1,2,0,119,119,119
1586434836155600190,1,2,0,178,178,178
1586434836219799137,1,2,0,212,212,212
1586434836347603329,1,2,0,291,291,291
1586434836410804203,1,2,0,334,334,334
1586434836539577566,1,2,0,430,430,430
1586434836603558516,1,2,0,482,482,482
1586434836731449803,1,2,0,592,592,592
1586434836795515721,1,2,0,650,650,650
1586434836923553176,1,2,0,771,771,771
1586434837051771325,1,2,0,896,896,896
1586434837115640594,1,2,0,960,960,960
1586434837243615726,1,2,0,1088,1088,1088
1586434837307495124,1,2,0,1152,1152,1152
1586434837435584264,1,2,0,1277,1277,1277
1586434837499535723,1,2,0,1338,1338,1338
1586434837627595976,1,2,0,1456,1456,1456
1586434837755630464,1,2,0,1566,1566,1566
1586434837819557951,1,2,0,1618,1618,1618
1586434837946756980,1,2,0,1714,1714,1714
1586434838011703104,1,2,0,1757,1757,1757
1586434838139636640,1,2,0,1836,1836,1836
1586434838203628165,1,2,0,1870,1870,1870
1586434838331547239,1,2,0,1929,1929,1929
1586434838395611818,1,2,0,1954,1954,1954
1586434838523525182,1,2,0,1993,1993,1993
1586434838651682766,1,2,0,2020,2020,2020
1586434838715581040,1,2,0,2030,2030,2030
1586434838843664048,1,2,0,2042,2042,2042
1586434838907647634,1,2,0,2045,2045,2045
1586434839035689605,1,2,0,2047,2047,2047
1586434839099645846,1,2,0,2048,2048,2048
1586434839227318198,1,2,0,2048,2048,2048
1586434839355381150,1,2,0,2048,2048,2048
1586434839419346128,1,2,0,2048,2048,2048
1586434839547351310,1,2,0,2048,2048,2048
1586434839611316043,1,2,0,2048,2048,2048
1586434839739413412,1,2,0,2048,2048,2048
1586434839803236193,1,2,0,2048,2048,2048
1586434839931402510,1,2,0,2048,2048,2048
1586434839995394529,1,2,0,2048,2048,2048
1586434840123456709,1,2,0,2048,2048,2048
1586434840251533309,1,2,0,2048,2048,2048
1586434840315369938,1,2,0,2048,2048,2048
1586434840443496534,1,2,0,2048,2048,2048
1586434840507583389,1,2,0,2048,2048,2048
1586434840635389733,1,2,0,2048,2048,2048
1586434840699438054,1,2,0,2048,2048,2048
1586434840827408003,1,2,0,2048,2048,2048
1586434840955258376,1,2,0,2048,2048,2048
1586434841019290893,1,2,0,2048,2048,2048
1586434841147364691,1,2,0,2048,2048,2048
1586434841211248863,1,2,0,2048,2048,2048
1586434841339715876,1,2,0,2048,2048,2048
1586434841403296880,1,2,0,2048,2048,2048
1586434841531475387,1,2,0,2048,2048,2048
1586434841595521281,1,2,0,2048,2048,2048
1586434841723334645,1,2,0,2048,2048,2048
1586434841851472092,1,2,0,2048,2048,2048
1586434841915492432,1,2,0,2048,2048,2048
1586434842043356257,1,2,0,2048,2048,2048
1586434842107380200,1,2,0,2048,2048,2048
1586434842235556743,1,2,0,2048,2048,2048
1586434842298966232,1,2,0,2048,2048,2048
1586434842427277086,1,2,0,2048,2048,2048
1586434842555445266,1,2,0,2048,2048,2048
1586434842619335985,1,2,0,2048,2048,2048
1586434842747439698,1,2,0,2048,2048,2048
1586434842811290218,1,2,0,2048,2048,2048
1586434842939339083,1,2,0,2048,2048,2048
1586434843003283634,1,2,0,2048,2048,2048
1586434843131349044,1,2,0,2048,2048,2048
1586434843195555696,1,2,0,2048,2048,2048
1586434843323511774,1,2,0,2048,2048,2048
1586434843451398393,1,2,0,2048,2048,2048
1586434843515299629,1,2,0,2048,2048,2048
1586434843643622506,1,2,0,2048,2048,2048
1586434843707347412,1,2,0,2048,2048,2048
1586434843835845844,1,2,0,2048,2048,2048
1586434843899648014,1,2,0,2048,2048,2048
1586434844027485351,1,2,0,2048,2048,2048
