1586433949539130041,first,1,2075,0,0,second,2,2075,0,0,zero,0,2073,0,0
1586433949666585668,first,1,2075,0,0,second,2,2075,0,0,zero,0,2073,0,0
1586433949730826627,first,1,2075,0,0,second,2,2075,0,0,zero,0,2074,0,0
1586433949858966878,first,1,2075,0,0,second,2,2075,0,0,zero,0,2073,0,0
1586433949922807967,first,1,2075,0,0,second,2,2075,0,0,zero,0,2074,0,0
1586433950050943684,first,1,2075,0,0,second,2,2075,0,0,zero,0,2073,0,0
1586433950114832112,first,1,2075,0,0,second,2,2075,0,0,zero,0,2073,0,0
1586433950243229805,first,1,2075,0,0,second,2,2075,0,0,zero,0,2073,0,0
1586433950306461424,first,1,2075,0,0,second,2,2075,0,0,zero,0,2074,0,0
1586433950435102083,first,1,2074,0,0,second,2,2075,0,0,zero,0,2073,0,0
1586433950562905944,first,1,2075,0,0,second,2,2075,0,0,zero,0,2074,0,0
1586433950626865462,first,1,2075,0,0,second,2,2075,0,0,zero,0,2074,0,0
1586433950755036950,first,1,2075,0,0,second,2,2075,0,0,zero,0,2074,0,0
1586433950818986088,first,1,2075,0,0,second,2,2075,0,0,zero,0,2074,0,0
1586433950946998123,first,1,2074,0,0,second,2,2075,0,0,zero,0,2074,0,0
1586433951010934677,first,1,2074,0,0,second,2,2075,0,0,zero,0,2074,0,0
1586433951139002605,first,1,2075,0,0,second,2,2075,0,0,zero,0,2073,0,0
1586433951267091572,first,1,2075,0,0,second,2,2075,0,0,zero,0,2073,0,0
1586433951330896680,first,1,2075,0,0,second,2,2075,0,0,zero,0,2074,0,0
1586433951458985721,first,1,2075,0,0,second,2,2075,0,0,zero,0,2073,0,0
1586433951522591673,first,1,2074,0,0,second,2,2075,0,0,zero,0,2073,0,0
1586433951650984278,first,1,2075,0,0,second,2,2075,0,0,zero,0,2073,0,0
1586433951714989270,first,1,2075,0,0,second,2,2075,0,0,zero,0,2074,0,0
1586433951843024653,first,1,2075,0,0,second,2,2075,0,0,zero,0,2074,0,0
1586433951906929902,first,1,2075,0,0,second,2,2075,0,0,zero,0,2074,0,0
1586433952034778739,first,1,2074,0,0,second,2,2075,0,0,zero,0,2074,0,0
1586433952163026675,first,1,2075,0,0,second,2,2075,0,0,zero,0,2073,0,0
1586433952227009761,first,1,2075,0,0,second,2,2075,0,0,zero,0,2073,0,0
1586433952354999585,first,1,2075,0,0,second,2,2075,0,0,zero,0,2074,0,0
1586433952419049681,first,1,2075,0,0,second,2,2075,0,0,zero,0,2074,0,0
1586433952546979575,first,1,2075,0,0,second,2,2075,0,0,zero,0,2074,0,0
1586433952610990466,first,1,2075,0,0,second,2,2075,0,0,zero,0,2074,0,0
1586433952739080360,first,1,2074,0,0,second,2,2075,0,0,zero,0,2073,0,0
1586433952866576711,first,1,2075,0,0,second,2,2075,0,0,zero,0,2074,0,0
1586433952930556675,first,1,2075,0,0,second,2,2075,0,0,zero,0,2073,0,0
1586433953058503424,first,1,2074,0,0,second,2,2075,0,0,zero,0,2073,0,0
1586433953122569496,first,1,2075,0,0,second,2,2075,0,0,zero,0,2073,0,0
1586433953250479153,first,1,2074,0,0,second,2,2075,0,0,zero,0,2073,0,0
1586433953314459750,first,1,2075,0,0,second,2,2075,0,0,zero,0,2074,0,0
1586433953442485786,first,1,2075,0,0,second,2,2075,0,0,zero,0,2074,0,0
1586433953506484610,first,1,2075,0,0,second,2,2075,0,0,zero,0,2074,0,0
1586433953634510699,first,1,2075,0,0,second,2,2075,0,0,zero,0,2074,0,0
1586433953762518620,first,1,2074,0,0,second,2,2076,0,0,zero,0,2073,0,0
1586433953826545046,first,1,2075,0,0,second,2,2075,0,0,zero,0,2074,0,0
1586433953955026894,first,1,2075,0,0,second,2,2075,0,0,zero,0,2074,0,0
1586433954019022073,first,1,2075,0,0,second,2,2075,0,0,zero,0,2073,0,0
1586433954147024244,first,1,2074,0,0,second,2,2075,0,0,zero,0,2074,0,0
1586433954211126806,first,1,2075,0,0,second,2,2075,0,0,zero,0,2074,0,0
1586433954339128040,first,1,2075,0,0,second,2,2075,0,0,zero,0,2074,0,0
1586433954467165222,first,1,2075,0,0,second,2,2075,0,0,zero,0,2074,0,0
1586433954531036193,first,1,2075,0,0,second,2,2075,0,0,zero,0,2074,0,0
1586433954659151920,first,1,2075,0,0,second,2,2075,0,0,zero,0,2073,0,0
1586433954723056496,first,1,2075,0,0,second,2,2075,0,0,zero,0,2074,0,0
1586433954851056898,first,1,2075,0,0,second,2,2075,0,0,zero,0,2073,0,0
1586433954994765241,first,1,2074,0,0,second,2,2075,0,0,zero,0,2073,0,0
1586433955059648724,first,1,2075,0,0,second,2,2075,0,0,zero,0,2074,0,0
1586433955123550321,first,1,2075,0,0,second,2,2075,0,0,zero,0,2076,0,0
1586433955251425743,first,1,2075,0,0,second,2,2075,0,0,zero,0,2078,0,0
1586433955315347631,first,1,2075,0,0,second,2,2075,0,0,zero,0,2080,0,0
1586433955443331372,first,1,2075,0,0,second,2,2075,0,0,zero,0,2081,0,0
1586433955507314833,first,1,2075,0,0,second,2,2075,0,0,zero,0,2083,0,0
1586433955635452571,first,1,2075,0,0,second,2,2075,0,0,zero,0,2085,0,0
1586433955763400833,first,1,2075,0,0,second,2,2075,0,0,zero,0,2087,0,0
1586433955827377534,first,1,2075,0,0,second,2,2075,0,0,zero,0,2089,0,0
1586433955955472526,first,1,2075,0,0,second,2,2075,0,0,zero,0,2091,0,0
1586433956019378540,first,1,2075,0,0,second,2,2075,0,0,zero,0,2093,0,0
1586433956147420654,first,1,2075,0,0,second,2,2075,0,0,zero,0,2094,0,0
1586433956211411623,first,1,2075,0,0,second,2,2075,0,0,zero,0,2096,0,0
1586433956339586945,first,1,2075,0,0,second,2,2075,0,0,zero,0,2097,0,0
1586433956467540307,first,1,2075,0,0,second,2,2075,0,0,zero,0,2097,0,0
1586433956531411600,first,1,2075,0,0,second,2,2075,0,0,zero,0,2098,0,-1
1586433956659427607,first,1,2074,0,0,second,2,2075,0,0,zero,0,2098,0,-1
1586433956723347034,first,1,2075,0,0,second,2,2075,0,0,zero,0,2098,0,-1
1586433956851369287,first,1,2075,0,0,second,2,2075,0,0,zero,0,2097,0,-1
1586433956915414211,first,1,2074,0,0,second,2,2075,0,0,zero,0,2097,0,-1
1586433957043429848,first,1,2075,0,0,second,2,2075,0,0,zero,0,2096,0,0
1586433957107414318,first,1,2074,0,0,second,2,2075,0,0,zero,0,2095,0,0
1586433957235395778,first,1,2075,0,0,second,2,2075,0,0,zero,0,2093,0,0
1586433957363217700,first,1,2075,0,0,second,2,2075,0,0,zero,0,2091,0,0
1586433957427501054,first,1,2074,0,0,second,2,2075,0,0,zero,0,2090,0,-2
1586433957555448788,first,1,2075,0,0,second,2,2075,0,0,zero,0,2087,0,-1
1586433957619480495,first,1,2075,0,0,second,2,2075,0,0,zero,0,2087,0,-1
1586433957747468992,first,1,2075,0,0,second,2,2075,0,0,zero,0,2086,0,-2
1586433957811355012,first,1,2074,0,0,second,2,2075,0,0,zero,0,2085,0,0
1586433957939644876,first,1,2075,0,0,second,2,2075,0,0,zero,0,2085,0,-1
1586433958067346258,first,1,2075,0,0,second,2,2075,0,0,zero,0,2082,0,0
1586433958131413888,first,1,2075,0,0,second,2,2075,0,0,zero,0,2082,0,-1
1586433958259478816,first,1,2075,0,0,second,2,2075,0,0,zero,0,2082,0,-1
1586433958323492041,first,1,2075,0,0,second,2,2075,0,0,zero,0,2082,0,-1
1586433958451389494,first,1,2074,0,0,second,2,2075,0,0,zero,0,2082,0,-1
1586433958515499311,first,1,2075,0,0,second,2,2075,0,0,zero,0,2081,0,-2
1586433958643558405,first,1,2074,0,0,second,2,2075,0,0,zero,0,2080,0,0
1586433958707383789,first,1,2075,0,0,second,2,2075,0,0,zero,0,2080,0,0
1586433958835490692,first,1,2075,0,0,second,2,2075,0,0,zero,0,2081,0,0
1586433958963499596,first,1,2075,0,0,second,2,2075,0,0,zero,0,2080,0,-1
1586433959027453185,first,1,2075,0,0,second,2,2075,0,0,zero,0,2080,0,-3
1586433959155384551,first,1,2075,0,0,second,2,2075,0,0,zero,0,2078,0,-1
1586433959219339007,first,1,2075,0,0,second,2,2075,0,0,zero,0,2078,0,0
1586433959347478508,first,1,2075,0,0,second,2,2075,0,0,zero,0,2078,0,0
1586433959411465998,first,1,2075,0,0,second,2,2075,0,0,zero,0,2078,0,0
1586433959539392519,first,1,2075,0,0,second,2,2075,0,0,zero,0,2078,0,0
1586433959667548285,first,1,2075,0,0,second,2,2075,0,0,zero,0,2080,0,0
1586433959731590025,first,1,2075,0,0,second,2,2075,0,0,zero,0,2081,0,0
1586433959859349199,first,1,2075,0,0,second,2,2075,0,0,zero,0,2098,9,3
1586433959923376321,first,1,2075,0,0,second,2,2075,0,0,zero,0,2117,16,3
1586433960051499313,first,1,2079,0,0,second,2,2078,0,0,zero,0,2169,25,3
1586433960115503420,first,1,2082,1,1,second,2,2083,2,1,zero,0,2198,27,2
1586433960243451905,first,1,2118,18,4,second,2,2121,20,3,zero,0,2251,25,2
1586433960307467641,first,1,2148,26,2,second,2,2152,28,3,zero,0,2278,25,2
1586433960435494990,first,1,2225,38,2,second,2,2230,38,2,zero,0,2335,27,3
1586433960563538518,first,1,2320,46,2,second,2,2323,45,2,zero,0,2408,36,6
1586433960627473102,first,1,2372,49,3,second,2,2373,47,2,zero,0,2452,42,7
1586433960755494090,first,1,2482,53,1,second,2,2478,50,3,zero,0,2557,51,6
1586433960819490130,first,1,2539,54,3,second,2,2532,51,3,zero,0,2615,56,8
1586433960947489565,first,1,2656,57,2,second,2,2643,53,3,zero,0,2743,64,7
1586433961011524905,first,1,2714,57,4,second,2,2700,55,5,zero,0,2807,64,5
1586433961139491566,first,1,2837,58,3,second,2,2823,60,5,zero,0,2934,62,3
1586433961267510170,first,1,2962,61,2,second,2,2954,64,2,zero,0,3051,58,4
1586433961331387861,first,1,3028,64,2,second,2,3023,65,5,zero,0,3107,56,3
1586433961459571158,first,1,3165,67,2,second,2,3162,68,3,zero,0,3216,54,4
1586433961522807556,first,1,3234,67,2,second,2,3233,69,4,zero,0,3272,54,6
1586433961651653386,first,1,3369,66,3,second,2,3371,68,1,zero,0,3386,56,5
1586433961715639305,first,1,3436,66,3,second,2,3439,68,3,zero,0,3445,56,5
1586433961843667328,first,1,3569,66,1,second,2,3571,64,1,zero,0,3560,55,5
1586433961907734196,first,1,3633,63,1,second,2,3633,62,1,zero,0,3615,54,3
1586433962035602584,first,1,3755,60,3,second,2,3753,59,2,zero,0,3717,49,2
1586433962163596394,first,1,3868,54,1,second,2,3868,57,1,zero,0,3807,42,4
1586433962227440540,first,1,3919,51,1,second,2,3921,53,1,zero,0,3848,41,2
1586433962355416273,first,1,4004,41,-18,second,2,4008,38,11,zero,0,3924,36,1
1586433962419679093,first,1,4013,14,0,second,2,4017,9,0,zero,0,3956,32,1
1586433962547497502,first,1,4015,0,0,second,2,4020,0,0,zero,0,3979,1,0
1586433962611535120,first,1,4017,0,0,second,2,4021,0,0,zero,0,3979,0,0
1586433962739540060,first,1,4021,0,0,second,2,4024,0,0,zero,0,3979,0,0
1586433962867425635,first,1,4024,0,0,second,2,4028,0,0,zero,0,3978,0,0
1586433962931552856,first,1,4026,0,0,second,2,4029,0,0,zero,0,3979,0,0
1586433963059642216,first,1,4030,0,0,second,2,4029,0,0,zero,0,3979,0,0
1586433963123541262,first,1,4031,0,0,second,2,4028,0,0,zero,0,3980,0,0
1586433963251440678,first,1,4030,0,0,second,2,4029,0,0,zero,0,3982,0,0
1586433963315568318,first,1,4030,0,0,second,2,4028,0,0,zero,0,3983,0,0
1586433963444081975,first,1,4030,0,0,second,2,4029,0,0,zero,0,3985,0,0
1586433963507672120,first,1,4030,0,0,second,2,4028,0,0,zero,0,3985,0,0
1586433963635715490,first,1,4030,0,0,second,2,4028,0,0,zero,0,3985,0,-1
1586433963763467508,first,1,4030,0,0,second,2,4028,0,0,zero,0,3983,0,-3
1586433963827627011,first,1,4031,0,0,second,2,4029,0,0,zero,0,3981,0,-5
1586433963955705639,first,1,4030,0,0,second,2,4028,0,0,zero,0,3949,-16,-4
1586433964019472227,first,1,4030,0,0,second,2,4028,0,0,zero,0,3928,-19,-4
1586433964147502640,first,1,4031,0,0,second,2,4029,0,0,zero,0,3877,-24,-3
1586433964211611329,first,1,4030,0,-2,second,2,4029,0,-1,zero,0,3848,-26,-5
1586433964339485015,first,1,4029,0,-3,second,2,4028,0,-3,zero,0,3792,-26,-2
1586433964467516501,first,1,4005,-11,-3,second,2,4021,-4,-4,zero,0,3739,-25,-3
1586433964531468762,first,1,3989,-14,-6,second,2,4008,-11,-4,zero,0,3716,-23,-3
1586433964659614206,first,1,3949,-18,-5,second,2,3974,-17,-7,zero,0,3676,-19,-3
1586433964723466006,first,1,3928,-19,-6,second,2,3950,-21,-7,zero,0,3656,-18,-5
1586433964851675970,first,1,3880,-22,-6,second,2,3891,-28,-8,zero,0,3607,-23,-4
1586433964915577394,first,1,3852,-25,-6,second,2,3860,-29,-7,zero,0,3577,-28,-7
1586433965043468396,first,1,3784,-33,-6,second,2,3790,-33,-7,zero,0,3507,-34,-6
1586433965107523127,first,1,3746,-35,-6,second,2,3754,-35,-9,zero,0,3467,-36,-7
1586433965235525477,first,1,3666,-39,-7,second,2,3675,-39,-10,zero,0,3382,-41,-5
1586433965363490799,first,1,3584,-39,-8,second,2,3586,-43,-9,zero,0,3300,-40,-5
1586433965427493530,first,1,3542,-40,-9,second,2,3539,-46,-9,zero,0,3261,-37,-6
1586433965555468532,first,1,3455,-41,-8,second,2,3434,-51,-9,zero,0,3187,-36,-6
1586433965619515782,first,1,3409,-43,-9,second,2,3380,-52,-9,zero,0,3152,-35,-5
1586433965747666004,first,1,3316,-45,-12,second,2,3271,-53,-9,zero,0,3081,-35,-4
1586433965811568545,first,1,3268,-46,-10,second,2,3217,-53,-8,zero,0,3045,-34,-4
1586433965939479166,first,1,3168,-48,-10,second,2,3117,-49,-6,zero,0,2976,-34,-8
1586433966067630857,first,1,3066,-49,-9,second,2,3023,-45,-5,zero,0,2903,-35,-4
1586433966131459584,first,1,3014,-50,-9,second,2,2979,-42,-7,zero,0,2868,-34,-7
1586433966259543635,first,1,2911,-50,-10,second,2,2896,-40,-7,zero,0,2799,-33,-3
1586433966323512647,first,1,2863,-48,-9,second,2,2855,-40,-8,zero,0,2771,-29,-2
1586433966451645945,first,1,2773,-44,-10,second,2,2771,-40,-6,zero,0,2714,-27,-2
1586433966515602096,first,1,2730,-42,-7,second,2,2731,-39,-7,zero,0,2688,-25,-1
1586433966643562969,first,1,2649,-40,-7,second,2,2654,-37,-6,zero,0,2646,-18,-1
1586433966707547588,first,1,2608,-40,-7,second,2,2618,-36,-7,zero,0,2630,-16,-1
1586433966835499789,first,1,2533,-37,-6,second,2,2548,-33,-6,zero,0,2596,-15,-5
1586433966963566134,first,1,2463,-33,-5,second,2,2486,-29,-4,zero,0,2561,-16,-3
1586433967027537187,first,1,2431,-31,-4,second,2,2458,-27,-4,zero,0,2544,-16,-6
1586433967155726537,first,1,2377,-25,-4,second,2,2404,-26,-5,zero,0,2503,-19,-5
1586433967219734169,first,1,2354,-22,-1,second,2,2377,-26,-4,zero,0,2480,-21,-5
1586433967347491221,first,1,2320,-15,-2,second,2,2326,-24,-5,zero,0,2423,-27,-4
1586433967411627097,first,1,2305,-15,-5,second,2,2300,-24,-4,zero,0,2392,-28,-7
1586433967539600723,first,1,2271,-15,-5,second,2,2251,-23,-1,zero,0,2331,-29,-2
1586433967667637505,first,1,2232,-17,-5,second,2,2210,-18,-1,zero,0,2274,-27,-6
1586433967731561200,first,1,2212,-18,-5,second,2,2193,-15,-3,zero,0,2245,-27,-3
1586433967859664952,first,1,2171,-18,-5,second,2,2166,-13,-4,zero,0,2190,-26,-4
1586433967923652637,first,1,2151,-18,-6,second,2,2152,-13,-3,zero,0,2165,-25,-7
1586433968051570596,first,1,2111,-18,-6,second,2,2121,-14,-5,zero,0,2108,-27,-6
1586433968115574239,first,1,2092,-18,-7,second,2,2104,-15,-5,zero,0,2077,-30,-4
1586433968243480749,first,1,2048,-19,-6,second,2,2059,-21,-4,zero,0,2010,-32,-7
1586433968307557081,first,1,2026,-20,-7,second,2,2033,-24,-5,zero,0,1975,-33,-5
1586433968435624146,first,1,1978,-23,-7,second,2,1974,-29,-6,zero,0,1904,-33,-6
1586433968563594905,first,1,1919,-28,-8,second,2,1909,-30,-6,zero,0,1830,-35,-8
1586433968627612689,first,1,1882,-32,-7,second,2,1877,-32,-7,zero,0,1790,-38,-10
1586433968755599548,first,1,1805,-37,-9,second,2,1810,-32,-7,zero,0,1698,-45,-9
1586433968819565723,first,1,1765,-37,-7,second,2,1773,-34,-8,zero,0,1649,-47,-5
1586433968947571155,first,1,1684,-39,-7,second,2,1694,-40,-9,zero,0,1550,-47,-7
1586433969011528691,first,1,1642,-40,-7,second,2,1649,-41,-8,zero,0,1501,-47,-7
1586433969139493545,first,1,1555,-42,-10,second,2,1555,-47,-8,zero,0,1407,-45,-5
1586433969267831913,first,1,1465,-43,-9,second,2,1448,-53,-10,zero,0,1321,-42,-10
1586433969331662363,first,1,1419,-44,-11,second,2,1393,-54,-9,zero,0,1276,-42,-9
1586433969459631032,first,1,1321,-47,-9,second,2,1281,-55,-9,zero,0,1183,-45,-9
1586433969523613483,first,1,1272,-48,-11,second,2,1226,-55,-9,zero,0,1136,-45,-5
1586433969651516233,first,1,1165,-52,-13,second,2,1121,-52,-7,zero,0,1050,-42,-6
1586433969715472816,first,1,1111,-53,-11,second,2,1071,-50,-9,zero,0,1007,-41,-7
1586433969843559787,first,1,1000,-54,-11,second,2,971,-48,-6,zero,0,928,-39,-6
1586433969907751513,first,1,947,-53,-11,second,2,921,-48,-9,zero,0,892,-36,-8
1586433970035581484,first,1,841,-52,-9,second,2,827,-45,-6,zero,0,823,-33,-4
1586433970163646930,first,1,742,-48,-8,second,2,741,-40,-8,zero,0,754,-33,-5
1586433970227652209,first,1,697,-45,-8,second,2,701,-39,-6,zero,0,720,-33,-4
1586433970355528581,first,1,612,-41,-7,second,2,623,-37,-7,zero,0,656,-30,-3
1586433970419524664,first,1,571,-40,-8,second,2,585,-37,-6,zero,0,627,-28,-3
1586433970547711946,first,1,493,-38,-7,second,2,512,-35,-4,zero,0,580,-21,-4
1586433970611538216,first,1,454,-37,-7,second,2,478,-33,-6,zero,0,562,-18,-2
1586433970739571226,first,1,380,-35,-4,second,2,413,-31,-5,zero,0,527,-16,-4
1586433970867673097,first,1,315,-31,-5,second,2,354,-27,-6,zero,0,489,-17,-3
1586433970931705089,first,1,286,-28,-4,second,2,328,-26,-4,zero,0,468,-18,-5
1586433971059595475,first,1,240,-20,-2,second,2,274,-26,-3,zero,0,427,-19,-5
1586433971123552017,first,1,223,-17,-2,second,2,248,-24,-3,zero,0,408,-19,-3
1586433971251838399,first,1,193,-14,-2,second,2,199,-24,-3,zero,0,378,-13,-1
1586433971315545680,first,1,178,-14,-2,second,2,177,-21,-3,zero,0,368,-10,-1
1586433971443762986,first,1,151,-13,-2,second,2,146,-12,-1,zero,0,362,-2,-1
1586433971507564547,first,1,139,-11,-1,second,2,138,-7,-1,zero,0,359,-2,-1
1586433971635644568,first,1,120,-8,-1,second,2,128,-3,0,zero,0,357,0,0
1586433971763558518,first,1,116,0,0,second,2,128,0,0,zero,0,357,0,0
1586433971827602616,first,1,116,0,0,second,2,128,0,0,zero,0,359,0,0
1586433971955708570,first,1,116,0,0,second,2,128,0,0,zero,0,375,10,2
1586433972019595835,first,1,116,0,0,second,2,128,0,0,zero,0,394,16,3
1586433972147551721,first,1,122,1,2,second,2,133,2,1,zero,0,444,24,1
1586433972211730843,first,1,136,10,1,second,2,150,14,2,zero,0,471,25,2
1586433972339909216,first,1,191,27,4,second,2,210,32,3,zero,0,523,25,2
1586433972467676142,first,1,273,40,5,second,2,298,44,2,zero,0,579,25,3
1586433972531632746,first,1,322,44,2,second,2,348,48,3,zero,0,608,28,5
1586433972659649566,first,1,429,52,3,second,2,459,54,1,zero,0,688,41,7
1586433972723729225,first,1,486,54,4,second,2,515,54,2,zero,0,739,48,7
1586433972851832710,first,1,610,61,6,second,2,629,54,3,zero,0,857,59,6
1586433972915651947,first,1,676,64,6,second,2,688,57,1,zero,0,919,60,6
1586433973043649412,first,1,818,69,4,second,2,815,62,3,zero,0,1042,61,6
1586433973107587812,first,1,892,71,4,second,2,883,66,4,zero,0,1101,59,3
1586433973235686419,first,1,1040,73,2,second,2,1029,71,5,zero,0,1213,55,4
1586433973363597442,first,1,1189,73,4,second,2,1181,76,2,zero,0,1319,51,4
1586433973427708957,first,1,1262,73,3,second,2,1260,77,3,zero,0,1371,51,4
1586433973555705797,first,1,1404,70,3,second,2,1411,75,2,zero,0,1477,51,4
1586433973619678151,first,1,1474,69,3,second,2,1483,73,2,zero,0,1532,51,6
1586433973747642582,first,1,1610,68,2,second,2,1621,68,1,zero,0,1638,51,2
1586433973811710899,first,1,1678,67,1,second,2,1684,64,1,zero,0,1688,50,3
1586433973939691178,first,1,1805,62,1,second,2,1800,57,1,zero,0,1781,45,1
1586433974067640208,first,1,1903,47,8,second,2,1897,42,6,zero,0,1861,37,1
1586433974131601035,first,1,1913,16,0,second,2,1908,11,1,zero,0,1897,36,1
1586433974259615789,first,1,1916,0,0,second,2,1909,0,0,zero,0,1924,1,0
1586433974323638881,first,1,1918,0,0,second,2,1911,0,0,zero,0,1924,0,0
1586433974451787873,first,1,1921,0,0,second,2,1914,0,0,zero,0,1925,0,0
1586433974515706525,first,1,1923,0,0,second,2,1916,0,0,zero,0,1924,0,0
1586433974643748506,first,1,1926,0,0,second,2,1920,0,0,zero,0,1924,0,0
1586433974707754279,first,1,1928,0,0,second,2,1922,0,0,zero,0,1925,0,0
1586433974835702208,first,1,1932,0,0,second,2,1925,0,0,zero,0,1925,0,0
1586433974963612375,first,1,1935,0,0,second,2,1928,0,0,zero,0,1925,0,0
1586433975027763227,first,1,1937,0,0,second,2,1930,0,0,zero,0,1929,1,1
1586433975155640622,first,1,1940,0,0,second,2,1933,0,0,zero,0,1953,11,1
1586433975219660177,first,1,1942,0,0,second,2,1938,2,1,zero,0,1965,11,1
1586433975347752012,first,1,1960,9,1,second,2,1977,21,1,zero,0,1991,11,1
1586433975411681918,first,1,1982,18,3,second,2,2001,22,1,zero,0,2005,11,1
1586433975539736071,first,1,2047,31,2,second,2,2048,22,1,zero,0,2044,21,4
1586433975667702943,first,1,2122,36,1,second,2,2097,22,1,zero,0,2106,31,3
1586433975731873937,first,1,2150,32,-15,second,2,2123,24,1,zero,0,2144,36,5
1586433975859641140,first,1,2164,4,2,second,2,2194,36,1,zero,0,2230,43,4
1586433975923634448,first,1,2181,12,2,second,2,2235,38,1,zero,0,2277,44,4
1586433976051668802,first,1,2249,34,4,second,2,2316,38,1,zero,0,2365,42,2
1586433976115671097,first,1,2299,45,5,second,2,2356,38,1,zero,0,2405,39,3
1586433976243651154,first,1,2421,61,5,second,2,2436,38,1,zero,0,2489,40,5
1586433976307710742,first,1,2490,65,3,second,2,2476,38,1,zero,0,2534,43,6
1586433976435639778,first,1,2629,67,2,second,2,2570,46,4,zero,0,2638,52,5
1586433976563659078,first,1,2755,61,1,second,2,2681,55,4,zero,0,2759,60,7
1586433976627738415,first,1,2810,55,1,second,2,2744,60,3,zero,0,2824,63,6
1586433976755731958,first,1,2911,50,1,second,2,2885,70,4,zero,0,2959,66,4
1586433976819732997,first,1,2964,50,2,second,2,2962,74,3,zero,0,3024,66,4
1586433976948066021,first,1,3072,53,3,second,2,3115,75,2,zero,0,3151,63,4
1586433977011950040,first,1,3132,57,4,second,2,3189,73,2,zero,0,3211,61,2
1586433977139819587,first,1,3270,68,3,second,2,3326,66,1,zero,0,3325,56,2
1586433977268095525,first,1,3420,74,5,second,2,3445,57,1,zero,0,3436,53,4
1586433977331808355,first,1,3498,76,3,second,2,3498,53,1,zero,0,3489,52,3
1586433977459616096,first,1,3650,75,2,second,2,3605,52,2,zero,0,3595,51,6
1586433977523709509,first,1,3721,71,1,second,2,3660,53,2,zero,0,3647,51,3
1586433977651778823,first,1,3786,23,2,second,2,3779,58,2,zero,0,3748,48,2
1586433977715685551,first,1,3788,2,0,second,2,3841,60,1,zero,0,3793,45,1
1586433977843885634,first,1,3816,15,4,second,2,3903,14,0,zero,0,3856,24,1
1586433977907629514,first,1,3850,28,5,second,2,3904,0,0,zero,0,3858,2,0
1586433978035746091,first,1,3945,47,1,second,2,3905,0,0,zero,0,3870,7,3
1586433978163690489,first,1,3995,16,0,second,2,3926,14,3,zero,0,3908,19,2
1586433978227685973,first,1,3995,1,0,second,2,3953,24,2,zero,0,3933,23,1
1586433978355766120,first,1,3996,0,0,second,2,4027,37,1,zero,0,3953,0,0
1586433978419766813,first,1,4001,1,1,second,2,4057,30,3,zero,0,3953,0,0
1586433978547646349,first,1,4041,20,1,second,2,4063,0,0,zero,0,3967,8,2
1586433978611933481,first,1,4071,27,1,second,2,4063,0,0,zero,0,3984,14,1
1586433978739716406,first,1,4096,6,0,second,2,4063,0,0,zero,0,4016,13,0
1586433978867802866,first,1,4096,0,0,second,2,4065,0,0,zero,0,4016,0,0
1586433978931707472,first,1,4096,0,0,second,2,4067,0,0,zero,0,4016,0,0
1586433979059758597,first,1,4096,0,0,second,2,4068,0,0,zero,0,4016,0,0
1586433979123718361,first,1,4096,0,0,second,2,4067,0,0,zero,0,4016,0,0
1586433979251754443,first,1,4096,0,0,second,2,4068,0,0,zero,0,4015,0,-1
1586433979315807329,first,1,4096,0,0,second,2,4068,0,0,zero,0,4009,-3,-1
1586433979443884133,first,1,4096,0,-1,second,2,4067,0,0,zero,0,3985,-11,-1
1586433979507812272,first,1,4096,0,0,second,2,4067,0,0,zero,0,3973,-11,-2
1586433979635812596,first,1,4096,0,-2,second,2,4068,0,0,zero,0,3947,-11,-3
1586433979763720478,first,1,4087,-4,-2,second,2,4067,0,-1,zero,0,3914,-15,-5
1586433979827682460,first,1,4074,-10,-3,second,2,4068,0,0,zero,0,3895,-17,-3
1586433979955794654,first,1,4045,-12,-2,second,2,4068,0,-3,zero,0,3857,-17,-6
1586433980019759216,first,1,4031,-12,-2,second,2,4067,0,-5,zero,0,3834,-20,-5
1586433980147692541,first,1,4002,-13,-3,second,2,4046,-10,-6,zero,0,3780,-27,-3
1586433980211642128,first,1,3985,-14,-4,second,2,4029,-14,-5,zero,0,3747,-30,-6
1586433980339687431,first,1,3947,-18,-5,second,2,3984,-22,-8,zero,0,3677,-33,-5
1586433980467818021,first,1,3901,-22,-7,second,2,3920,-31,-8,zero,0,3606,-33,-6
1586433980531707222,first,1,3874,-24,-8,second,2,3883,-34,-9,zero,0,3573,-32,-4
1586433980659773403,first,1,3804,-34,-9,second,2,3801,-40,-8,zero,0,3508,-31,-5
1586433980723848506,first,1,3763,-38,-8,second,2,3757,-42,-7,zero,0,3474,-31,-6
1586433980851740590,first,1,3677,-42,-9,second,2,3662,-46,-9,zero,0,3399,-35,-8
1586433980915735286,first,1,3633,-42,-8,second,2,3613,-47,-9,zero,0,3361,-37,-6
1586433981044172857,first,1,3541,-44,-10,second,2,3512,-49,-7,zero,0,3281,-38,-6
1586433981107720307,first,1,3493,-46,-10,second,2,3461,-49,-7,zero,0,3239,-39,-6
1586433981235786152,first,1,3395,-47,-11,second,2,3362,-48,-8,zero,0,3152,-42,-8
1586433981363830390,first,1,3292,-50,-11,second,2,3264,-48,-7,zero,0,3069,-40,-5
1586433981427734299,first,1,3239,-51,-11,second,2,3215,-48,-9,zero,0,3033,-37,-6
1586433981555780083,first,1,3135,-51,-9,second,2,3116,-48,-9,zero,0,2959,-36,-6
1586433981619793629,first,1,3085,-50,-10,second,2,3067,-48,-6,zero,0,2923,-36,-4
1586433981747820433,first,1,2986,-49,-8,second,2,2968,-48,-7,zero,0,2852,-34,-3
1586433981811725886,first,1,2938,-48,-11,second,2,2919,-48,-7,zero,0,2818,-33,-2
1586433981939762042,first,1,2840,-47,-8,second,2,2821,-47,-7,zero,0,2758,-29,-3
1586433982067778046,first,1,2750,-44,-9,second,2,2730,-43,-6,zero,0,2702,-27,-3
1586433982131796054,first,1,2705,-44,-8,second,2,2688,-41,-6,zero,0,2675,-26,-2
1586433982259823395,first,1,2620,-41,-7,second,2,2613,-36,-7,zero,0,2625,-23,-5
1586433982323865237,first,1,2580,-40,-6,second,2,2579,-33,-6,zero,0,2603,-22,-1
1586433982451846114,first,1,2502,-37,-5,second,2,2515,-30,-3,zero,0,2570,-15,-5
1586433982515746754,first,1,2466,-36,-7,second,2,2486,-28,-5,zero,0,2555,-14,-4
1586433982643730199,first,1,2397,-33,-4,second,2,2431,-26,-6,zero,0,2522,-14,-5
1586433982707826970,first,1,2367,-30,-3,second,2,2403,-26,-5,zero,0,2504,-16,-4
1586433982835702793,first,1,2319,-21,-3,second,2,2349,-26,-3,zero,0,2462,-19,-5
1586433982962965206,first,1,2286,-15,-2,second,2,2297,-24,-4,zero,0,2410,-25,-4
1586433983027879069,first,1,2270,-14,-2,second,2,2273,-24,-1,zero,0,2379,-29,-3
1586433983155929947,first,1,2237,-15,-3,second,2,2231,-19,-4,zero,0,2315,-30,-1
1586433983219860379,first,1,2220,-15,-3,second,2,2215,-15,-2,zero,0,2284,-30,-2
1586433983348107935,first,1,2184,-16,-5,second,2,2187,-13,-5,zero,0,2227,-26,-4
1586433983412014171,first,1,2165,-17,-5,second,2,2172,-13,-3,zero,0,2203,-24,-3
1586433983539997760,first,1,2125,-18,-4,second,2,2141,-14,-4,zero,0,2155,-23,-5
1586433983668030920,first,1,2086,-18,-6,second,2,2106,-16,-3,zero,0,2096,-29,-6
1586433983731794748,first,1,2067,-18,-6,second,2,2086,-17,-5,zero,0,2063,-32,-3
1586433983859824176,first,1,2029,-18,-3,second,2,2038,-23,-6,zero,0,1992,-34,-5
1586433983923864041,first,1,2009,-18,-6,second,2,2010,-26,-7,zero,0,1957,-34,-7
1586433984051932614,first,1,1965,-21,-7,second,2,1953,-27,-7,zero,0,1884,-34,-5
1586433984115901278,first,1,1938,-24,-6,second,2,1923,-27,-6,zero,0,1847,-35,-7
1586433984243864373,first,1,1872,-31,-6,second,2,1862,-29,-6,zero,0,1769,-37,-8
1586433984307786877,first,1,1835,-35,-7,second,2,1829,-31,-5,zero,0,1727,-40,-7
1586433984436041440,first,1,1756,-38,-8,second,2,1760,-34,-8,zero,0,1637,-43,-8
1586433984563986188,first,1,1674,-40,-9,second,2,1682,-37,-7,zero,0,1544,-45,-7
1586433984627771967,first,1,1631,-40,-9,second,2,1639,-41,-10,zero,0,1495,-46,-7
1586433984755725612,first,1,1545,-42,-9,second,2,1546,-46,-11,zero,0,1399,-46,-6
1586433984819931447,first,1,1502,-42,-10,second,2,1496,-49,-9,zero,0,1353,-46,-5
1586433984947858095,first,1,1410,-44,-10,second,2,1385,-54,-9,zero,0,1263,-43,-7
1586433985011845971,first,1,1363,-44,-10,second,2,1329,-55,-7,zero,0,1219,-43,-7
1586433985139808389,first,1,1266,-47,-11,second,2,1216,-55,-8,zero,0,1133,-42,-8
1586433985268052552,first,1,1163,-50,-13,second,2,1110,-52,-7,zero,0,1050,-41,-6
1586433985331940148,first,1,1109,-52,-13,second,2,1062,-49,-7,zero,0,1007,-41,-6
1586433985460062748,first,1,999,-53,-11,second,2,969,-44,-7,zero,0,921,-41,-6
1586433985524068662,first,1,948,-53,-11,second,2,924,-43,-8,zero,0,881,-40,-4
1586433985651767255,first,1,842,-52,-8,second,2,834,-43,-7,zero,0,810,-34,-3
1586433985715817911,first,1,791,-50,-8,second,2,789,-43,-7,zero,0,777,-33,-6
1586433985843906852,first,1,696,-46,-9,second,2,701,-42,-6,zero,0,709,-33,-5
1586433985907887798,first,1,652,-44,-8,second,2,660,-41,-8,zero,0,676,-31,-2
1586433986036196089,first,1,569,-41,-8,second,2,580,-39,-7,zero,0,617,-28,-3
1586433986163906336,first,1,488,-39,-6,second,2,504,-36,-6,zero,0,568,-22,-3
1586433986228042083,first,1,448,-38,-7,second,2,469,-34,-5,zero,0,551,-17,-3
1586433986355985795,first,1,374,-36,-4,second,2,404,-32,-5,zero,0,515,-16,-5
1586433986420092672,first,1,340,-33,-5,second,2,373,-30,-3,zero,0,497,-16,-5
1586433986548258542,first,1,278,-29,-4,second,2,317,-26,-5,zero,0,458,-18,-2
1586433986611886940,first,1,253,-25,-3,second,2,290,-26,-4,zero,0,439,-18,-2
1586433986739983596,first,1,215,-18,-1,second,2,238,-24,-4,zero,0,399,-18,-2
1586433986868080791,first,1,184,-14,-1,second,2,190,-22,-1,zero,0,369,-13,-1
1586433986931878220,first,1,170,-14,-2,second,2,171,-18,-3,zero,0,358,-10,-1
1586433987060001748,first,1,144,-11,-1,second,2,146,-10,-1,zero,0,355,0,-1
1586433987123972680,first,1,133,-11,-2,second,2,137,-8,-1,zero,0,355,0,-1
1586433987252162436,first,1,113,-9,-1,second,2,123,-6,-1,zero,0,355,0,0
1586433987315951164,first,1,109,-5,0,second,2,120,-3,0,zero,0,355,0,0
1586433987443984298,first,1,109,0,0,second,2,120,0,0,zero,0,355,0,0
1586433987508000702,first,1,109,0,0,second,2,120,0,0,zero,0,359,1,2
1586433987636049813,first,1,109,0,0,second,2,120,0,0,zero,0,391,17,2
1586433987763989322,first,1,116,1,1,second,2,125,2,1,zero,0,440,23,1
1586433987827818296,first,1,131,10,2,second,2,141,13,2,zero,0,466,24,1
1586433987955929885,first,1,188,28,4,second,2,202,32,4,zero,0,515,23,2
1586433988020130321,first,1,227,35,4,second,2,243,38,2,zero,0,541,24,3
1586433988148038195,first,1,321,45,4,second,2,340,47,2,zero,0,605,31,4
1586433988212180968,first,1,373,49,5,second,2,394,51,1,zero,0,643,36,5
1586433988340043330,first,1,487,55,4,second,2,509,56,3,zero,0,735,46,7
1586433988468039128,first,1,610,60,6,second,2,632,60,2,zero,0,852,58,5
1586433988531994843,first,1,676,63,6,second,2,695,61,3,zero,0,914,61,5
1586433988660120318,first,1,817,69,4,second,2,827,64,2,zero,0,1039,61,4
1586433988724329129,first,1,891,72,6,second,2,894,65,3,zero,0,1100,61,5
1586433988852013978,first,1,1043,75,2,second,2,1040,71,4,zero,0,1216,57,3
1586433988916014305,first,1,1120,76,4,second,2,1115,74,3,zero,0,1271,54,4
1586433989044027131,first,1,1272,76,5,second,2,1271,77,2,zero,0,1379,51,5
1586433989107987097,first,1,1347,75,2,second,2,1349,77,2,zero,0,1432,51,5
1586433989236126547,first,1,1493,72,3,second,2,1497,72,1,zero,0,1541,52,5
1586433989363938471,first,1,1631,68,2,second,2,1636,68,1,zero,0,1649,53,3
1586433989427957502,first,1,1697,66,3,second,2,1700,64,1,zero,0,1701,52,3
1586433989556105161,first,1,1821,60,1,second,2,1816,57,1,zero,0,1800,48,1
1586433989620130150,first,1,1877,57,1,second,2,1872,55,1,zero,0,1845,45,2
1586433989747981362,first,1,1969,44,7,second,2,1923,11,0,zero,0,1922,36,1
1586433989811951134,first,1,1979,15,0,second,2,1927,2,1,zero,0,1946,24,-3
1586433989939951236,first,1,1979,0,0,second,2,1969,23,1,zero,0,1948,0,0
1586433990067985745,first,1,1980,0,0,second,2,2023,24,-5,zero,0,1950,0,0
1586433990131876740,first,1,1982,0,0,second,2,2027,4,1,zero,0,1954,1,2
1586433990260155023,first,1,1988,1,1,second,2,2028,0,-1,zero,0,1973,7,1
1586433990324191667,first,1,2003,10,1,second,2,2027,0,0,zero,0,1978,5,0
1586433990452506845,first,1,2041,18,1,second,2,2027,0,0,zero,0,1980,0,0
1586433990516339770,first,1,2042,3,0,second,2,2028,0,0,zero,0,1982,0,0
1586433990644657866,first,1,2042,0,0,second,2,2028,0,0,zero,0,1986,1,3
1586433990708031881,first,1,2042,0,0,second,2,2027,0,0,zero,0,1999,10,3
1586433990836021154,first,1,2042,0,0,second,2,2027,0,0,zero,0,2036,18,1
1586433990964136488,first,1,2043,0,0,second,2,2030,0,0,zero,0,2069,14,0
1586433991028678496,first,1,2045,0,0,second,2,2031,0,0,zero,0,2069,0,0
1586433991155975145,first,1,2048,0,0,second,2,2035,0,0,zero,0,2080,7,2
1586433991220055679,first,1,2050,0,0,second,2,2039,2,1,zero,0,2097,15,3
1586433991348104582,first,1,2057,1,2,second,2,2080,22,3,zero,0,2151,27,3
1586433991412560230,first,1,2072,10,3,second,2,2113,29,1,zero,0,2184,30,2
1586433991540010954,first,1,2137,32,3,second,2,2183,33,1,zero,0,2252,33,4
1586433991668359757,first,1,2238,50,2,second,2,2253,33,1,zero,0,2331,37,4
1586433991732089100,first,1,2297,56,4,second,2,2289,33,2,zero,0,2374,41,6
1586433991860004664,first,1,2422,61,1,second,2,2377,43,3,zero,0,2472,48,5
1586433991923903443,first,1,2483,61,2,second,2,2429,48,5,zero,0,2524,51,6
1586433992051815878,first,1,2597,55,1,second,2,2546,58,4,zero,0,2641,57,6
1586433992115940769,first,1,2650,52,2,second,2,2614,64,4,zero,0,2702,60,6
1586433992243953161,first,1,2757,52,3,second,2,2759,71,3,zero,0,2829,62,5
1586433992307840304,first,1,2814,54,2,second,2,2834,72,4,zero,0,2893,62,6
1586433992435835441,first,1,2937,61,4,second,2,2983,72,2,zero,0,3020,63,4
1586433992564031914,first,1,3078,70,6,second,2,3122,68,1,zero,0,3141,60,4
1586433992628000332,first,1,3154,73,6,second,2,3185,63,1,zero,0,3201,60,5
1586433992756102965,first,1,3311,77,3,second,2,3306,60,2,zero,0,3325,60,5
1586433992820044609,first,1,3387,76,2,second,2,3366,59,2,zero,0,3385,60,3
1586433992948103007,first,1,3533,71,1,second,2,3487,60,3,zero,0,3502,56,3
1586433993012027805,first,1,3597,65,1,second,2,3551,61,4,zero,0,3557,54,4
1586433993139945645,first,1,3702,50,8,second,2,3680,64,3,zero,0,3662,50,2
1586433993268026074,first,1,3718,3,3,second,2,3811,65,1,zero,0,3756,44,1
1586433993331837146,first,1,3737,13,4,second,2,3860,49,9,zero,0,3797,41,1
1586433993460001998,first,1,3820,42,5,second,2,3875,0,0,zero,0,3826,3,0
1586433993524034523,first,1,3877,52,3,second,2,3875,0,0,zero,0,3828,0,1
1586433993651855382,first,1,3984,53,11,second,2,3881,3,2,zero,0,3863,19,4
1586433993715891804,first,1,3998,20,1,second,2,3897,13,1,zero,0,3890,25,3
1586433993843916896,first,1,3998,0,0,second,2,3964,35,3,zero,0,3948,27,1
1586433993907895314,first,1,3999,0,0,second,2,4006,41,3,zero,0,3968,19,1
1586433994035808993,first,1,4004,1,2,second,2,4087,35,3,zero,0,3969,0,0
1586433994164030291,first,1,4046,21,1,second,2,4095,0,-2,zero,0,3983,8,1
1586433994228039810,first,1,4078,28,2,second,2,4095,0,0,zero,0,3999,13,2
1586433994355920856,first,1,4142,31,5,second,2,4096,0,0,zero,0,4031,13,0
1586433994419962238,first,1,4147,10,-1,second,2,4095,0,0,zero,0,4031,0,0
1586433994548075616,first,1,4147,0,0,second,2,4097,0,0,zero,0,4033,0,0
1586433994612095339,first,1,4147,0,0,second,2,4098,0,0,zero,0,4034,0,0
1586433994739935784,first,1,4147,0,0,second,2,4098,0,0,zero,0,4037,0,0
1586433994868055457,first,1,4147,0,-2,second,2,4099,0,0,zero,0,4038,0,0
1586433994932041700,first,1,4147,0,-2,second,2,4100,0,0,zero,0,4037,0,-2
1586433995060000366,first,1,4147,0,-2,second,2,4100,0,0,zero,0,4015,-11,-3
1586433995123927479,first,1,4146,0,-3,second,2,4100,0,0,zero,0,4001,-12,-2
1586433995251944339,first,1,4125,-10,-3,second,2,4100,0,0,zero,0,3974,-12,-1
1586433995315980158,first,1,4111,-12,-2,second,2,4100,0,-1,zero,0,3959,-13,-5
1586433995443953263,first,1,4080,-13,-4,second,2,4100,0,-1,zero,0,3923,-17,-3
1586433995507908521,first,1,4062,-14,-3,second,2,4099,0,-2,zero,0,3902,-18,-3
1586433995635928659,first,1,4032,-14,-3,second,2,4082,-9,-5,zero,0,3853,-23,-6
1586433995764063755,first,1,4001,-14,-4,second,2,4051,-14,-4,zero,0,3794,-29,-5
1586433995827934703,first,1,3985,-14,-3,second,2,4032,-17,-8,zero,0,3761,-31,-4
1586433995955944932,first,1,3947,-17,-3,second,2,3978,-27,-7,zero,0,3690,-33,-7
1586433996019951192,first,1,3926,-19,-6,second,2,3945,-31,-7,zero,0,3654,-34,-4
1586433996148079200,first,1,3871,-26,-8,second,2,3869,-36,-6,zero,0,3584,-34,-4
1586433996212067054,first,1,3835,-33,-8,second,2,3830,-37,-7,zero,0,3549,-34,-6
1586433996340198522,first,1,3752,-39,-7,second,2,3749,-39,-9,zero,0,3477,-34,-7
1586433996468226097,first,1,3665,-42,-8,second,2,3660,-43,-9,zero,0,3397,-37,-7
1586433996532154451,first,1,3620,-43,-8,second,2,3612,-46,-8,zero,0,3357,-38,-9
1586433996660156762,first,1,3529,-43,-9,second,2,3511,-49,-10,zero,0,3274,-40,-5
1586433996724183951,first,1,3482,-45,-9,second,2,3458,-51,-9,zero,0,3232,-40,-8
1586433996852214106,first,1,3383,-47,-9,second,2,3351,-53,-8,zero,0,3147,-41,-7
1586433996916109490,first,1,3332,-48,-10,second,2,3298,-53,-7,zero,0,3105,-41,-5
1586433997044188649,first,1,3227,-51,-9,second,2,3193,-50,-8,zero,0,3029,-37,-6
1586433997108338738,first,1,3174,-51,-12,second,2,3143,-50,-8,zero,0,2992,-37,-4
1586433997236097069,first,1,3066,-52,-10,second,2,3043,-49,-8,zero,0,2920,-35,-6
1586433997364017491,first,1,2964,-51,-10,second,2,2943,-49,-7,zero,0,2847,-35,-5
1586433997428343436,first,1,2913,-50,-10,second,2,2893,-47,-5,zero,0,2813,-34,-5
1586433997556182388,first,1,2816,-47,-8,second,2,2803,-44,-7,zero,0,2752,-29,-4
1586433997620151413,first,1,2770,-46,-7,second,2,2760,-42,-5,zero,0,2723,-29,-4
1586433997748064550,first,1,2682,-42,-8,second,2,2678,-40,-6,zero,0,2664,-28,-2
1586433997812254269,first,1,2642,-41,-8,second,2,2640,-37,-5,zero,0,2635,-28,-1
1586433997939450828,first,1,2561,-40,-5,second,2,2569,-33,-6,zero,0,2588,-21,-1
1586433998068375214,first,1,2482,-37,-5,second,2,2505,-31,-5,zero,0,2563,-11,-3
1586433998132265411,first,1,2446,-36,-5,second,2,2474,-30,-5,zero,0,2548,-12,-3
1586433998260278648,first,1,2381,-31,-4,second,2,2417,-27,-5,zero,0,2515,-15,-5
1586433998324112072,first,1,2354,-28,-2,second,2,2388,-27,-3,zero,0,2495,-17,-4
1586433998452012411,first,1,2313,-19,-3,second,2,2335,-25,-4,zero,0,2448,-22,-6
1586433998516026377,first,1,2296,-16,-4,second,2,2310,-25,-4,zero,0,2420,-25,-4
1586433998644369034,first,1,2263,-14,-4,second,2,2258,-25,-3,zero,0,2357,-29,-1
1586433998708155974,first,1,2247,-15,-2,second,2,2234,-23,-3,zero,0,2328,-29,-3
1586433998836104155,first,1,2211,-16,-5,second,2,2193,-18,-3,zero,0,2269,-28,-2
1586433998964187848,first,1,2171,-18,-6,second,2,2163,-13,-2,zero,0,2214,-27,-1
1586433999028169964,first,1,2151,-18,-6,second,2,2150,-12,-3,zero,0,2189,-25,-2
1586433999156133312,first,1,2110,-19,-5,second,2,2121,-12,-3,zero,0,2138,-24,-4
1586433999220115517,first,1,2089,-19,-4,second,2,2106,-13,-5,zero,0,2113,-24,-5
1586433999348077574,first,1,2048,-19,-5,second,2,2070,-16,-4,zero,0,2051,-31,-4
1586433999412030117,first,1,2029,-19,-5,second,2,2051,-17,-7,zero,0,2017,-32,-5
1586433999539968109,first,1,1989,-19,-5,second,2,2002,-25,-4,zero,0,1948,-33,-7
1586433999668154444,first,1,1943,-21,-5,second,2,1945,-27,-6,zero,0,1873,-36,-8
1586433999731994046,first,1,1917,-23,-7,second,2,1915,-28,-6,zero,0,1834,-36,-7
1586433999860157398,first,1,1855,-29,-8,second,2,1851,-31,-6,zero,0,1753,-40,-7
1586433999924280591,first,1,1818,-34,-7,second,2,1817,-31,-7,zero,0,1710,-41,-5
1586434000052138972,first,1,1739,-37,-8,second,2,1744,-36,-6,zero,0,1623,-42,-6
1586434000116063523,first,1,1699,-39,-8,second,2,1706,-37,-8,zero,0,1578,-43,-6
1586434000243950499,first,1,1616,-40,-8,second,2,1621,-42,-10,zero,0,1482,-46,-8
1586434000308222810,first,1,1573,-40,-9,second,2,1574,-45,-9,zero,0,1433,-48,-7
1586434000436050751,first,1,1486,-41,-10,second,2,1473,-50,-9,zero,0,1338,-46,-6
1586434000564139556,first,1,1395,-44,-8,second,2,1367,-52,-9,zero,0,1246,-44,-7
1586434000628190638,first,1,1346,-45,-11,second,2,1313,-53,-7,zero,0,1201,-44,-6
1586434000756193210,first,1,1248,-48,-9,second,2,1204,-53,-8,zero,0,1113,-43,-7
1586434000820215372,first,1,1196,-49,-12,second,2,1152,-52,-7,zero,0,1070,-42,-6
1586434000948295496,first,1,1093,-50,-10,second,2,1049,-51,-8,zero,0,990,-39,-7
1586434001012279395,first,1,1040,-50,-9,second,2,998,-50,-6,zero,0,950,-39,-7
1586434001140181555,first,1,935,-51,-10,second,2,901,-46,-8,zero,0,876,-36,-4
1586434001268260365,first,1,830,-51,-10,second,2,813,-43,-6,zero,0,804,-35,-6
1586434001332244297,first,1,778,-51,-9,second,2,771,-41,-6,zero,0,769,-35,-6
1586434001460248690,first,1,681,-47,-9,second,2,689,-39,-7,zero,0,703,-32,-3
1586434001524223882,first,1,635,-45,-9,second,2,650,-39,-7,zero,0,670,-31,-2
1586434001652524339,first,1,552,-41,-6,second,2,572,-38,-6,zero,0,610,-29,-3
1586434001716245778,first,1,512,-39,-7,second,2,534,-37,-5,zero,0,582,-28,-2
1586434001844537400,first,1,434,-37,-6,second,2,463,-34,-5,zero,0,532,-22,-2
1586434001908063252,first,1,397,-36,-6,second,2,429,-33,-5,zero,0,514,-18,-3
1586434002036063407,first,1,327,-34,-3,second,2,365,-30,-5,zero,0,480,-16,-3
1586434002164325546,first,1,264,-29,-3,second,2,308,-27,-6,zero,0,445,-16,-4
1586434002228248412,first,1,240,-25,-2,second,2,280,-27,-6,zero,0,428,-16,-5
1586434002356042034,first,1,203,-17,-2,second,2,227,-25,-4,zero,0,392,-17,-1
1586434002420120472,first,1,190,-13,-1,second,2,203,-24,-3,zero,0,377,-14,-2
1586434002548024235,first,1,165,-11,-1,second,2,160,-20,-2,zero,0,358,-7,-2
1586434002612107754,first,1,153,-11,-1,second,2,145,-14,-1,zero,0,347,-8,-2
1586434002740064436,first,1,130,-11,-1,second,2,127,-7,-1,zero,0,342,0,0
1586434002868086750,first,1,110,-8,-1,second,2,117,-3,0,zero,0,342,0,0
1586434002932215874,first,1,105,-6,0,second,2,117,0,0,zero,0,341,0,0
1586434003060306974,first,1,105,0,0,second,2,117,0,0,zero,0,343,0,0
1586434003124301018,first,1,105,0,0,second,2,117,0,0,zero,0,346,1,2
1586434003252327266,first,1,106,0,0,second,2,117,0,0,zero,0,380,19,3
1586434003316333319,first,1,109,0,0,second,2,118,0,0,zero,0,405,23,2
1586434003444232831,first,1,128,10,2,second,2,138,13,2,zero,0,456,24,1
1586434003507527035,first,1,153,20,2,second,2,163,23,2,zero,0,482,24,1
1586434003636262668,first,1,225,36,5,second,2,238,38,2,zero,0,539,27,3
1586434003764342854,first,1,319,45,3,second,2,336,48,3,zero,0,607,33,5
1586434003828326899,first,1,372,50,4,second,2,390,51,2,zero,0,647,37,6
1586434003956360728,first,1,487,55,3,second,2,507,56,1,zero,0,742,48,6
1586434004020091224,first,1,548,58,5,second,2,567,58,3,zero,0,795,51,7
1586434004148107747,first,1,678,64,4,second,2,695,62,3,zero,0,915,59,4
1586434004212061080,first,1,748,67,5,second,2,760,63,2,zero,0,975,59,5
1586434004340028186,first,1,896,73,4,second,2,899,68,4,zero,0,1095,59,5
1586434004468111647,first,1,1049,75,3,second,2,1049,73,3,zero,0,1215,59,4
1586434004532135643,first,1,1125,75,3,second,2,1127,77,5,zero,0,1273,57,4
1586434004660116429,first,1,1278,75,4,second,2,1283,78,3,zero,0,1387,56,4
1586434004724043396,first,1,1353,75,3,second,2,1361,78,2,zero,0,1444,55,3
1586434004852079483,first,1,1501,73,2,second,2,1512,74,1,zero,0,1553,53,4
1586434004916071928,first,1,1572,72,4,second,2,1582,71,1,zero,0,1607,53,4
1586434005044235286,first,1,1713,68,2,second,2,1712,63,1,zero,0,1713,52,3
1586434005108190666,first,1,1778,66,1,second,2,1771,59,1,zero,0,1764,50,2
1586434005236198567,first,1,1895,56,1,second,2,1882,55,1,zero,0,1851,41,1
1586434005364392314,first,1,1947,17,0,second,2,1976,41,4,zero,0,1923,34,1
1586434005428113145,first,1,1948,1,0,second,2,1988,11,1,zero,0,1946,23,2
1586434005556234264,first,1,1967,10,1,second,2,1987,0,0,zero,0,1947,0,0
1586434005620417074,first,1,1990,19,1,second,2,1987,0,0,zero,0,1948,0,0
1586434005748123698,first,1,2009,4,0,second,2,1987,0,0,zero,0,1954,1,2
1586434005812201770,first,1,2009,0,0,second,2,1987,0,0,zero,0,1962,6,1
1586434005940156233,first,1,2009,0,0,second,2,1988,0,0,zero,0,1967,0,0
1586434006068284186,first,1,2009,0,0,second,2,1989,0,0,zero,0,1967,0,0
1586434006132306149,first,1,2009,0,0,second,2,1989,0,0,zero,0,1968,0,0
1586434006260302221,first,1,2009,0,0,second,2,1989,0,0,zero,0,1972,0,0
1586434006324453247,first,1,2009,0,0,second,2,1991,0,0,zero,0,1975,1,1
1586434006452330600,first,1,2009,0,0,second,2,1995,0,0,zero,0,2000,12,1
1586434006516697260,first,1,2009,0,0,second,2,1996,0,0,zero,0,2016,15,1
1586434006644496177,first,1,2010,0,0,second,2,2002,3,1,zero,0,2054,18,1
1586434006708373263,first,1,2012,0,0,second,2,2017,13,1,zero,0,2072,17,1
1586434006836287619,first,1,2031,10,2,second,2,2072,28,1,zero,0,2109,17,2
1586434006964386783,first,1,2093,31,3,second,2,2126,22,-11,zero,0,2159,25,2
1586434007028319109,first,1,2135,38,3,second,2,2130,4,0,zero,0,2192,30,4
1586434007156328107,first,1,2229,45,1,second,2,2152,15,3,zero,0,2266,37,2
1586434007220416605,first,1,2264,40,-3,second,2,2183,28,4,zero,0,2308,39,3
1586434007348315452,first,1,2277,1,2,second,2,2278,48,5,zero,0,2394,41,4
1586434007412362625,first,1,2292,10,3,second,2,2336,55,3,zero,0,2436,41,3
1586434007540312729,first,1,2364,37,6,second,2,2462,60,1,zero,0,2521,41,3
1586434007668285336,first,1,2483,60,7,second,2,2569,45,5,zero,0,2608,43,6
1586434007732262455,first,1,2557,69,7,second,2,2581,13,1,zero,0,2658,47,5
1586434007860308378,first,1,2716,79,3,second,2,2613,19,5,zero,0,2770,56,7
1586434007924309408,first,1,2794,78,2,second,2,2650,34,7,zero,0,2829,57,6
1586434008052321901,first,1,2874,28,1,second,2,2771,65,8,zero,0,2951,60,5
1586434008116410655,first,1,2880,6,1,second,2,2851,77,7,zero,0,3011,60,4
1586434008244328301,first,1,2928,25,7,second,2,3037,91,4,zero,0,3118,51,1
1586434008308266229,first,1,2976,40,8,second,2,3129,92,1,zero,0,3165,47,3
1586434008436323045,first,1,3119,73,10,second,2,3285,68,17,zero,0,3257,44,4
1586434008564310691,first,1,3314,98,8,second,2,3309,3,0,zero,0,3359,50,4
1586434008628219987,first,1,3419,102,5,second,2,3315,3,3,zero,0,3412,51,5
1586434008755920617,first,1,3596,87,5,second,2,3378,38,8,zero,0,3520,51,1
1586434008820439838,first,1,3624,40,2,second,2,3438,58,11,zero,0,3567,47,1
1586434008948510450,first,1,3630,0,0,second,2,3603,87,9,zero,0,3649,38,1
1586434009012357731,first,1,3633,0,2,second,2,3699,93,4,zero,0,3683,33,1
1586434009140279747,first,1,3686,27,7,second,2,3867,75,18,zero,0,3739,27,1
1586434009267974534,first,1,3799,58,8,second,2,3898,4,0,zero,0,3798,27,1
1586434009332322623,first,1,3875,70,6,second,2,3898,0,0,zero,0,3827,27,1
1586434009460524252,first,1,4030,76,1,second,2,3904,2,3,zero,0,3882,25,1
1586434009524288600,first,1,4087,64,-6,second,2,3924,18,4,zero,0,3899,17,3
1586434009652411586,first,1,4106,4,-3,second,2,4004,44,5,zero,0,3904,1,4
1586434009716404560,first,1,4097,-4,-2,second,2,4058,52,4,zero,0,3920,12,4
1586434009844367294,first,1,4081,-7,0,second,2,4156,43,5,zero,0,3968,24,4
1586434009908312199,first,1,4083,0,0,second,2,4167,11,-2,zero,0,3997,26,1
1586434010036220920,first,1,4101,10,1,second,2,4167,0,0,zero,0,4018,0,0
1586434010164204658,first,1,4153,26,1,second,2,4167,0,0,zero,0,4019,0,0
1586434010228168554,first,1,4174,23,-9,second,2,4167,0,0,zero,0,4021,0,0
1586434010356185570,first,1,4177,0,0,second,2,4167,0,0,zero,0,4026,1,1
1586434010420206585,first,1,4177,0,0,second,2,4167,0,0,zero,0,4030,4,0
1586434010548358653,first,1,4177,0,0,second,2,4167,0,0,zero,0,4030,0,-1
1586434010612340017,first,1,4177,0,0,second,2,4167,0,-1,zero,0,4029,0,-1
1586434010740323659,first,1,4176,0,-2,second,2,4167,0,0,zero,0,4010,-9,-1
1586434010868175697,first,1,4175,0,-3,second,2,4167,0,-1,zero,0,3982,-12,-3
1586434010932143867,first,1,4167,-4,-2,second,2,4167,0,-2,zero,0,3968,-12,-1
1586434011060150508,first,1,4139,-12,-1,second,2,4165,0,-4,zero,0,3940,-12,-5
1586434011124146118,first,1,4123,-13,-2,second,2,4158,-5,-5,zero,0,3923,-15,-5
1586434011252097934,first,1,4091,-14,-4,second,2,4128,-14,-7,zero,0,3883,-18,-6
1586434011316173177,first,1,4074,-15,-2,second,2,4109,-16,-5,zero,0,3861,-20,-5
1586434011444243841,first,1,4038,-16,-4,second,2,4059,-24,-6,zero,0,3799,-31,-8
1586434011508225295,first,1,4019,-16,-3,second,2,4030,-28,-7,zero,0,3763,-35,-8
1586434011636219224,first,1,3975,-21,-6,second,2,3966,-31,-7,zero,0,3684,-37,-6
1586434011764219218,first,1,3914,-29,-8,second,2,3893,-35,-8,zero,0,3605,-38,-4
1586434011828148202,first,1,3876,-35,-9,second,2,3854,-37,-6,zero,0,3569,-35,-7
1586434011956275826,first,1,3788,-42,-9,second,2,3772,-40,-9,zero,0,3497,-34,-6
1586434012020287463,first,1,3744,-43,-9,second,2,3728,-41,-8,zero,0,3459,-35,-6
1586434012148314130,first,1,3651,-44,-10,second,2,3633,-46,-9,zero,0,3376,-39,-7
1586434012212288908,first,1,3603,-45,-9,second,2,3583,-49,-8,zero,0,3334,-40,-10
1586434012340422679,first,1,3504,-48,-11,second,2,3477,-51,-8,zero,0,3247,-41,-5
1586434012468127129,first,1,3403,-48,-11,second,2,3367,-53,-7,zero,0,3162,-41,-7
1586434012532786091,first,1,3351,-50,-10,second,2,3310,-55,-7,zero,0,3118,-41,-8
1586434012660378044,first,1,3244,-52,-10,second,2,3199,-55,-8,zero,0,3038,-40,-6
1586434012724595019,first,1,3189,-53,-9,second,2,3145,-54,-8,zero,0,3000,-37,-6
1586434012852613275,first,1,3079,-53,-10,second,2,3040,-52,-8,zero,0,2927,-36,-5
1586434012916385348,first,1,3024,-53,-10,second,2,2989,-49,-6,zero,0,2891,-36,-4
1586434013044215249,first,1,2917,-53,-9,second,2,2894,-46,-7,zero,0,2819,-34,-4
1586434013108167615,first,1,2863,-52,-9,second,2,2850,-43,-7,zero,0,2787,-31,-4
1586434013236383049,first,1,2765,-48,-8,second,2,2764,-41,-7,zero,0,2726,-30,-2
1586434013364278302,first,1,2675,-43,-7,second,2,2680,-40,-7,zero,0,2667,-28,-3
1586434013428147148,first,1,2635,-41,-6,second,2,2641,-39,-5,zero,0,2638,-28,-2
1586434013556214682,first,1,2555,-38,-7,second,2,2567,-34,-4,zero,0,2585,-24,-1
1586434013620381818,first,1,2516,-38,-7,second,2,2534,-33,-6,zero,0,2568,-17,-1
1586434013748369971,first,1,2441,-36,-5,second,2,2468,-31,-4,zero,0,2539,-13,-2
1586434013812200257,first,1,2407,-34,-4,second,2,2438,-29,-4,zero,0,2525,-13,-5
1586434013940361584,first,1,2343,-30,-3,second,2,2381,-27,-6,zero,0,2490,-16,-4
1586434014068187284,first,1,2298,-21,-3,second,2,2328,-25,-4,zero,0,2447,-19,-8
1586434014132266756,first,1,2281,-17,-2,second,2,2301,-25,-3,zero,0,2422,-23,-3
1586434014260263516,first,1,2248,-15,-2,second,2,2250,-25,-3,zero,0,2361,-29,-5
1586434014324303830,first,1,2232,-15,-2,second,2,2227,-23,-2,zero,0,2330,-29,-5
1586434014452251970,first,1,2199,-15,-5,second,2,2184,-19,-2,zero,0,2269,-29,-5
1586434014516232728,first,1,2182,-15,-5,second,2,2168,-16,-2,zero,0,2241,-27,-1
1586434014644275497,first,1,2145,-17,-4,second,2,2140,-12,-3,zero,0,2190,-25,-5
1586434014708339175,first,1,2125,-18,-3,second,2,2127,-12,-5,zero,0,2164,-25,-1
1586434014836323741,first,1,2085,-18,-2,second,2,2098,-12,-3,zero,0,2107,-27,-4
1586434014964329523,first,1,2047,-18,-5,second,2,2065,-15,-5,zero,0,2042,-31,-5
1586434015028418508,first,1,2027,-18,-5,second,2,2047,-16,-6,zero,0,2009,-32,-6
1586434015156395942,first,1,1987,-18,-7,second,2,1999,-24,-6,zero,0,1939,-33,-5
1586434015220353227,first,1,1964,-20,-6,second,2,1970,-27,-6,zero,0,1903,-34,-6
1586434015348725378,first,1,1914,-24,-7,second,2,1907,-31,-5,zero,0,1830,-34,-8
1586434015412425982,first,1,1883,-26,-6,second,2,1872,-32,-8,zero,0,1791,-36,-8
1586434015540593658,first,1,1814,-34,-8,second,2,1802,-34,-6,zero,0,1708,-41,-9
1586434015668055408,first,1,1736,-37,-7,second,2,1728,-35,-6,zero,0,1619,-43,-6
1586434015732593783,first,1,1695,-39,-9,second,2,1691,-35,-7,zero,0,1574,-43,-8
1586434015860529889,first,1,1609,-41,-7,second,2,1611,-39,-8,zero,0,1477,-46,-8
1586434015924554784,first,1,1565,-41,-9,second,2,1569,-40,-9,zero,0,1427,-48,-9
1586434016052320645,first,1,1479,-42,-9,second,2,1474,-47,-8,zero,0,1329,-48,-7
1586434016116442669,first,1,1433,-43,-9,second,2,1424,-49,-9,zero,0,1281,-46,-6
1586434016244391413,first,1,1339,-46,-11,second,2,1317,-52,-8,zero,0,1193,-42,-5
1586434016308453421,first,1,1289,-47,-11,second,2,1261,-54,-7,zero,0,1151,-41,-8
1586434016436517828,first,1,1187,-49,-11,second,2,1150,-55,-7,zero,0,1072,-39,-7
1586434016564284316,first,1,1083,-51,-9,second,2,1041,-53,-7,zero,0,990,-39,-7
1586434016628423835,first,1,1030,-51,-10,second,2,988,-52,-7,zero,0,947,-40,-7
1586434016756691435,first,1,925,-51,-9,second,2,887,-48,-5,zero,0,865,-41,-5
1586434016820508405,first,1,872,-51,-10,second,2,840,-47,-6,zero,0,827,-39,-4
1586434016948525755,first,1,769,-50,-10,second,2,750,-43,-8,zero,0,754,-35,-5
1586434017012447154,first,1,719,-49,-9,second,2,708,-42,-6,zero,0,718,-35,-3
1586434017140580863,first,1,627,-45,-8,second,2,626,-40,-7,zero,0,652,-31,-3
1586434017268048040,first,1,540,-42,-8,second,2,551,-35,-7,zero,0,595,-28,-2
1586434017332393163,first,1,499,-41,-7,second,2,517,-33,-6,zero,0,567,-27,-3
1586434017460634271,first,1,419,-38,-6,second,2,453,-31,-5,zero,0,519,-21,-1
1586434017524604070,first,1,383,-36,-6,second,2,420,-30,-6,zero,0,502,-16,-2
1586434017652516076,first,1,313,-33,-4,second,2,358,-30,-5,zero,0,472,-14,-4
1586434017716434739,first,1,281,-31,-3,second,2,328,-30,-5,zero,0,454,-15,-5
1586434017844280215,first,1,231,-22,-1,second,2,270,-27,-3,zero,0,416,-17,-2
1586434017908414566,first,1,213,-18,-3,second,2,243,-26,-3,zero,0,398,-17,-2
1586434018036307871,first,1,181,-14,-2,second,2,192,-24,-2,zero,0,369,-13,-2
1586434018164272198,first,1,156,-11,-1,second,2,146,-21,-1,zero,0,347,-9,-1
1586434018228279555,first,1,145,-11,-2,second,2,130,-16,-1,zero,0,341,-5,-1
1586434018356368256,first,1,121,-11,-1,second,2,118,-3,0,zero,0,337,-1,0
1586434018420265636,first,1,110,-10,-1,second,2,118,0,0,zero,0,337,0,0
1586434018548362278,first,1,96,-6,0,second,2,117,0,0,zero,0,337,0,0
1586434018612322599,first,1,96,0,0,second,2,117,0,0,zero,0,339,0,0
1586434018740285365,first,1,96,0,0,second,2,118,0,0,zero,0,344,0,1
1586434018867965144,first,1,99,0,0,second,2,118,0,0,zero,0,373,15,3
1586434018932443821,first,1,104,1,2,second,2,118,0,0,zero,0,396,21,3
1586434019060427386,first,1,141,18,3,second,2,125,2,1,zero,0,449,25,2
1586434019124260741,first,1,168,24,1,second,2,141,13,4,zero,0,477,26,2
1586434019252293815,first,1,240,35,3,second,2,211,37,4,zero,0,534,26,3
1586434019316188550,first,1,280,38,2,second,2,262,47,5,zero,0,565,28,4
1586434019444428498,first,1,374,45,1,second,2,382,61,6,zero,0,633,34,5
1586434019508439432,first,1,425,48,4,second,2,450,64,5,zero,0,675,39,6
1586434019636408791,first,1,536,54,3,second,2,587,67,1,zero,0,778,52,8
1586434019764242583,first,1,660,61,6,second,2,722,66,2,zero,0,900,61,7
1586434019828519351,first,1,729,65,6,second,2,789,65,1,zero,0,965,64,6
1586434019956339688,first,1,879,74,5,second,2,918,64,3,zero,0,1099,65,6
1586434020020428767,first,1,959,77,6,second,2,984,63,1,zero,0,1162,64,3
1586434020148401626,first,1,1122,81,4,second,2,1118,66,2,zero,0,1278,56,1
1586434020212509135,first,1,1206,81,3,second,2,1187,68,5,zero,0,1330,51,2
1586434020340300901,first,1,1363,78,2,second,2,1337,74,4,zero,0,1431,49,4
1586434020468132256,first,1,1509,71,3,second,2,1489,75,2,zero,0,1534,49,5
1586434020532294512,first,1,1576,68,1,second,2,1564,75,2,zero,0,1585,49,6
1586434020660499432,first,1,1694,57,1,second,2,1707,70,1,zero,0,1690,51,4
1586434020724359935,first,1,1747,53,1,second,2,1760,54,7,zero,0,1741,50,5
1586434020852383961,first,1,1845,48,1,second,2,1781,3,1,zero,0,1833,44,1
1586434020916526639,first,1,1881,41,4,second,2,1796,13,3,zero,0,1861,28,1
1586434021044657609,first,1,1891,0,0,second,2,1861,35,1,zero,0,1864,0,0
1586434021108572669,first,1,1891,0,0,second,2,1904,41,1,zero,0,1867,1,2
1586434021236529971,first,1,1896,1,1,second,2,1948,9,0,zero,0,1893,14,4
1586434021364551293,first,1,1934,19,2,second,2,1948,0,0,zero,0,1929,16,0
1586434021428452509,first,1,1960,25,1,second,2,1948,0,0,zero,0,1930,0,0
1586434021555628803,first,1,1984,5,0,second,2,1951,0,0,zero,0,1931,0,0
1586434021620424077,first,1,1984,0,0,second,2,1952,0,0,zero,0,1932,0,0
1586434021748411650,first,1,1983,0,0,second,2,1956,0,0,zero,0,1943,6,2
1586434021812423410,first,1,1983,0,0,second,2,1957,0,0,zero,0,1955,10,1
1586434021940440033,first,1,1984,0,0,second,2,1975,11,1,zero,0,1962,0,0
1586434022068016905,first,1,1983,0,0,second,2,2000,10,0,zero,0,1978,10,1
1586434022132404957,first,1,1984,0,0,second,2,1999,0,0,zero,0,1995,15,3
1586434022260320529,first,1,1988,0,0,second,2,2001,0,0,zero,0,2036,20,1
1586434022324352430,first,1,1992,1,2,second,2,2002,0,0,zero,0,2058,20,1
1586434022452364080,first,1,2032,19,3,second,2,2023,13,3,zero,0,2097,19,1
1586434022516365598,first,1,2062,26,1,second,2,2050,24,2,zero,0,2119,20,2
1586434022644375116,first,1,2139,38,1,second,2,2129,40,2,zero,0,2170,25,4
1586434022708520109,first,1,2181,40,1,second,2,2176,44,1,zero,0,2202,29,6
1586434022836435411,first,1,2265,40,1,second,2,2275,48,2,zero,0,2284,42,7
1586434022964427798,first,1,2354,42,1,second,2,2377,49,1,zero,0,2391,54,6
1586434023028452443,first,1,2402,46,1,second,2,2427,49,1,zero,0,2451,57,7
1586434023156442822,first,1,2506,51,3,second,2,2525,48,1,zero,0,2572,58,5
1586434023220366110,first,1,2563,54,2,second,2,2577,49,1,zero,0,2629,57,5
1586434023348414820,first,1,2682,59,2,second,2,2683,51,1,zero,0,2740,55,7
1586434023412328856,first,1,2746,60,3,second,2,2738,52,1,zero,0,2796,55,7
1586434023540371551,first,1,2869,61,2,second,2,2856,57,2,zero,0,2912,56,6
1586434023668184351,first,1,2991,60,2,second,2,2984,62,3,zero,0,3029,57,5
1586434023732535367,first,1,3051,59,2,second,2,3051,64,2,zero,0,3089,58,5
1586434023860382416,first,1,3173,59,1,second,2,3185,66,1,zero,0,3208,59,4
1586434023924438154,first,1,3236,61,1,second,2,3252,66,1,zero,0,3269,59,5
1586434024052645327,first,1,3366,64,3,second,2,3381,64,2,zero,0,3391,59,6
1586434024116545504,first,1,3433,65,2,second,2,3445,62,2,zero,0,3450,58,5
1586434024244599535,first,1,3570,67,2,second,2,3568,61,1,zero,0,3562,52,4
1586434024308652090,first,1,3636,66,2,second,2,3628,60,1,zero,0,3612,50,4
1586434024436506700,first,1,3760,61,1,second,2,3749,59,1,zero,0,3708,47,4
1586434024564414649,first,1,3858,47,8,second,2,3863,55,1,zero,0,3800,44,2
1586434024628375607,first,1,3869,17,1,second,2,3904,41,5,zero,0,3842,42,2
1586434024756535274,first,1,3898,14,2,second,2,3915,0,0,zero,0,3908,26,4
1586434024820534846,first,1,3927,24,2,second,2,3915,0,0,zero,0,3910,2,0
1586434024948613580,first,1,3987,29,-13,second,2,3935,13,1,zero,0,3913,0,0
1586434025012420672,first,1,3991,9,0,second,2,3961,23,1,zero,0,3916,1,1
1586434025140454600,first,1,3991,0,0,second,2,4012,23,3,zero,0,3941,13,4
1586434025268077839,first,1,3993,0,0,second,2,4016,0,0,zero,0,3975,14,0
1586434025332378993,first,1,3995,0,0,second,2,4015,0,0,zero,0,3975,0,0
1586434025460416924,first,1,4000,0,0,second,2,4016,0,0,zero,0,3975,0,0
1586434025524443353,first,1,4001,0,0,second,2,4016,0,0,zero,0,3975,0,0
1586434025652400429,first,1,4005,0,0,second,2,4016,0,0,zero,0,3975,0,0
1586434025716545238,first,1,4006,0,0,second,2,4015,0,0,zero,0,3976,0,0
1586434025844375127,first,1,4010,0,0,second,2,4016,0,0,zero,0,3979,0,0
1586434025908702748,first,1,4012,0,0,second,2,4015,0,0,zero,0,3981,0,0
1586434026036423249,first,1,4015,0,0,second,2,4015,0,0,zero,0,3981,0,-1
1586434026164400415,first,1,4016,0,0,second,2,4016,0,0,zero,0,3976,-1,-4
1586434026228488655,first,1,4016,0,0,second,2,4016,0,0,zero,0,3963,-10,-5
1586434026356515259,first,1,4015,0,0,second,2,4016,0,0,zero,0,3934,-13,-1
1586434026420403517,first,1,4016,0,0,second,2,4016,0,0,zero,0,3919,-13,-4
1586434026548451972,first,1,4016,0,0,second,2,4016,0,0,zero,0,3888,-14,-6
1586434026612429505,first,1,4016,0,0,second,2,4016,0,0,zero,0,3872,-14,-1
1586434026740622318,first,1,4016,0,-2,second,2,4016,0,-2,zero,0,3836,-16,-5
1586434026868105978,first,1,4006,-4,-3,second,2,4012,-1,-3,zero,0,3793,-21,-2
1586434026932500398,first,1,3994,-9,-2,second,2,4003,-6,-3,zero,0,3769,-23,-6
1586434027060537255,first,1,3963,-15,-5,second,2,3976,-13,-7,zero,0,3704,-31,-6
1586434027124574584,first,1,3944,-16,-5,second,2,3957,-16,-6,zero,0,3671,-31,-5
1586434027252502081,first,1,3901,-20,-4,second,2,3907,-26,-8,zero,0,3609,-29,-8
1586434027316619966,first,1,3875,-23,-8,second,2,3876,-29,-6,zero,0,3578,-29,-5
1586434027444552191,first,1,3806,-33,-6,second,2,3804,-34,-8,zero,0,3513,-31,-5
1586434027509098729,first,1,3767,-36,-7,second,2,3767,-36,-7,zero,0,3478,-32,-5
1586434027636680169,first,1,3684,-40,-7,second,2,3685,-39,-8,zero,0,3405,-34,-7
1586434027764748493,first,1,3599,-41,-7,second,2,3593,-45,-9,zero,0,3328,-36,-6
1586434027828760491,first,1,3556,-41,-9,second,2,3545,-47,-9,zero,0,3290,-37,-8
1586434027956605950,first,1,3465,-43,-9,second,2,3442,-50,-8,zero,0,3207,-40,-5
1586434028020653644,first,1,3419,-44,-10,second,2,3388,-52,-7,zero,0,3165,-42,-6
1586434028148513001,first,1,3321,-47,-9,second,2,3281,-53,-9,zero,0,3080,-41,-7
1586434028212508841,first,1,3272,-48,-10,second,2,3228,-51,-7,zero,0,3041,-39,-5
1586434028340369401,first,1,3169,-50,-11,second,2,3126,-50,-6,zero,0,2968,-36,-5
1586434028404862062,first,1,3115,-51,-11,second,2,3075,-50,-7,zero,0,2932,-36,-7
1586434028532419986,first,1,3011,-51,-9,second,2,2975,-48,-6,zero,0,2859,-35,-6
1586434028660436544,first,1,2909,-50,-9,second,2,2882,-44,-5,zero,0,2792,-31,-6
1586434028723894677,first,1,2859,-50,-8,second,2,2839,-43,-7,zero,0,2762,-30,-4
1586434028852218073,first,1,2765,-46,-10,second,2,2754,-40,-5,zero,0,2702,-29,-3
1586434028916263509,first,1,2719,-45,-7,second,2,2712,-40,-6,zero,0,2672,-28,-2
1586434029044658862,first,1,2635,-42,-8,second,2,2634,-38,-4,zero,0,2618,-26,-1
1586434029108568823,first,1,2593,-41,-6,second,2,2595,-37,-5,zero,0,2595,-23,-2
1586434029236528476,first,1,2514,-38,-5,second,2,2526,-34,-6,zero,0,2560,-16,-1
1586434029365520959,first,1,2440,-36,-5,second,2,2462,-29,-5,zero,0,2535,-11,-5
1586434029427763529,first,1,2406,-33,-3,second,2,2434,-28,-4,zero,0,2521,-12,-3
1586434029556368038,first,1,2347,-28,-2,second,2,2378,-27,-3,zero,0,2485,-17,-5
1586434029620542238,first,1,2324,-24,-2,second,2,2352,-25,-4,zero,0,2461,-20,-7
1586434029748527971,first,1,2287,-17,-2,second,2,2300,-24,-3,zero,0,2404,-28,-6
1586434029812522252,first,1,2270,-15,-2,second,2,2273,-24,-2,zero,0,2374,-29,-3
1586434029940439941,first,1,2237,-15,-2,second,2,2224,-23,-3,zero,0,2312,-29,-2
1586434030068119786,first,1,2201,-16,-6,second,2,2181,-19,-2,zero,0,2254,-28,-3
1586434030132559384,first,1,2181,-18,-4,second,2,2165,-16,-2,zero,0,2225,-28,-1
1586434030260663295,first,1,2139,-19,-3,second,2,2137,-12,-4,zero,0,2174,-24,-1
1586434030324416551,first,1,2118,-19,-5,second,2,2123,-12,-4,zero,0,2151,-22,-2
1586434030451875865,first,1,2076,-19,-3,second,2,2091,-13,-4,zero,0,2100,-25,-5
1586434030516103464,first,1,2057,-18,-4,second,2,2075,-14,-5,zero,0,2069,-29,-5
1586434030644380927,first,1,2019,-18,-5,second,2,2040,-16,-7,zero,0,2001,-33,-7
1586434030708511596,first,1,1999,-18,-5,second,2,2017,-20,-6,zero,0,1966,-33,-3
1586434030836148816,first,1,1957,-19,-4,second,2,1962,-27,-5,zero,0,1895,-34,-4
1586434030964450582,first,1,1907,-23,-5,second,2,1902,-28,-5,zero,0,1821,-36,-6
1586434031028387500,first,1,1877,-26,-6,second,2,1869,-30,-6,zero,0,1781,-38,-6
1586434031156363112,first,1,1809,-34,-8,second,2,1802,-33,-5,zero,0,1697,-40,-6
1586434031220339727,first,1,1770,-36,-7,second,2,1767,-33,-7,zero,0,1654,-41,-9
1586434031348058172,first,1,1689,-39,-7,second,2,1691,-36,-7,zero,0,1564,-43,-7
1586434031411796365,first,1,1648,-39,-8,second,2,1651,-39,-6,zero,0,1516,-45,-7
1586434031539785631,first,1,1562,-41,-8,second,2,1564,-43,-8,zero,0,1418,-47,-6
1586434031668200977,first,1,1474,-42,-9,second,2,1464,-49,-9,zero,0,1323,-46,-7
1586434031732410744,first,1,1427,-44,-9,second,2,1413,-50,-10,zero,0,1276,-45,-4
1586434031860223479,first,1,1331,-46,-12,second,2,1304,-53,-10,zero,0,1190,-42,-5
1586434031923779408,first,1,1281,-48,-12,second,2,1249,-54,-9,zero,0,1149,-41,-5
1586434032052370708,first,1,1177,-50,-9,second,2,1138,-54,-9,zero,0,1069,-39,-6
1586434032116370464,first,1,1123,-51,-11,second,2,1084,-54,-7,zero,0,1029,-39,-8
1586434032244357762,first,1,1016,-52,-9,second,2,981,-50,-6,zero,0,943,-42,-8
1586434032308340068,first,1,965,-51,-9,second,2,931,-48,-6,zero,0,900,-42,-8
1586434032435739624,first,1,864,-50,-10,second,2,839,-44,-6,zero,0,820,-39,-5
1586434032564504235,first,1,765,-49,-10,second,2,752,-42,-7,zero,0,747,-35,-2
1586434032628374732,first,1,717,-47,-8,second,2,711,-41,-7,zero,0,713,-33,-4
1586434032756437792,first,1,626,-45,-7,second,2,630,-39,-7,zero,0,648,-31,-2
1586434032820560551,first,1,583,-43,-7,second,2,589,-39,-6,zero,0,619,-28,-3
1586434032947991954,first,1,499,-41,-7,second,2,515,-35,-5,zero,0,564,-26,-1
1586434033012576855,first,1,457,-39,-7,second,2,480,-34,-5,zero,0,542,-22,-2
1586434033140494202,first,1,382,-37,-4,second,2,412,-32,-5,zero,0,510,-14,-4
1586434033268183249,first,1,313,-34,-3,second,2,352,-29,-6,zero,0,479,-14,-2
1586434033332547016,first,1,281,-30,-2,second,2,324,-27,-5,zero,0,461,-15,-5
1586434033460502090,first,1,234,-22,-2,second,2,269,-27,-4,zero,0,423,-18,-5
1586434033524498345,first,1,216,-18,-2,second,2,242,-25,-4,zero,0,403,-19,-1
1586434033652546552,first,1,189,-12,-2,second,2,193,-23,-2,zero,0,367,-16,-3
1586434033716499862,first,1,176,-12,-1,second,2,172,-20,-1,zero,0,353,-13,-1
1586434033844627109,first,1,148,-12,-2,second,2,145,-11,-1,zero,0,335,-7,-1
1586434033909813334,first,1,135,-12,-1,second,2,138,-7,-1,zero,0,332,-3,0
1586434034036972574,first,1,113,-11,-1,second,2,123,-6,-1,zero,0,332,0,0
1586434034164532510,first,1,108,0,0,second,2,113,-3,0,zero,0,333,0,0
1586434034228637711,first,1,108,0,0,second,2,113,0,0,zero,0,334,0,0
1586434034356539221,first,1,107,0,0,second,2,113,0,0,zero,0,348,7,3
1586434034420720844,first,1,108,0,0,second,2,113,0,0,zero,0,362,12,2
1586434034548700219,first,1,110,0,0,second,2,116,0,0,zero,0,400,18,2
1586434034612790417,first,1,115,1,1,second,2,120,1,1,zero,0,423,20,2
1586434034740578203,first,1,154,20,2,second,2,159,22,3,zero,0,472,22,1
1586434034804699806,first,1,186,28,2,second,2,192,30,3,zero,0,496,23,3
1586434034932516434,first,1,268,40,3,second,2,273,40,4,zero,0,554,27,3
1586434035060709125,first,1,368,50,3,second,2,374,50,5,zero,0,621,34,4
1586434035124817947,first,1,424,53,3,second,2,430,54,2,zero,0,663,40,7
1586434035252598782,first,1,543,58,4,second,2,545,55,3,zero,0,769,54,7
1586434035316694331,first,1,606,60,4,second,2,605,57,5,zero,0,831,59,5
1586434035444552065,first,1,736,63,3,second,2,731,62,3,zero,0,957,63,5
1586434035508843644,first,1,804,65,3,second,2,799,64,4,zero,0,1022,64,5
1586434035636769325,first,1,943,68,5,second,2,945,72,3,zero,0,1144,60,5
1586434035764697654,first,1,1086,71,5,second,2,1100,77,2,zero,0,1258,55,3
1586434035828598074,first,1,1161,73,5,second,2,1178,77,4,zero,0,1313,53,4
1586434035956450001,first,1,1312,74,3,second,2,1334,76,4,zero,0,1413,49,5
1586434036020453430,first,1,1388,74,3,second,2,1407,74,2,zero,0,1464,49,6
1586434036148560097,first,1,1536,73,2,second,2,1544,68,1,zero,0,1570,50,5
1586434036212711849,first,1,1609,72,2,second,2,1610,65,2,zero,0,1623,50,4
1586434036340598055,first,1,1746,67,1,second,2,1729,58,1,zero,0,1726,50,4
1586434036468282017,first,1,1851,51,10,second,2,1841,55,1,zero,0,1819,45,1
1586434036532540445,first,1,1862,18,1,second,2,1894,52,1,zero,0,1857,38,1
1586434036660676888,first,1,1879,9,3,second,2,1940,8,0,zero,0,1912,21,-3
1586434036724739043,first,1,1905,20,3,second,2,1940,0,0,zero,0,1914,1,0
1586434036852635842,first,1,1974,33,1,second,2,1940,0,0,zero,0,1914,0,0
1586434036916611585,first,1,2002,31,-6,second,2,1942,0,0,zero,0,1918,1,2
1586434037044616883,first,1,2007,0,0,second,2,1960,12,1,zero,0,1939,10,1
1586434037108726417,first,1,2007,0,0,second,2,1983,20,2,zero,0,1946,6,0
1586434037236701229,first,1,2007,0,0,second,2,2030,21,-10,zero,0,1950,1,1
1586434037364710281,first,1,2007,0,0,second,2,2033,0,0,zero,0,1974,13,2
1586434037428639243,first,1,2008,0,0,second,2,2033,0,0,zero,0,1991,15,1
1586434037556604653,first,1,2012,0,0,second,2,2033,0,0,zero,0,2002,0,0
1586434037620591673,first,1,2013,0,0,second,2,2033,0,0,zero,0,2003,0,0
1586434037748620765,first,1,2017,0,0,second,2,2033,0,0,zero,0,2014,6,3
1586434037812703524,first,1,2019,0,0,second,2,2033,0,0,zero,0,2028,12,1
1586434037940619581,first,1,2025,1,1,second,2,2033,0,0,zero,0,2071,21,2
1586434038004600180,first,1,2040,9,1,second,2,2034,0,0,zero,0,2093,21,1
1586434038132737277,first,1,2093,26,1,second,2,2052,13,1,zero,0,2138,21,1
1586434038260614036,first,1,2161,33,1,second,2,2111,30,3,zero,0,2189,23,3
1586434038324656856,first,1,2196,33,1,second,2,2151,38,2,zero,0,2216,26,5
1586434038452645414,first,1,2230,10,1,second,2,2244,45,3,zero,0,2290,37,5
1586434038516207861,first,1,2239,6,4,second,2,2294,47,1,zero,0,2333,41,5
1586434038644678176,first,1,2296,29,6,second,2,2380,36,3,zero,0,2426,45,5
1586434038708566493,first,1,2341,40,7,second,2,2388,8,0,zero,0,2475,47,4
1586434038836658549,first,1,2459,58,5,second,2,2405,12,3,zero,0,2570,46,3
1586434038964319315,first,1,2589,63,2,second,2,2474,38,6,zero,0,2662,45,4
1586434039027832339,first,1,2652,62,1,second,2,2528,50,9,zero,0,2708,45,4
1586434039156865097,first,1,2752,49,2,second,2,2668,72,9,zero,0,2805,49,7
1586434039220763763,first,1,2763,17,1,second,2,2751,79,7,zero,0,2860,52,5
1586434039348747883,first,1,2795,17,5,second,2,2924,84,3,zero,0,2977,58,6
1586434039412673564,first,1,2835,34,8,second,2,3004,80,1,zero,0,3038,58,6
1586434039540796206,first,1,2969,69,12,second,2,3082,17,1,zero,0,3152,56,4
1586434039604711360,first,1,3058,84,8,second,2,3086,3,1,zero,0,3204,52,1
1586434039732918338,first,1,3252,97,5,second,2,3130,25,6,zero,0,3298,45,3
1586434039860651230,first,1,3423,83,11,second,2,3234,58,11,zero,0,3382,40,2
1586434039924683271,first,1,3448,37,0,second,2,3312,75,9,zero,0,3425,40,5
1586434040052613231,first,1,3454,0,2,second,2,3496,94,7,zero,0,3514,42,3
1586434040116539380,first,1,3469,9,4,second,2,3592,95,4,zero,0,3557,42,4
1586434040244659302,first,1,3550,42,7,second,2,3751,68,18,zero,0,3641,39,3
1586434040308623661,first,1,3616,59,10,second,2,3773,21,0,zero,0,3679,37,1
1586434040436671876,first,1,3783,84,6,second,2,3775,0,0,zero,0,3754,35,2
1586434040564659245,first,1,3946,80,8,second,2,3794,14,6,zero,0,3815,27,1
1586434040628665305,first,1,3970,36,2,second,2,3826,29,5,zero,0,3839,24,1
1586434040756737119,first,1,3974,0,0,second,2,3929,54,3,zero,0,3877,14,0
1586434040820602746,first,1,3974,0,0,second,2,3991,59,2,zero,0,3877,0,0
1586434040948698646,first,1,3981,1,4,second,2,4093,43,-21,zero,0,3892,9,3
1586434041012640286,first,1,3999,12,2,second,2,4106,12,-1,zero,0,3911,16,4
1586434041140738717,first,1,4066,33,3,second,2,4106,0,-1,zero,0,3960,23,1
1586434041204571655,first,1,4109,40,3,second,2,4106,0,0,zero,0,3977,16,0
1586434041332817547,first,1,4151,13,0,second,2,4106,0,0,zero,0,3981,1,2
1586434041460667700,first,1,4151,0,0,second,2,4106,0,0,zero,0,4002,9,1
1586434041524785831,first,1,4151,0,0,second,2,4106,0,0,zero,0,4007,5,0
1586434041652828879,first,1,4151,0,0,second,2,4109,0,0,zero,0,4007,0,0
1586434041716728602,first,1,4151,0,0,second,2,4109,0,0,zero,0,4007,0,-1
1586434041844691574,first,1,4151,0,-2,second,2,4108,0,0,zero,0,4007,0,-2
1586434041908709175,first,1,4151,0,-2,second,2,4108,0,0,zero,0,4003,-1,-2
1586434042036879709,first,1,4149,0,-4,second,2,4108,0,0,zero,0,3978,-12,-4
1586434042164871686,first,1,4127,-11,-2,second,2,4109,0,0,zero,0,3943,-15,-2
1586434042228699007,first,1,4111,-13,-3,second,2,4108,0,-1,zero,0,3926,-16,-2
1586434042356616332,first,1,4079,-14,-3,second,2,4108,0,-3,zero,0,3890,-16,-5
1586434042420679489,first,1,4062,-14,-1,second,2,4107,0,-4,zero,0,3869,-19,-8
1586434042548748563,first,1,4030,-14,-3,second,2,4086,-11,-5,zero,0,3816,-26,-7
1586434042612868224,first,1,4014,-14,-3,second,2,4068,-15,-6,zero,0,3783,-30,-5
1586434042740711549,first,1,3979,-15,-3,second,2,4022,-23,-6,zero,0,3711,-34,-6
1586434042804658090,first,1,3960,-17,-6,second,2,3993,-28,-7,zero,0,3675,-34,-3
1586434042932642228,first,1,3913,-22,-5,second,2,3922,-34,-7,zero,0,3606,-32,-3
1586434043060696147,first,1,3844,-34,-8,second,2,3842,-38,-8,zero,0,3541,-31,-5
1586434043124796136,first,1,3802,-38,-6,second,2,3800,-40,-9,zero,0,3508,-32,-7
1586434043252819104,first,1,3716,-41,-9,second,2,3714,-42,-8,zero,0,3432,-35,-7
1586434043316802863,first,1,3672,-43,-8,second,2,3668,-44,-8,zero,0,3391,-37,-7
1586434043444688698,first,1,3579,-44,-7,second,2,3568,-49,-7,zero,0,3311,-38,-8
1586434043508733548,first,1,3532,-45,-8,second,2,3515,-51,-8,zero,0,3270,-39,-5
1586434043636675724,first,1,3435,-47,-10,second,2,3405,-53,-10,zero,0,3184,-41,-5
1586434043764775864,first,1,3333,-49,-11,second,2,3295,-54,-8,zero,0,3099,-42,-9
1586434043828691380,first,1,3280,-51,-12,second,2,3241,-53,-7,zero,0,3056,-42,-7
1586434043956765832,first,1,3170,-53,-11,second,2,3137,-52,-7,zero,0,2974,-40,-5
1586434044020711797,first,1,3114,-54,-9,second,2,3085,-51,-7,zero,0,2934,-39,-7
1586434044148993996,first,1,3003,-54,-11,second,2,2980,-51,-8,zero,0,2860,-36,-7
1586434044212696871,first,1,2951,-53,-11,second,2,2929,-50,-6,zero,0,2825,-35,-3
1586434044341143336,first,1,2846,-51,-7,second,2,2830,-48,-7,zero,0,2765,-29,-4
1586434044404871131,first,1,2797,-49,-7,second,2,2782,-46,-6,zero,0,2735,-29,-3
1586434044532707991,first,1,2702,-45,-7,second,2,2693,-43,-6,zero,0,2676,-29,-3
1586434044660754989,first,1,2617,-42,-8,second,2,2614,-37,-6,zero,0,2616,-28,-3
1586434044724738520,first,1,2576,-41,-6,second,2,2578,-35,-6,zero,0,2589,-27,-1
1586434044852808659,first,1,2496,-38,-6,second,2,2510,-33,-6,zero,0,2554,-15,-1
1586434044916841039,first,1,2458,-37,-5,second,2,2476,-31,-6,zero,0,2539,-15,-3
1586434045044821847,first,1,2387,-34,-3,second,2,2418,-28,-6,zero,0,2507,-15,-3
1586434045108747817,first,1,2355,-31,-4,second,2,2390,-27,-4,zero,0,2490,-15,-3
1586434045236789541,first,1,2302,-25,-3,second,2,2335,-26,-4,zero,0,2451,-18,-5
1586434045364705697,first,1,2266,-16,-3,second,2,2283,-25,-4,zero,0,2401,-24,-3
1586434045428761479,first,1,2250,-15,-2,second,2,2257,-25,-3,zero,0,2372,-27,-1
1586434045556724467,first,1,2218,-15,-2,second,2,2211,-21,-2,zero,0,2309,-29,-3
1586434045620790794,first,1,2202,-15,-3,second,2,2190,-20,-4,zero,0,2279,-29,-3
1586434045748761210,first,1,2167,-16,-2,second,2,2159,-14,-4,zero,0,2220,-28,-4
1586434045812813603,first,1,2149,-16,-2,second,2,2145,-13,-1,zero,0,2192,-28,-3
1586434045940877200,first,1,2110,-17,-4,second,2,2118,-12,-5,zero,0,2140,-24,-1
1586434046004851597,first,1,2091,-18,-3,second,2,2103,-13,-3,zero,0,2116,-22,-3
1586434046132740821,first,1,2054,-17,-5,second,2,2070,-15,-6,zero,0,2066,-24,-7
1586434046260782720,first,1,2017,-17,-4,second,2,2033,-17,-4,zero,0,2002,-32,-7
1586434046324795125,first,1,1997,-18,-5,second,2,2012,-18,-4,zero,0,1967,-33,-4
1586434046452866701,first,1,1954,-19,-4,second,2,1961,-25,-6,zero,0,1894,-34,-3
1586434046516766617,first,1,1930,-21,-5,second,2,1932,-27,-6,zero,0,1857,-35,-6
1586434046644777351,first,1,1872,-27,-7,second,2,1869,-30,-6,zero,0,1778,-38,-4
1586434046708765944,first,1,1839,-30,-7,second,2,1835,-32,-8,zero,0,1735,-40,-7
1586434046836768107,first,1,1763,-36,-7,second,2,1764,-35,-8,zero,0,1648,-42,-7
1586434046964803606,first,1,1682,-39,-8,second,2,1685,-39,-7,zero,0,1558,-43,-9
1586434047028819622,first,1,1640,-39,-8,second,2,1642,-40,-7,zero,0,1513,-43,-8
1586434047156802596,first,1,1555,-41,-8,second,2,1552,-45,-9,zero,0,1415,-46,-6
1586434047220801404,first,1,1510,-42,-9,second,2,1503,-47,-8,zero,0,1367,-47,-8
1586434047348871067,first,1,1420,-44,-9,second,2,1399,-51,-7,zero,0,1269,-47,-7
1586434047412896709,first,1,1372,-46,-10,second,2,1345,-52,-8,zero,0,1221,-47,-6
1586434047540913480,first,1,1272,-48,-9,second,2,1232,-55,-8,zero,0,1130,-43,-7
1586434047604677452,first,1,1221,-50,-12,second,2,1177,-55,-7,zero,0,1089,-42,-6
1586434047732764455,first,1,1115,-52,-10,second,2,1071,-52,-6,zero,0,1005,-40,-4
1586434047860883308,first,1,1005,-53,-12,second,2,969,-49,-7,zero,0,921,-41,-3
1586434047924944969,first,1,952,-53,-12,second,2,919,-48,-7,zero,0,882,-39,-4
1586434048052813141,first,1,844,-52,-10,second,2,827,-44,-5,zero,0,809,-35,-7
1586434048116800574,first,1,793,-51,-8,second,2,783,-43,-6,zero,0,772,-35,-5
1586434048244774956,first,1,696,-47,-9,second,2,698,-41,-5,zero,0,705,-33,-4
1586434048308861439,first,1,650,-46,-9,second,2,657,-41,-7,zero,0,672,-31,-4
1586434048436773032,first,1,563,-42,-7,second,2,576,-39,-5,zero,0,611,-30,-3
1586434048564827944,first,1,483,-39,-6,second,2,501,-36,-6,zero,0,555,-27,-3
1586434048628891670,first,1,443,-38,-5,second,2,465,-35,-5,zero,0,527,-27,-2
1586434048756865530,first,1,370,-36,-4,second,2,397,-33,-6,zero,0,482,-20,-1
1586434048820942087,first,1,334,-35,-3,second,2,365,-31,-6,zero,0,465,-17,-1
1586434048949164527,first,1,269,-31,-4,second,2,307,-28,-5,zero,0,434,-14,-1
1586434049012876590,first,1,240,-28,-3,second,2,279,-27,-4,zero,0,417,-14,-3
1586434049140902899,first,1,197,-19,-1,second,2,224,-26,-3,zero,0,381,-16,-3
1586434049204839931,first,1,182,-15,-1,second,2,199,-25,-2,zero,0,364,-16,-2
1586434049332884393,first,1,155,-12,-4,second,2,154,-21,-1,zero,0,337,-11,-1
1586434049460959319,first,1,130,-12,-1,second,2,126,-11,-1,zero,0,322,-7,-1
1586434049524332139,first,1,116,-12,-2,second,2,119,-7,-1,zero,0,318,-3,0
1586434049652308966,first,1,95,-10,-1,second,2,105,-6,-1,zero,0,318,0,0
1586434049716330326,first,1,90,-6,0,second,2,98,-6,-1,zero,0,318,0,0
1586434049844451246,first,1,90,0,0,second,2,95,0,0,zero,0,320,0,0
1586434049908434944,first,1,90,0,0,second,2,96,0,0,zero,0,324,1,1
1586434050036725314,first,1,90,0,0,second,2,95,0,0,zero,0,352,15,2
1586434050164784880,first,1,93,0,0,second,2,97,0,0,zero,0,395,20,2
1586434050228931749,first,1,97,1,2,second,2,102,2,1,zero,0,418,20,1
1586434050356906869,first,1,133,18,2,second,2,146,24,2,zero,0,463,21,2
1586434050420883299,first,1,163,26,4,second,2,182,33,4,zero,0,488,22,1
1586434050548949276,first,1,242,39,3,second,2,272,45,3,zero,0,542,27,5
1586434050612810032,first,1,289,42,5,second,2,323,48,2,zero,0,578,32,6
1586434050740782119,first,1,394,52,5,second,2,435,55,2,zero,0,660,42,5
1586434050804850365,first,1,453,56,5,second,2,493,57,2,zero,0,709,46,7
1586434050932873111,first,1,580,62,5,second,2,612,57,2,zero,0,823,57,7
1586434051060903777,first,1,717,67,6,second,2,738,61,3,zero,0,948,62,4
1586434051124926084,first,1,788,69,4,second,2,803,63,3,zero,0,1011,62,7
1586434051252878245,first,1,935,71,4,second,2,942,68,4,zero,0,1132,59,5
1586434051316874867,first,1,1009,73,6,second,2,1015,72,2,zero,0,1189,56,4
1586434051445002054,first,1,1163,75,4,second,2,1169,77,4,zero,0,1299,55,5
1586434051508567789,first,1,1240,76,3,second,2,1249,77,3,zero,0,1353,52,4
1586434051636893991,first,1,1392,75,4,second,2,1402,77,2,zero,0,1460,52,5
1586434051764842352,first,1,1536,72,3,second,2,1547,71,1,zero,0,1569,53,4
1586434051828849727,first,1,1608,70,3,second,2,1614,67,1,zero,0,1624,53,3
1586434051956881966,first,1,1742,65,2,second,2,1736,60,1,zero,0,1729,51,4
1586434052020901939,first,1,1804,62,3,second,2,1794,58,1,zero,0,1777,48,1
1586434052148926493,first,1,1918,54,1,second,2,1905,55,1,zero,0,1860,38,1
1586434052212905674,first,1,1956,45,-6,second,2,1946,42,7,zero,0,1894,33,1
1586434052340843512,first,1,1966,0,0,second,2,1956,0,0,zero,0,1944,20,0
1586434052404872312,first,1,1967,0,0,second,2,1957,0,0,zero,0,1945,0,0
1586434052532962292,first,1,1971,0,0,second,2,1961,0,0,zero,0,1944,0,0
1586434052660541838,first,1,1974,0,0,second,2,1963,0,0,zero,0,1945,0,0
1586434052724500986,first,1,1976,0,0,second,2,1965,0,0,zero,0,1945,0,0
1586434052852564903,first,1,1980,0,0,second,2,1968,0,0,zero,0,1945,0,0
1586434052916599602,first,1,1981,0,0,second,2,1968,0,0,zero,0,1946,0,0
1586434053044521775,first,1,1984,0,0,second,2,1968,0,0,zero,0,1949,0,0
1586434053108508672,first,1,1986,0,0,second,2,1970,0,0,zero,0,1951,0,0
1586434053236529404,first,1,1989,0,0,second,2,1974,0,0,zero,0,1954,0,0
1586434053364571118,first,1,1992,0,0,second,2,1977,0,0,zero,0,1957,0,0
1586434053428587678,first,1,1995,0,0,second,2,1979,0,0,zero,0,1958,0,0
1586434053556662440,first,1,1997,0,0,second,2,1982,0,0,zero,0,1960,0,0
1586434053620789841,first,1,1999,0,0,second,2,1982,0,0,zero,0,1962,0,0
1586434053748606451,first,1,2002,0,0,second,2,1984,0,0,zero,0,1964,0,0
1586434053812599978,first,1,2004,0,0,second,2,1987,0,0,zero,0,1965,0,0
1586434053940874694,first,1,2008,0,0,second,2,1988,0,0,zero,0,1968,0,0
1586434054004791667,first,1,2009,0,0,second,2,1989,0,0,zero,0,1969,0,0
