1586422507759677932,1,2,0,2048,2048,2048
1586422507887685788,1,2,0,2048,2048,2048
1586422507951659865,1,2,0,2048,2048,2048
1586422508079908357,1,2,0,2048,2048,2048
1586422508143715803,1,2,0,2048,2048,2048
1586422508271724621,1,2,0,2048,2048,2048
1586422508400602329,1,2,0,2048,2048,2048
1586422508463569842,1,2,0,2048,2048,2048
1586422508592339594,1,2,0,2048,2048,2048
1586422508656089179,1,2,0,2048,2048,2048
1586422508784076482,1,2,0,2048,2048,2048
1586422508848381538,1,2,0,2048,2048,2048
1586422508976410594,1,2,0,2048,2048,2048
1586422509040161747,1,2,0,2048,2048,2048
1586422509168034179,1,2,0,2048,2048,2048
1586422509296380798,1,2,0,2048,2048,2048
1586422509360254474,1,2,0,2048,2048,2048
1586422509488234321,1,2,0,2048,2048,2048
1586422509552368904,1,2,0,2048,2048,2048
1586422509680303980,1,2,0,2048,2048,2048
1586422509744342341,1,2,0,2048,2048,2048
1586422509872406154,1,2,0,2048,2048,2048
1586422510000213837,1,2,0,2048,2048,2048
1586422510064260666,1,2,0,2048,2048,2048
1586422510192436522,1,2,0,2048,2048,2048
1586422510256313202,1,2,0,2048,2048,2048
1586422510383912564,1,2,0,2048,2048,2048
1586422510447665161,1,2,0,2048,2048,2048
1586422510575587006,1,2,0,2048,2048,2048
1586422510639634440,1,2,0,2048,2048,2048
1586422510767678157,1,2,0,2048,2048,2048
1586422510895631643,1,2,0,2048,2048,2048
1586422510959612254,1,2,0,2048,2048,2048
1586422511087622062,1,2,0,2048,2048,2048
1586422511151616147,1,2,0,2048,2048,2048
1586422511279645539,1,2,0,2048,2048,2048
1586422511343694005,1,2,0,2048,2048,2048
1586422511471848302,1,2,0,2048,2048,2048
1586422511600278169,1,2,0,2048,2048,2048
1586422511664244025,1,2,0,2048,2048,2048
1586422511792228888,1,2,0,2048,2048,2048
1586422511856220446,1,2,0,2048,2048,2048
1586422511984151741,1,2,0,2048,2048,2048
1586422512048211363,1,2,0,2048,2048,2048
1586422512176550734,1,2,0,2048,2048,2048
1586422512240305424,1,2,0,2048,2048,2048
1586422512368352098,1,2,0,2048,2048,2048
1586422512543752405,1,2,0,2127,2123,2125
1586422512608870785,1,2,0,2126,2122,2124
1586422512672748844,1,2,0,2126,2122,2124
1586422512800205101,1,2,0,2124,2121,2122
1586422512864789108,1,2,0,2118,2115,2117
1586422512992676983,1,2,0,2108,2105,2106
1586422513056781613,1,2,0,2101,2099,2100
1586422513184543632,1,2,0,2087,2085,2086
1586422513248666344,1,2,0,2080,2078,2079
1586422513376700787,1,2,0,2066,2065,2066
1586422513440550168,1,2,0,2060,2060,2060
1586422513568551429,1,2,0,2052,2052,2052
1586422513696653574,1,2,0,2048,2048,2048
1586422513760517681,1,2,0,2048,2048,2048
1586422513888493017,1,2,0,2048,2048,2048
1586422513952570233,1,2,0,2049,2049,2049
1586422514080880396,1,2,0,2075,2075,2075
1586422514144812324,1,2,0,2107,2107,2107
1586422514272598796,1,2,0,2214,2214,2214
1586422514400628656,1,2,0,2372,2372,2372
1586422514464579250,1,2,0,2464,2464,2464
1586422514592403731,1,2,0,2655,2655,2655
1586422514656441022,1,2,0,2746,2746,2746
1586422514784518787,1,2,0,2904,2904,2904
1586422514848549562,1,2,0,2965,2965,2965
1586422514976556298,1,2,0,3044,3044,3044
1586422515040651648,1,2,0,3062,3062,3062
1586422515168536449,1,2,0,3071,3071,3071
1586422515296674503,1,2,0,3070,3070,3070
1586422515360581571,1,2,0,3062,3062,3062
1586422515488531688,1,2,0,3012,3012,3012
1586422515552643079,1,2,0,2965,2965,2965
1586422515680584648,1,2,0,2830,2830,2830
1586422515744701033,1,2,0,2746,2746,2746
1586422515872596271,1,2,0,2559,2559,2559
1586422516000311801,1,2,0,2464,2464,2464
1586422516064586338,1,2,0,2288,2288,2288
1586422516192893954,1,2,0,2153,2153,2153
1586422516256909734,1,2,0,2107,2107,2107
1586422516384979229,1,2,0,2056,2056,2056
1586422516448928891,1,2,0,2049,2049,2049
1586422516576644355,1,2,0,2048,2048,2048
1586422516640897657,1,2,0,2046,2046,2046
1586422516768684144,1,2,0,2020,2020,2020
1586422516896707540,1,2,0,1942,1942,1942
1586422516960689199,1,2,0,1881,1881,1881
1586422517088694407,1,2,0,1723,1723,1723
1586422517152551292,1,2,0,1631,1631,1631
1586422517280730448,1,2,0,1440,1440,1440
1586422517344757238,1,2,0,1349,1349,1349
1586422517472930586,1,2,0,1191,1191,1191
1586422517600418044,1,2,0,1130,1130,1130
1586422517664745419,1,2,0,1051,1051,1051
1586422517792765907,1,2,0,1025,1025,1025
1586422517856747999,1,2,0,1024,1024,1024
1586422517984744322,1,2,0,1025,1025,1025
1586422518048788705,1,2,0,1033,1033,1033
1586422518176902097,1,2,0,1083,1083,1083
1586422518240810055,1,2,0,1130,1130,1130
1586422518368809931,1,2,0,1265,1265,1265
1586422518496915995,1,2,0,1440,1440,1440
1586422518560769575,1,2,0,1536,1536,1536
1586422518688770238,1,2,0,1723,1723,1723
1586422518752753729,1,2,0,1807,1807,1807
1586422518880898946,1,2,0,1942,1942,1942
1586422518944941849,1,2,0,1988,1988,1988
1586422519072785474,1,2,0,2039,2039,2039
1586422519200367413,1,2,0,2046,2046,2046
1586422519264903060,1,2,0,2048,2048,2048
1586422519392766248,1,2,0,2056,2056,2056
1586422519457031198,1,2,0,2075,2075,2075
1586422519583905188,1,2,0,2153,2153,2153
1586422519648179528,1,2,0,2214,2214,2214
1586422519776359348,1,2,0,2372,2372,2372
1586422519840298206,1,2,0,2464,2464,2464
1586422519968318620,1,2,0,2655,2655,2655
1586422520096445032,1,2,0,2830,2830,2830
1586422520160783219,1,2,0,2904,2904,2904
1586422520288745743,1,2,0,3012,3012,3012
1586422520352778831,1,2,0,3044,3044,3044
1586422520480744609,1,2,0,3070,3070,3070
1586422520544951534,1,2,0,3071,3071,3071
1586422520672931529,1,2,0,3070,3070,3070
1586422520800736192,1,2,0,3062,3062,3062
1586422520864940088,1,2,0,3012,3012,3012
1586422520992870557,1,2,0,2904,2904,2904
1586422521056837727,1,2,0,2830,2830,2830
1586422521184751203,1,2,0,2655,2655,2655
1586422521248954998,1,2,0,2559,2559,2559
1586422521376892002,1,2,0,2372,2372,2372
1586422521440891814,1,2,0,2288,2288,2288
1586422521568901250,1,2,0,2153,2153,2153
1586422521696783939,1,2,0,2075,2075,2075
1586422521760885993,1,2,0,2056,2056,2056
1586422521888879761,1,2,0,2048,2048,2048
1586422521952845301,1,2,0,2048,2048,2048
1586422522080990385,1,2,0,2039,2039,2039
1586422522144913150,1,2,0,2020,2020,2020
1586422522272954269,1,2,0,1942,1942,1942
1586422522400657904,1,2,0,1881,1881,1881
1586422522464857897,1,2,0,1723,1723,1723
1586422522592624319,1,2,0,1536,1536,1536
1586422522656592070,1,2,0,1440,1440,1440
1586422522784982214,1,2,0,1265,1265,1265
1586422522848936983,1,2,0,1191,1191,1191
1586422522976861882,1,2,0,1083,1083,1083
1586422523040913926,1,2,0,1051,1051,1051
1586422523168837235,1,2,0,1025,1025,1025
1586422523296833646,1,2,0,1024,1024,1024
1586422523360941539,1,2,0,1025,1025,1025
1586422523488953495,1,2,0,1051,1051,1051
1586422523552972965,1,2,0,1083,1083,1083
1586422523680823574,1,2,0,1191,1191,1191
1586422523744855915,1,2,0,1265,1265,1265
1586422523872735289,1,2,0,1440,1440,1440
1586422524000399055,1,2,0,1536,1536,1536
1586422524064799945,1,2,0,1723,1723,1723
1586422524192692394,1,2,0,1881,1881,1881
1586422524256681988,1,2,0,1942,1942,1942
1586422524384638809,1,2,0,2020,2020,2020
1586422524448677052,1,2,0,2039,2039,2039
1586422524576692032,1,2,0,2048,2048,2048
1586422524640716965,1,2,0,2048,2048,2048
1586422524768731988,1,2,0,2056,2056,2056
1586422524896740925,1,2,0,2107,2107,2107
1586422524960765559,1,2,0,2153,2153,2153
1586422525088782343,1,2,0,2288,2288,2288
1586422525152756642,1,2,0,2372,2372,2372
1586422525280747095,1,2,0,2559,2559,2559
1586422525344879138,1,2,0,2655,2655,2655
1586422525472718952,1,2,0,2830,2830,2830
1586422525600486110,1,2,0,2904,2904,2904
1586422525664740803,1,2,0,3012,3012,3012
1586422525792737757,1,2,0,3062,3062,3062
1586422525856819528,1,2,0,3070,3070,3070
1586422525984831774,1,2,0,3071,3071,3071
1586422526048752929,1,2,0,3070,3070,3070
1586422526176994201,1,2,0,3044,3044,3044
1586422526241031070,1,2,0,3012,3012,3012
1586422526369102697,1,2,0,2904,2904,2904
1586422526497031269,1,2,0,2746,2746,2746
1586422526560904234,1,2,0,2655,2655,2655
1586422526688959769,1,2,0,2464,2464,2464
1586422526753016665,1,2,0,2372,2372,2372
1586422526880762734,1,2,0,2214,2214,2214
1586422526944744989,1,2,0,2153,2153,2153
1586422527072743293,1,2,0,2075,2075,2075
1586422527200529157,1,2,0,2056,2056,2056
1586422527264755141,1,2,0,2048,2048,2048
1586422527392741047,1,2,0,2046,2046,2046
1586422527456983662,1,2,0,2039,2039,2039
1586422527584829933,1,2,0,1988,1988,1988
1586422527648724310,1,2,0,1942,1942,1942
1586422527776824000,1,2,0,1807,1807,1807
1586422527840786354,1,2,0,1723,1723,1723
1586422527968719001,1,2,0,1536,1536,1536
1586422528096880688,1,2,0,1349,1349,1349
1586422528160748763,1,2,0,1265,1265,1265
1586422528240103576,1,2,0,1191,1191,1191
1586422528369093288,1,2,0,1083,1083,1083
1586422528497137951,1,2,0,1033,1033,1033
1586422528560023813,1,2,0,1025,1025,1025
1586422528688825125,1,2,0,1024,1024,1024
1586422528752819870,1,2,0,1025,1025,1025
1586422528880838855,1,2,0,1051,1051,1051
1586422528944778975,1,2,0,1083,1083,1083
1586422529072885635,1,2,0,1191,1191,1191
1586422529200614176,1,2,0,1265,1265,1265
1586422529264826716,1,2,0,1440,1440,1440
1586422529392831881,1,2,0,1631,1631,1631
1586422529456958322,1,2,0,1723,1723,1723
1586422529584870991,1,2,0,1881,1881,1881
1586422529648976996,1,2,0,1942,1942,1942
1586422529776931649,1,2,0,2020,2020,2020
1586422529840880480,1,2,0,2039,2039,2039
1586422529968830871,1,2,0,2048,2048,2048
1586422530096950129,1,2,0,2049,2049,2049
1586422530160846893,1,2,0,2056,2056,2056
1586422530288859562,1,2,0,2107,2107,2107
1586422530352938135,1,2,0,2153,2153,2153
1586422530480769601,1,2,0,2288,2288,2288
1586422530544755380,1,2,0,2372,2372,2372
1586422530672784831,1,2,0,2559,2559,2559
1586422530800804374,1,2,0,2655,2655,2655
1586422530864822080,1,2,0,2830,2830,2830
1586422530992811022,1,2,0,2965,2965,2965
1586422531056871427,1,2,0,3012,3012,3012
1586422531184795962,1,2,0,3062,3062,3062
1586422531248926368,1,2,0,3070,3070,3070
1586422531376812925,1,2,0,3071,3071,3071
1586422531440924964,1,2,0,3070,3070,3070
1586422531568839148,1,2,0,3044,3044,3044
1586422531696866999,1,2,0,2965,2965,2965
1586422531760837264,1,2,0,2904,2904,2904
1586422531888847690,1,2,0,2746,2746,2746
1586422531952897184,1,2,0,2655,2655,2655
1586422532080818146,1,2,0,2464,2464,2464
1586422532145057557,1,2,0,2372,2372,2372
1586422532272827570,1,2,0,2214,2214,2214
1586422532400632738,1,2,0,2153,2153,2153
1586422532464452700,1,2,0,2075,2075,2075
1586422532592954169,1,2,0,2049,2049,2049
1586422532657043674,1,2,0,2048,2048,2048
1586422532785084203,1,2,0,2046,2046,2046
1586422532849180156,1,2,0,2039,2039,2039
1586422532977137396,1,2,0,1988,1988,1988
1586422533040876276,1,2,0,1942,1942,1942
1586422533168822751,1,2,0,1807,1807,1807
1586422533296874981,1,2,0,1631,1631,1631
1586422533360916910,1,2,0,1536,1536,1536
1586422533488881414,1,2,0,1349,1349,1349
1586422533552898474,1,2,0,1265,1265,1265
1586422533680719859,1,2,0,1130,1130,1130
1586422533745099302,1,2,0,1083,1083,1083
1586422533872987419,1,2,0,1033,1033,1033
1586422533937372606,1,2,0,1025,1025,1025
1586422534065052603,1,2,0,1024,1024,1024
1586422534192953048,1,2,0,1033,1033,1033
1586422534256859670,1,2,0,1051,1051,1051
1586422534384907828,1,2,0,1130,1130,1130
1586422534448217634,1,2,0,1191,1191,1191
1586422534576756166,1,2,0,1349,1349,1349
1586422534640961094,1,2,0,1440,1440,1440
1586422534768888457,1,2,0,1631,1631,1631
1586422534897184347,1,2,0,1807,1807,1807
1586422534960138831,1,2,0,1881,1881,1881
1586422535089250457,1,2,0,1988,1988,1988
1586422535153237706,1,2,0,2020,2020,2020
1586422535281159450,1,2,0,2046,2046,2046
1586422535345507751,1,2,0,2048,2048,2048
1586422535473539461,1,2,0,2048,2048,2048
1586422535537001449,1,2,0,2048,2048,2048
1586422535664785792,1,2,0,2048,2048,2048
1586422535793045970,1,2,0,2048,2048,2048
1586422535856424999,1,2,0,2048,2048,2048
1586422535984604332,1,2,0,2048,2048,2048
1586422536048713690,1,2,0,2048,2048,2048
1586422536176601395,1,2,0,2048,2048,2048
1586422536240725247,1,2,0,2048,2048,2048
1586422536368716525,1,2,0,2048,2048,2048
1586422536496615253,1,2,0,2048,2048,2048
1586422536560643595,1,2,0,2048,2048,2048
1586422536688731703,1,2,0,2048,2048,2048
1586422536752536429,1,2,0,2048,2048,2048
1586422536880710509,1,2,0,2048,2048,2048
1586422536944716073,1,2,0,2048,2048,2048
1586422537072970652,1,2,0,2048,2048,2048
1586422537136631662,1,2,0,2048,2048,2048
1586422537264710737,1,2,0,2048,2048,2048
1586422537392641483,1,2,0,2048,2048,2048
1586422537456783312,1,2,0,2048,2048,2048
1586422537584690592,1,2,0,2048,2048,2048
1586422537648884885,1,2,0,2048,2048,2048
