1586432143304239586,first,1,2065,0,0,second,2,2066,0,0,zero,0,2073,0,0
1586432143432263897,first,1,2065,0,0,second,2,2065,0,0,zero,0,2073,0,-1
1586432143560493597,first,1,2066,0,0,second,2,2067,0,0,zero,0,2073,0,0
1586432143624556501,first,1,2067,0,0,second,2,2067,0,0,zero,0,2073,0,0
1586432143752271914,first,1,2067,0,0,second,2,2067,0,0,zero,0,2073,0,0
1586432143816166140,first,1,2067,0,0,second,2,2068,0,0,zero,0,2073,0,0
1586432143944157675,first,1,2068,0,0,second,2,2069,0,0,zero,0,2073,0,0
1586432144008139583,first,1,2068,0,0,second,2,2069,0,0,zero,0,2073,0,0
1586432144135850590,first,1,2069,0,0,second,2,2069,0,0,zero,0,2073,0,0
1586432144199936510,first,1,2071,0,0,second,2,2069,0,0,zero,0,2073,0,0
1586432144327857442,first,1,2070,0,0,second,2,2071,0,0,zero,0,2073,0,-1
1586432144456214105,first,1,2071,0,0,second,2,2070,0,0,zero,0,2073,0,-1
1586432144520109239,first,1,2071,0,0,second,2,2071,0,0,zero,0,2073,0,-1
1586432144648132461,first,1,2071,0,0,second,2,2070,0,0,zero,0,2073,0,-1
1586432144712315853,first,1,2071,0,0,second,2,2071,0,0,zero,0,2073,0,-1
1586432144839711491,first,1,2071,0,0,second,2,2073,0,0,zero,0,2073,0,-1
1586432144904277836,first,1,2071,0,0,second,2,2073,0,0,zero,0,2073,0,-1
1586432145032233529,first,1,2071,0,0,second,2,2072,0,0,zero,0,2073,0,-1
1586432145160144173,first,1,2071,0,0,second,2,2073,0,0,zero,0,2073,0,-1
1586432145224123793,first,1,2071,0,0,second,2,2072,0,0,zero,0,2073,0,-1
1586432145352212598,first,1,2075,0,0,second,2,2072,0,0,zero,0,2073,0,0
1586432145416308499,first,1,2076,0,0,second,2,2073,0,0,zero,0,2073,0,0
1586432145544195687,first,1,2076,0,0,second,2,2074,0,0,zero,0,2073,0,-1
1586432145608181154,first,1,2076,0,0,second,2,2074,0,0,zero,0,2073,0,0
1586432145736233050,first,1,2076,0,0,second,2,2073,0,0,zero,0,2073,0,0
1586432145800223192,first,1,2076,0,0,second,2,2074,0,0,zero,0,2073,0,0
1586432145928395592,first,1,2076,0,0,second,2,2075,0,0,zero,0,2073,0,0
1586432146056221600,first,1,2076,0,0,second,2,2075,0,0,zero,0,2073,0,0
1586432146120239959,first,1,2076,0,0,second,2,2075,0,0,zero,0,2073,0,0
1586432146248253620,first,1,2076,0,0,second,2,2075,0,0,zero,0,2073,0,0
1586432146312202642,first,1,2076,0,0,second,2,2075,0,0,zero,0,2073,0,0
1586432146440143221,first,1,2076,0,0,second,2,2075,0,0,zero,0,2073,0,-1
1586432146504290795,first,1,2076,0,0,second,2,2075,0,0,zero,0,2073,0,-1
1586432146632356577,first,1,2076,0,0,second,2,2075,0,0,zero,0,2073,0,-1
1586432146760219017,first,1,2076,0,0,second,2,2075,0,0,zero,0,2073,0,-1
1586432146824247661,first,1,2076,0,0,second,2,2075,0,0,zero,0,2073,0,-1
1586432146952325413,first,1,2076,0,0,second,2,2075,0,0,zero,0,2073,0,-1
1586432147016234452,first,1,2076,0,0,second,2,2075,0,0,zero,0,2073,0,-1
1586432147144230557,first,1,2076,0,0,second,2,2075,0,0,zero,0,2073,0,-1
1586432147208264482,first,1,2076,0,0,second,2,2075,0,0,zero,0,2073,0,-1
1586432147335764355,first,1,2076,0,0,second,2,2075,0,0,zero,0,2073,0,0
1586432147399724735,first,1,2076,0,0,second,2,2075,0,0,zero,0,2073,0,0
1586432147527786807,first,1,2076,0,0,second,2,2075,0,0,zero,0,2073,0,0
1586432147655649433,first,1,2076,0,0,second,2,2075,0,0,zero,0,2073,0,0
1586432147719589071,first,1,2076,0,0,second,2,2075,0,0,zero,0,2073,0,0
1586432147847625787,first,1,2076,0,0,second,2,2075,0,0,zero,0,2073,0,0
1586432147911628113,first,1,2076,0,0,second,2,2075,0,0,zero,0,2073,0,0
1586432148039628102,first,1,2076,0,0,second,2,2075,0,0,zero,0,2073,0,-1
1586432148103644046,first,1,2076,0,0,second,2,2075,0,0,zero,0,2073,0,-1
1586432148231643297,first,1,2076,0,0,second,2,2075,0,0,zero,0,2073,0,-1
1586432148359825691,first,1,2076,0,0,second,2,2075,0,0,zero,0,2073,0,-1
1586432148424164753,first,1,2076,0,0,second,2,2075,0,0,zero,0,2073,0,-1
1586432148552190663,first,1,2076,0,0,second,2,2075,0,0,zero,0,2073,0,-1
1586432148616066942,first,1,2076,0,0,second,2,2075,0,0,zero,0,2073,0,-1
1586432148744553647,first,1,2076,0,0,second,2,2075,0,0,zero,0,2073,0,-1
1586432148808107519,first,1,2076,0,0,second,2,2075,0,0,zero,0,2073,0,-1
1586432148936166077,first,1,2076,0,0,second,2,2075,0,0,zero,0,2073,0,-1
1586432149000352075,first,1,2076,0,0,second,2,2075,0,0,zero,0,2073,0,-1
1586432149128412570,first,1,2076,0,0,second,2,2075,0,0,zero,0,2073,0,-1
1586432149256198734,first,1,2076,0,0,second,2,2075,0,0,zero,0,2073,0,0
1586432149381195185,first,1,2076,0,0,second,2,2075,0,0,zero,0,2073,0,0
1586432149448091570,first,1,2076,0,0,second,2,2075,0,0,zero,0,2073,0,0
1586432149512594543,first,1,2076,0,0,second,2,2075,0,0,zero,0,2073,0,0
1586432149640638342,first,1,2076,0,0,second,2,2075,0,0,zero,0,2073,0,-1
1586432149704430387,first,1,2076,0,0,second,2,2075,0,0,zero,0,2073,0,-1
1586432149832588114,first,1,2076,0,0,second,2,2075,0,0,zero,0,2073,0,-1
1586432149960617185,first,1,2076,0,0,second,2,2075,0,0,zero,0,2073,0,-1
1586432150024606036,first,1,2076,0,0,second,2,2075,0,0,zero,0,2073,0,-1
1586432150153089516,first,1,2076,0,0,second,2,2075,0,0,zero,0,2073,0,-1
1586432150217033408,first,1,2076,0,0,second,2,2075,0,0,zero,0,2073,0,-1
1586432150345068549,first,1,2076,0,0,second,2,2075,0,0,zero,0,2073,0,-1
1586432150408617695,first,1,2076,0,0,second,2,2075,0,0,zero,0,2073,0,-1
1586432150536759107,first,1,2076,0,0,second,2,2075,0,0,zero,0,2073,0,-1
1586432150600651136,first,1,2076,0,0,second,2,2075,0,0,zero,0,2073,0,-1
1586432150728944043,first,1,2076,0,0,second,2,2075,0,0,zero,0,2073,0,-1
1586432150856959193,first,1,2076,0,0,second,2,2075,0,0,zero,0,2073,0,-1
1586432150920883930,first,1,2076,0,0,second,2,2075,0,0,zero,0,2072,0,-1
1586432151048670737,first,1,2076,0,0,second,2,2075,0,0,zero,0,2073,0,-1
1586432151112801250,first,1,2076,0,0,second,2,2075,0,0,zero,0,2072,0,-1
1586432151242034412,first,1,2076,0,0,second,2,2075,0,0,zero,0,2073,0,-1
1586432151304691495,first,1,2076,0,0,second,2,2075,0,0,zero,0,2073,0,-1
1586432151432902969,first,1,2076,0,0,second,2,2075,0,0,zero,0,2073,0,-1
1586432151560637797,first,1,2076,0,0,second,2,2075,0,0,zero,0,2073,0,-1
1586432151624524292,first,1,2076,0,0,second,2,2075,0,0,zero,0,2072,0,-1
1586432151752656512,first,1,2076,0,0,second,2,2075,0,0,zero,0,2072,0,-1
1586432151816642389,first,1,2076,0,0,second,2,2075,0,0,zero,0,2073,0,-1
1586432151944717619,first,1,2076,0,0,second,2,2075,0,0,zero,0,2073,0,-1
1586432152008441617,first,1,2076,0,0,second,2,2075,0,0,zero,0,2073,0,-1
1586432152136883386,first,1,2076,0,0,second,2,2075,0,0,zero,0,2073,0,-1
1586432152200428130,first,1,2076,0,0,second,2,2075,0,0,zero,0,2073,0,-1
1586432152328580416,first,1,2076,0,0,second,2,2075,0,0,zero,0,2073,0,-1
1586432152456506962,first,1,2076,0,0,second,2,2075,0,0,zero,0,2072,0,-1
1586432152521220644,first,1,2076,0,0,second,2,2075,0,0,zero,0,2073,0,0
1586432152649114629,first,1,2076,0,0,second,2,2075,0,0,zero,0,2076,0,2
1586432152712502650,first,1,2076,0,0,second,2,2075,0,0,zero,0,2085,7,4
1586432152840450557,first,1,2077,0,0,second,2,2078,0,0,zero,0,2129,23,3
1586432152904652649,first,1,2079,0,0,second,2,2079,0,0,zero,0,2161,30,5
1586432153032702560,first,1,2095,8,3,second,2,2101,13,1,zero,0,2240,40,4
1586432153160605135,first,1,2145,24,5,second,2,2159,31,2,zero,0,2330,43,4
1586432153224545071,first,1,2182,32,5,second,2,2200,38,5,zero,0,2377,45,8
1586432153352565245,first,1,2280,48,4,second,2,2299,49,5,zero,0,2487,54,6
1586432153416430365,first,1,2338,55,6,second,2,2358,55,5,zero,0,2546,57,6
1586432153544515246,first,1,2472,66,5,second,2,2485,63,4,zero,0,2676,65,9
1586432153608614035,first,1,2546,70,6,second,2,2554,65,5,zero,0,2750,71,8
1586432153736832674,first,1,2703,78,8,second,2,2702,73,5,zero,0,2903,76,8
1586432153800653805,first,1,2787,81,8,second,2,2781,76,5,zero,0,2982,78,9
1586432153928769736,first,1,2963,87,7,second,2,2951,83,7,zero,0,3137,77,6
1586432154056554241,first,1,3142,88,6,second,2,3131,88,5,zero,0,3283,72,5
1586432154120586988,first,1,3233,88,7,second,2,3222,90,7,zero,0,3353,69,5
1586432154248714253,first,1,3411,88,5,second,2,3410,93,5,zero,0,3482,60,3
1586432154312554439,first,1,3500,88,5,second,2,3503,93,3,zero,0,3539,56,4
1586432154441071545,first,1,3674,85,3,second,2,3680,87,4,zero,0,3642,48,2
1586432154504689488,first,1,3756,83,3,second,2,3765,84,3,zero,0,3689,46,3
1586432154632614938,first,1,3911,75,2,second,2,3916,72,1,zero,0,3781,44,3
1586432154760632187,first,1,4030,57,11,second,2,4027,47,6,zero,0,3869,43,5
1586432154824567085,first,1,4044,21,2,second,2,4039,12,0,zero,0,3910,41,3
1586432154952778652,first,1,4046,0,0,second,2,4041,0,0,zero,0,3973,24,-3
1586432155016690371,first,1,4047,0,0,second,2,4046,2,1,zero,0,3974,1,0
1586432155145130683,first,1,4051,0,0,second,2,4073,12,1,zero,0,3973,0,-3
1586432155208449692,first,1,4055,1,1,second,2,4083,9,0,zero,0,3971,0,-1
1586432155336554884,first,1,4088,16,1,second,2,4082,0,0,zero,0,3966,-1,-3
1586432155400662887,first,1,4101,14,2,second,2,4082,0,0,zero,0,3954,-10,-2
1586432155529107252,first,1,4101,0,0,second,2,4083,0,0,zero,0,3919,-16,-6
1586432155656591059,first,1,4100,0,-2,second,2,4082,0,1,zero,0,3870,-24,-7
1586432155720605335,first,1,4099,0,-3,second,2,4082,0,0,zero,0,3839,-28,-6
1586432155848619888,first,1,4078,-9,-3,second,2,4082,0,-2,zero,0,3766,-35,-8
1586432155912533027,first,1,4061,-13,-4,second,2,4079,0,-4,zero,0,3726,-38,-6
1586432156040598313,first,1,4023,-17,-5,second,2,4052,-13,-5,zero,0,3645,-39,-8
1586432156104702365,first,1,4001,-20,-6,second,2,4032,-18,-8,zero,0,3605,-38,-7
1586432156232581034,first,1,3949,-25,-8,second,2,3973,-30,-10,zero,0,3527,-37,-8
1586432156360746793,first,1,3875,-36,-9,second,2,3892,-40,-11,zero,0,3438,-42,-8
1586432156425206348,first,1,3833,-40,-9,second,2,3845,-44,-9,zero,0,3390,-45,-7
1586432156552609473,first,1,3741,-44,-11,second,2,3737,-54,-12,zero,0,3298,-44,-6
1586432156616625009,first,1,3692,-47,-11,second,2,3677,-58,-13,zero,0,3254,-43,-6
1586432156744546349,first,1,3584,-53,-11,second,2,3548,-64,-9,zero,0,3168,-42,-5
1586432156808591451,first,1,3525,-56,-13,second,2,3481,-65,-10,zero,0,3128,-41,-5
1586432156936725356,first,1,3402,-60,-13,second,2,3345,-66,-8,zero,0,3055,-35,-4
1586432157000635414,first,1,3339,-62,-12,second,2,3279,-66,-10,zero,0,3023,-33,-4
1586432157128763275,first,1,3211,-63,-14,second,2,3151,-62,-10,zero,0,2957,-32,-7
1586432157256816260,first,1,3082,-63,-13,second,2,3036,-55,-7,zero,0,2891,-32,-3
1586432157320721603,first,1,3020,-62,-11,second,2,2982,-53,-8,zero,0,2860,-30,-4
1586432157448200304,first,1,2902,-58,-11,second,2,2880,-49,-7,zero,0,2801,-29,-3
1586432157512041990,first,1,2847,-56,-9,second,2,2834,-46,-6,zero,0,2773,-28,-4
1586432157640858611,first,1,2748,-47,-8,second,2,2748,-41,-7,zero,0,2715,-28,-4
1586432157704567758,first,1,2702,-44,-7,second,2,2708,-39,-7,zero,0,2686,-28,-5
1586432157832779511,first,1,2621,-40,-7,second,2,2633,-36,-7,zero,0,2622,-30,-3
1586432157960657470,first,1,2545,-37,-8,second,2,2560,-34,-8,zero,0,2550,-34,-6
1586432158024640298,first,1,2507,-36,-8,second,2,2525,-34,-7,zero,0,2512,-36,-7
1586432158152906107,first,1,2433,-36,-6,second,2,2455,-34,-7,zero,0,2428,-41,-9
1586432158217181180,first,1,2396,-36,-7,second,2,2420,-34,-6,zero,0,2382,-44,-8
1586432158344689901,first,1,2322,-36,-8,second,2,2347,-35,-9,zero,0,2270,-56,-11
1586432158408597847,first,1,2284,-36,-6,second,2,2309,-36,-9,zero,0,2210,-59,-12
1586432158535903761,first,1,2203,-38,-9,second,2,2222,-41,-10,zero,0,2083,-62,-10
1586432158599844306,first,1,2161,-39,-9,second,2,2173,-45,-10,zero,0,2017,-65,-10
1586432158728659934,first,1,2075,-42,-11,second,2,2065,-53,-12,zero,0,1882,-66,-9
1586432158856124204,first,1,1978,-47,-11,second,2,1945,-60,-12,zero,0,1747,-66,-10
1586432158920274233,first,1,1924,-51,-14,second,2,1882,-61,-9,zero,0,1680,-66,-9
1586432159048122794,first,1,1800,-61,-13,second,2,1750,-65,-11,zero,0,1550,-64,-8
1586432159112894029,first,1,1732,-65,-16,second,2,1682,-67,-12,zero,0,1485,-63,-7
1586432159241006003,first,1,1584,-73,-15,second,2,1540,-69,-11,zero,0,1363,-58,-8
1586432159304541371,first,1,1505,-76,-15,second,2,1467,-72,-11,zero,0,1307,-56,-9
1586432159433117527,first,1,1346,-78,-14,second,2,1319,-73,-12,zero,0,1197,-53,-7
1586432159560701013,first,1,1188,-78,-13,second,2,1168,-75,-11,zero,0,1094,-51,-10
1586432159624904334,first,1,1112,-77,-14,second,2,1092,-75,-9,zero,0,1044,-49,-6
1586432159752672156,first,1,965,-73,-12,second,2,947,-72,-8,zero,0,949,-45,-7
1586432159816743844,first,1,896,-70,-11,second,2,877,-69,-8,zero,0,908,-42,-5
1586432159944681291,first,1,764,-64,-10,second,2,747,-61,-8,zero,0,836,-35,-5
1586432160008704601,first,1,704,-60,-11,second,2,690,-57,-5,zero,0,801,-34,-6
1586432160136559149,first,1,595,-53,-9,second,2,589,-46,-5,zero,0,730,-34,-4
1586432160200632541,first,1,547,-48,-8,second,2,547,-41,-4,zero,0,697,-33,-4
1586432160328601453,first,1,459,-41,-8,second,2,476,-33,-5,zero,0,634,-30,-4
1586432160456692331,first,1,383,-37,-7,second,2,418,-27,-5,zero,0,583,-23,-1
1586432160520791539,first,1,348,-35,-4,second,2,391,-26,-5,zero,0,577,-7,0
1586432160648692068,first,1,285,-29,-3,second,2,338,-25,-3,zero,0,577,0,0
1586432160712642051,first,1,263,-24,-2,second,2,313,-24,-4,zero,0,577,0,0
1586432160840911164,first,1,234,-13,-1,second,2,267,-21,-2,zero,0,581,1,2
1586432160904734218,first,1,224,-9,-1,second,2,251,-15,-1,zero,0,591,7,2
1586432161032769167,first,1,220,0,0,second,2,246,0,0,zero,0,623,16,3
1586432161160696578,first,1,225,1,2,second,2,246,0,0,zero,0,672,24,4
1586432161224726708,first,1,240,10,2,second,2,251,2,1,zero,0,702,28,5
1586432161352688626,first,1,292,25,4,second,2,297,26,4,zero,0,775,35,6
1586432161416573844,first,1,329,33,3,second,2,337,37,4,zero,0,817,39,7
1586432161544930726,first,1,422,46,3,second,2,441,53,7,zero,0,906,43,5
1586432161608712983,first,1,476,51,7,second,2,505,61,5,zero,0,953,46,7
1586432161736711938,first,1,607,64,7,second,2,651,73,6,zero,0,1060,53,7
1586432161800706876,first,1,681,70,6,second,2,730,77,5,zero,0,1120,58,9
1586432161929080652,first,1,845,81,7,second,2,896,81,4,zero,0,1243,60,7
1586432162056767262,first,1,1025,90,7,second,2,1066,83,5,zero,0,1369,61,5
1586432162120686275,first,1,1120,93,7,second,2,1152,85,5,zero,0,1427,58,4
1586432162248660101,first,1,1312,94,7,second,2,1326,86,4,zero,0,1528,47,2
1586432162312638697,first,1,1406,94,6,second,2,1411,85,3,zero,0,1572,43,3
1586432162441045405,first,1,1583,87,1,second,2,1575,81,3,zero,0,1654,40,3
1586432162504616079,first,1,1663,82,1,second,2,1652,78,1,zero,0,1694,39,2
1586432162632698572,first,1,1804,67,1,second,2,1797,70,1,zero,0,1777,39,4
1586432162760700098,first,1,1864,19,2,second,2,1863,15,0,zero,0,1860,40,4
1586432162824783081,first,1,1865,2,0,second,2,1865,1,0,zero,0,1898,38,1
1586432162952802592,first,1,1884,9,1,second,2,1871,2,1,zero,0,1922,1,0
1586432163016625399,first,1,1906,18,1,second,2,1888,14,1,zero,0,1923,0,0
1586432163144759473,first,1,1952,20,1,second,2,1944,29,1,zero,0,1941,11,7
1586432163208751045,first,1,1974,20,1,second,2,1975,29,1,zero,0,1966,22,7
1586432163336927552,first,1,2018,20,1,second,2,2036,29,1,zero,0,2041,39,8
1586432163400750635,first,1,2041,21,1,second,2,2067,29,1,zero,0,2088,46,8
1586432163528773195,first,1,2108,33,3,second,2,2130,29,1,zero,0,2199,55,6
1586432163656820068,first,1,2196,43,4,second,2,2201,35,1,zero,0,2319,59,7
1586432163720670958,first,1,2248,49,3,second,2,2245,41,2,zero,0,2382,60,5
1586432163848681916,first,1,2366,57,4,second,2,2350,52,6,zero,0,2510,62,7
1586432163912800074,first,1,2430,60,5,second,2,2412,59,3,zero,0,2577,64,7
1586432164040835229,first,1,2566,66,3,second,2,2550,68,7,zero,0,2720,71,9
1586432164104942042,first,1,2639,70,4,second,2,2627,74,5,zero,0,2795,74,8
1586432164232769343,first,1,2791,75,6,second,2,2791,81,4,zero,0,2950,76,7
1586432164360798575,first,1,2957,82,5,second,2,2968,86,6,zero,0,3104,76,8
1586432164425521652,first,1,3043,84,6,second,2,3060,89,4,zero,0,3180,76,8
1586432164552988325,first,1,3221,87,6,second,2,3241,89,3,zero,0,3333,75,5
1586432164616685413,first,1,3310,88,7,second,2,3333,90,4,zero,0,3405,71,5
1586432164744917103,first,1,3494,90,6,second,2,3509,87,2,zero,0,3540,63,4
1586432164808816682,first,1,3587,91,4,second,2,3594,85,4,zero,0,3599,58,4
1586432164936974940,first,1,3764,88,3,second,2,3759,81,2,zero,0,3704,50,2
1586432165000722205,first,1,3848,84,1,second,2,3837,78,2,zero,0,3752,47,3
1586432165128762753,first,1,3994,70,1,second,2,3983,71,1,zero,0,3842,43,4
1586432165256752611,first,1,4058,21,1,second,2,4051,15,3,zero,0,3921,37,2
1586432165320899631,first,1,4058,2,0,second,2,4051,0,0,zero,0,3956,35,1
1586432165448817425,first,1,4061,0,0,second,2,4053,0,0,zero,0,3978,0,-1
1586432165512891931,first,1,4063,0,0,second,2,4055,0,0,zero,0,3978,0,0
1586432165640795430,first,1,4067,0,0,second,2,4058,0,0,zero,0,3978,0,-1
1586432165704756357,first,1,4069,0,0,second,2,4060,0,0,zero,0,3973,-2,-1
1586432165832798044,first,1,4071,0,0,second,2,4062,0,0,zero,0,3952,-9,-2
1586432165960955403,first,1,4072,0,0,second,2,4062,0,0,zero,0,3923,-13,-2
1586432166024828254,first,1,4072,0,0,second,2,4062,0,0,zero,0,3907,-14,-4
1586432166152787723,first,1,4072,0,-1,second,2,4062,0,-1,zero,0,3868,-18,-7
1586432166216829389,first,1,4072,0,-1,second,2,4062,0,-1,zero,0,3841,-24,-8
1586432166344994893,first,1,4063,-3,-2,second,2,4062,0,-3,zero,0,3769,-35,-7
1586432166408776137,first,1,4051,-9,-4,second,2,4061,0,-4,zero,0,3728,-38,-5
1586432166536842299,first,1,4017,-15,-7,second,2,4036,-13,-7,zero,0,3643,-41,-6
1586432166600815877,first,1,3996,-19,-5,second,2,4016,-18,-9,zero,0,3600,-41,-8
1586432166728963580,first,1,3937,-28,-8,second,2,3954,-32,-9,zero,0,3514,-41,-6
1586432166856868648,first,1,3857,-40,-10,second,2,3869,-42,-10,zero,0,3426,-41,-6
1586432166920654317,first,1,3812,-43,-10,second,2,3819,-48,-12,zero,0,3382,-41,-6
1586432167048861643,first,1,3714,-47,-10,second,2,3709,-55,-9,zero,0,3295,-42,-6
1586432167112785406,first,1,3661,-50,-11,second,2,3648,-58,-10,zero,0,3252,-42,-6
1586432167240757244,first,1,3552,-53,-12,second,2,3521,-62,-10,zero,0,3164,-43,-9
1586432167304751968,first,1,3493,-56,-13,second,2,3455,-65,-9,zero,0,3121,-43,-9
1586432167432748502,first,1,3370,-61,-12,second,2,3317,-68,-10,zero,0,3041,-38,-6
1586432167560386724,first,1,3243,-62,-13,second,2,3180,-68,-9,zero,0,2971,-35,-4
1586432167624724735,first,1,3178,-63,-11,second,2,3117,-63,-9,zero,0,2935,-35,-5
1586432167752916862,first,1,3049,-63,-11,second,2,2996,-57,-7,zero,0,2867,-33,-3
1586432167816650236,first,1,2986,-62,-12,second,2,2943,-54,-6,zero,0,2834,-33,-3
1586432167944642367,first,1,2865,-59,-10,second,2,2843,-47,-6,zero,0,2777,-28,-2
1586432168008672006,first,1,2812,-55,-10,second,2,2796,-45,-6,zero,0,2749,-27,-2
1586432168138082972,first,1,2711,-48,-8,second,2,2711,-40,-5,zero,0,2696,-25,-7
1586432168200660887,first,1,2667,-44,-6,second,2,2674,-37,-5,zero,0,2666,-27,-5
1586432168328656206,first,1,2588,-38,-7,second,2,2605,-32,-6,zero,0,2602,-32,-5
1586432168456787031,first,1,2511,-37,-7,second,2,2543,-30,-6,zero,0,2531,-33,-6
1586432168520075032,first,1,2474,-36,-6,second,2,2511,-30,-7,zero,0,2495,-34,-7
1586432168649002247,first,1,2403,-34,-4,second,2,2445,-31,-8,zero,0,2411,-41,-8
1586432168712987532,first,1,2369,-34,-4,second,2,2410,-32,-7,zero,0,2363,-46,-9
1586432168841326023,first,1,2298,-34,-7,second,2,2334,-36,-10,zero,0,2250,-56,-8
1586432168904950268,first,1,2262,-34,-6,second,2,2292,-39,-7,zero,0,2190,-60,-11
1586432169033020310,first,1,2185,-37,-9,second,2,2199,-44,-10,zero,0,2061,-63,-10
1586432169160985733,first,1,2101,-41,-9,second,2,2094,-51,-9,zero,0,1923,-68,-10
1586432169225284688,first,1,2055,-42,-9,second,2,2037,-54,-11,zero,0,1854,-68,-8
1586432169353079830,first,1,1957,-48,-11,second,2,1915,-60,-11,zero,0,1720,-66,-8
1586432169417593753,first,1,1902,-52,-13,second,2,1850,-63,-10,zero,0,1655,-64,-10
1586432169545008843,first,1,1775,-63,-16,second,2,1715,-68,-10,zero,0,1530,-61,-11
1586432169608976133,first,1,1705,-66,-15,second,2,1644,-69,-10,zero,0,1465,-61,-11
1586432169737420589,first,1,1556,-74,-16,second,2,1500,-71,-11,zero,0,1343,-60,-7
1586432169801075840,first,1,1478,-77,-14,second,2,1426,-73,-10,zero,0,1284,-58,-9
1586432169929059414,first,1,1315,-79,-14,second,2,1276,-74,-9,zero,0,1166,-57,-8
1586432170057071804,first,1,1153,-79,-14,second,2,1132,-72,-11,zero,0,1057,-53,-5
1586432170121043506,first,1,1077,-78,-14,second,2,1062,-71,-9,zero,0,1010,-48,-6
1586432170248988049,first,1,930,-72,-11,second,2,920,-69,-9,zero,0,921,-43,-5
1586432170313065615,first,1,860,-69,-11,second,2,851,-67,-9,zero,0,881,-39,-5
1586432170440659449,first,1,731,-63,-11,second,2,724,-61,-8,zero,0,811,-33,-7
1586432170504228305,first,1,672,-58,-9,second,2,667,-57,-7,zero,0,776,-33,-4
1586432170649109454,first,1,556,-49,-9,second,2,554,-46,-7,zero,0,695,-35,-5
1586432170712867852,first,1,509,-46,-7,second,2,511,-41,-5,zero,0,661,-34,-3
1586432170840809969,first,1,425,-40,-7,second,2,439,-34,-5,zero,0,601,-29,-2
1586432170904918974,first,1,387,-38,-5,second,2,408,-30,-5,zero,0,573,-27,-2
1586432171032911112,first,1,316,-35,-4,second,2,352,-27,-5,zero,0,546,-6,0
1586432171160919357,first,1,253,-29,-2,second,2,300,-25,-4,zero,0,546,0,0
1586432171225149892,first,1,230,-24,-2,second,2,275,-24,-1,zero,0,546,0,0
1586432171354132941,first,1,203,-11,-1,second,2,234,-17,-2,zero,0,550,1,1
1586432171417091237,first,1,198,-6,0,second,2,223,-11,-1,zero,0,562,9,1
1586432171544824973,first,1,198,0,0,second,2,219,0,0,zero,0,603,21,3
1586432171608753872,first,1,199,0,0,second,2,220,0,0,zero,0,629,24,4
1586432171737309832,first,1,217,9,3,second,2,240,13,2,zero,0,695,31,4
1586432171800812017,first,1,240,18,3,second,2,267,24,3,zero,0,730,34,4
1586432171928976722,first,1,310,34,3,second,2,344,39,4,zero,0,812,39,4
1586432172056929760,first,1,408,49,8,second,2,447,52,6,zero,0,907,47,6
1586432172121131041,first,1,468,56,6,second,2,506,56,4,zero,0,960,50,6
1586432172248188958,first,1,608,69,7,second,2,639,66,5,zero,0,1070,55,5
1586432172312095843,first,1,687,75,9,second,2,713,71,6,zero,0,1128,56,3
1586432172440249388,first,1,857,84,8,second,2,872,79,5,zero,0,1242,56,5
1586432172504203542,first,1,947,87,6,second,2,958,83,6,zero,0,1298,55,6
1586432172632260368,first,1,1125,89,6,second,2,1134,87,7,zero,0,1407,53,5
1586432172760587701,first,1,1304,88,6,second,2,1315,90,4,zero,0,1509,49,2
1586432172824821499,first,1,1391,87,3,second,2,1404,89,4,zero,0,1558,48,4
1586432172952611015,first,1,1559,83,4,second,2,1572,83,4,zero,0,1652,46,3
1586432173016648833,first,1,1638,80,3,second,2,1649,78,1,zero,0,1697,45,2
1586432173144295114,first,1,1784,72,1,second,2,1793,69,1,zero,0,1782,40,2
1586432173209156890,first,1,1851,67,1,second,2,1854,62,1,zero,0,1819,37,2
1586432173337073689,first,1,1951,47,5,second,2,1910,12,0,zero,0,1891,35,2
1586432173400561458,first,1,1960,16,0,second,2,1911,0,0,zero,0,1926,34,2
1586432173528336147,first,1,1960,0,0,second,2,1931,13,3,zero,0,1980,21,2
1586432173656314697,first,1,1963,0,0,second,2,1989,30,1,zero,0,1983,0,1
1586432173720263505,first,1,1967,1,2,second,2,2025,34,1,zero,0,1994,8,3
1586432173848792673,first,1,2004,19,2,second,2,2056,4,0,zero,0,2045,28,8
1586432173912623792,first,1,2035,27,1,second,2,2056,0,0,zero,0,2085,38,7
1586432174040830611,first,1,2114,39,2,second,2,2062,2,3,zero,0,2189,53,6
1586432174104320994,first,1,2156,40,2,second,2,2080,15,4,zero,0,2248,57,6
1586432174232288838,first,1,2244,42,1,second,2,2158,42,7,zero,0,2370,59,5
1586432174361226549,first,1,2336,43,3,second,2,2280,64,8,zero,0,2491,58,6
1586432174425063382,first,1,2387,47,4,second,2,2357,73,9,zero,0,2553,59,6
1586432174552622457,first,1,2499,56,5,second,2,2525,83,6,zero,0,2685,65,7
1586432174616516374,first,1,2564,60,6,second,2,2614,85,6,zero,0,2757,70,7
1586432174745584137,first,1,2707,72,7,second,2,2791,86,5,zero,0,2912,77,9
1586432174808633474,first,1,2791,79,8,second,2,2877,85,3,zero,0,2992,80,8
1586432174937120085,first,1,2977,93,9,second,2,3045,81,3,zero,0,3157,81,4
1586432175000784664,first,1,3078,98,7,second,2,3126,80,3,zero,0,3235,79,5
1586432175129300334,first,1,3287,103,5,second,2,3286,80,4,zero,0,3383,72,3
1586432175256782960,first,1,3490,101,6,second,2,3452,82,5,zero,0,3515,62,4
1586432175320824129,first,1,3586,96,4,second,2,3537,83,6,zero,0,3574,58,5
1586432175448817501,first,1,3760,85,2,second,2,3711,86,5,zero,0,3684,52,3
1586432175512649166,first,1,3839,79,1,second,2,3797,86,2,zero,0,3732,48,1
1586432175640603555,first,1,3975,65,1,second,2,3963,81,2,zero,0,3822,44,3
1586432175704414680,first,1,4019,52,10,second,2,4037,75,1,zero,0,3867,43,1
1586432175832428702,first,1,4034,2,2,second,2,4107,16,1,zero,0,3947,38,1
1586432175961084842,first,1,4073,19,1,second,2,4108,0,0,zero,0,3974,2,-1
1586432176025113195,first,1,4105,27,1,second,2,4108,0,0,zero,0,3974,0,0
1586432176152832637,first,1,4161,28,-8,second,2,4108,0,0,zero,0,3974,0,0
1586432176216362893,first,1,4165,7,0,second,2,4109,0,0,zero,0,3974,0,0
1586432176344641253,first,1,4165,0,-2,second,2,4112,0,0,zero,0,3974,0,-1
1586432176408532009,first,1,4165,0,-2,second,2,4114,0,0,zero,0,3972,0,-3
1586432176537135780,first,1,4163,0,-3,second,2,4117,0,0,zero,0,3943,-15,-5
1586432176600342018,first,1,4155,-5,-2,second,2,4118,0,0,zero,0,3922,-19,-5
1586432176728276409,first,1,4127,-13,-3,second,2,4121,0,0,zero,0,3867,-27,-6
1586432176856402901,first,1,4091,-16,-4,second,2,4120,0,-2,zero,0,3795,-34,-8
1586432176920360808,first,1,4072,-17,-4,second,2,4111,-5,-5,zero,0,3755,-37,-7
1586432177048250118,first,1,4030,-19,-6,second,2,4077,-18,-7,zero,0,3667,-42,-6
1586432177112305553,first,1,4006,-21,-5,second,2,4049,-25,-8,zero,0,3622,-43,-9
1586432177240302225,first,1,3950,-27,-7,second,2,3974,-38,-9,zero,0,3533,-43,-6
1586432177304937195,first,1,3914,-33,-9,second,2,3929,-43,-9,zero,0,3488,-43,-7
1586432177432986741,first,1,3826,-43,-10,second,2,3823,-53,-11,zero,0,3394,-45,-7
1586432177560275948,first,1,3728,-48,-12,second,2,3703,-60,-12,zero,0,3296,-48,-9
1586432177624411105,first,1,3673,-52,-13,second,2,3639,-63,-10,zero,0,3247,-48,-7
1586432177752244481,first,1,3556,-57,-12,second,2,3504,-66,-9,zero,0,3154,-46,-8
1586432177816966467,first,1,3492,-61,-13,second,2,3435,-67,-9,zero,0,3107,-46,-7
1586432177944684044,first,1,3356,-67,-13,second,2,3298,-68,-10,zero,0,3023,-40,-6
1586432178008323765,first,1,3286,-68,-13,second,2,3230,-68,-7,zero,0,2987,-36,-2
1586432178137023299,first,1,3143,-69,-14,second,2,3100,-63,-7,zero,0,2921,-31,-4
1586432178200782138,first,1,3074,-69,-11,second,2,3038,-61,-7,zero,0,2890,-31,-2
1586432178329076167,first,1,2944,-64,-10,second,2,2923,-55,-6,zero,0,2828,-30,-2
1586432178456381710,first,1,2827,-57,-10,second,2,2822,-49,-6,zero,0,2769,-28,-4
1586432178521017589,first,1,2776,-52,-9,second,2,2774,-46,-6,zero,0,2739,-28,-6
1586432178648621800,first,1,2682,-44,-8,second,2,2689,-40,-5,zero,0,2678,-29,-2
1586432178713061670,first,1,2641,-41,-6,second,2,2651,-37,-5,zero,0,2645,-30,-4
1586432178840355647,first,1,2562,-38,-8,second,2,2582,-33,-5,zero,0,2580,-31,-6
1586432178904305681,first,1,2523,-37,-6,second,2,2549,-32,-6,zero,0,2547,-31,-4
1586432179032309009,first,1,2449,-36,-6,second,2,2487,-30,-7,zero,0,2476,-34,-8
1586432179160306034,first,1,2378,-35,-5,second,2,2421,-31,-7,zero,0,2394,-40,-9
1586432179224290951,first,1,2343,-35,-6,second,2,2385,-33,-9,zero,0,2347,-45,-8
1586432179353445142,first,1,2273,-34,-7,second,2,2308,-36,-9,zero,0,2238,-54,-9
1586432179416542074,first,1,2235,-34,-6,second,2,2266,-38,-7,zero,0,2179,-57,-10
1586432179544245777,first,1,2158,-37,-8,second,2,2179,-42,-8,zero,0,2050,-64,-11
1586432179608266049,first,1,2118,-38,-8,second,2,2131,-46,-9,zero,0,1982,-67,-12
1586432179736410820,first,1,2032,-42,-10,second,2,2024,-52,-12,zero,0,1842,-68,-9
1586432179800790222,first,1,1985,-44,-11,second,2,1966,-57,-11,zero,0,1772,-68,-11
1586432179928738508,first,1,1877,-52,-14,second,2,1839,-63,-11,zero,0,1635,-67,-8
1586432180056700603,first,1,1755,-60,-16,second,2,1702,-68,-10,zero,0,1507,-63,-7
1586432180120321491,first,1,1687,-64,-15,second,2,1629,-71,-10,zero,0,1444,-61,-7
1586432180248664289,first,1,1542,-72,-16,second,2,1480,-74,-10,zero,0,1328,-57,-7
1586432180312865341,first,1,1465,-75,-16,second,2,1404,-75,-10,zero,0,1270,-56,-8
1586432180440969848,first,1,1305,-79,-16,second,2,1254,-75,-11,zero,0,1154,-56,-8
1586432180504886908,first,1,1223,-79,-16,second,2,1179,-74,-10,zero,0,1101,-54,-8
1586432180632973098,first,1,1064,-78,-13,second,2,1036,-71,-8,zero,0,999,-49,-6
1586432180761076715,first,1,913,-74,-12,second,2,898,-67,-10,zero,0,901,-47,-3
1586432180824905942,first,1,842,-71,-12,second,2,832,-65,-8,zero,0,859,-44,-7
1586432180952992719,first,1,710,-64,-8,second,2,710,-59,-9,zero,0,784,-36,-4
1586432181016888017,first,1,651,-59,-9,second,2,653,-56,-6,zero,0,749,-34,-6
1586432181144970055,first,1,545,-51,-7,second,2,551,-49,-5,zero,0,679,-34,-7
1586432181208890741,first,1,500,-46,-7,second,2,506,-44,-6,zero,0,645,-33,-2
1586432181337108329,first,1,415,-40,-6,second,2,430,-36,-5,zero,0,585,-29,-1
1586432181401053293,first,1,376,-38,-7,second,2,396,-33,-3,zero,0,562,-23,-1
1586432181528236068,first,1,302,-36,-5,second,2,337,-28,-4,zero,0,547,-3,0
1586432181673204052,first,1,238,-30,-3,second,2,286,-24,-3,zero,0,547,0,-1
1586432181736843135,first,1,209,-23,-1,second,2,258,-22,-3,zero,0,547,0,0
1586432181801157159,first,1,194,-16,-1,second,2,236,-20,-2,zero,0,547,0,0
1586432181928979778,first,1,189,0,0,second,2,218,-4,0,zero,0,551,1,2
1586432182057043316,first,1,189,0,0,second,2,218,0,0,zero,0,586,20,4
1586432182121049308,first,1,190,0,0,second,2,218,0,0,zero,0,613,26,5
1586432182248987674,first,1,209,10,3,second,2,238,12,2,zero,0,684,36,4
1586432182312905663,first,1,234,20,2,second,2,265,23,3,zero,0,726,39,4
1586432182441247298,first,1,312,38,5,second,2,339,39,4,zero,0,813,41,5
1586432182505437514,first,1,364,48,5,second,2,388,46,3,zero,0,859,44,5
1586432182633088369,first,1,491,62,7,second,2,507,60,6,zero,0,954,47,7
1586432182761043427,first,1,643,75,5,second,2,650,71,6,zero,0,1064,55,7
1586432182824997172,first,1,725,80,6,second,2,730,78,6,zero,0,1123,57,6
1586432182952171856,first,1,899,85,5,second,2,904,86,6,zero,0,1243,59,5
1586432183017585927,first,1,987,86,6,second,2,994,88,5,zero,0,1307,62,6
1586432183144853592,first,1,1164,87,5,second,2,1177,91,5,zero,0,1435,62,3
1586432183209615219,first,1,1256,89,6,second,2,1270,92,4,zero,0,1493,58,2
1586432183337264681,first,1,1436,89,6,second,2,1449,89,3,zero,0,1597,49,1
1586432183400960565,first,1,1523,88,3,second,2,1536,86,5,zero,0,1643,45,2
1586432183529139139,first,1,1690,82,2,second,2,1699,79,2,zero,0,1729,42,2
1586432183657066908,first,1,1842,74,1,second,2,1842,70,1,zero,0,1810,40,4
1586432183721100112,first,1,1897,61,-26,second,2,1894,52,-8,zero,0,1851,40,2
1586432183849349942,first,1,1912,2,0,second,2,1908,1,0,zero,0,1919,28,2
1586432183913052639,first,1,1913,0,0,second,2,1909,0,0,zero,0,1923,4,0
1586432184041193408,first,1,1917,0,0,second,2,1913,0,0,zero,0,1927,0,1
1586432184105090712,first,1,1918,0,0,second,2,1915,0,0,zero,0,1937,8,4
1586432184232933963,first,1,1924,1,1,second,2,1934,12,2,zero,0,1981,23,4
1586432184361231456,first,1,1962,18,2,second,2,1985,26,2,zero,0,2044,32,5
1586432184425124620,first,1,1993,27,3,second,2,2017,31,3,zero,0,2081,36,5
1586432184553066507,first,1,2079,42,5,second,2,2096,38,2,zero,0,2171,45,5
1586432184616993284,first,1,2132,49,5,second,2,2141,41,3,zero,0,2223,50,6
1586432184745094395,first,1,2250,58,3,second,2,2239,48,3,zero,0,2348,63,9
1586432184809048550,first,1,2316,61,3,second,2,2293,51,2,zero,0,2418,68,9
1586432184937103882,first,1,2450,65,4,second,2,2414,60,7,zero,0,2574,77,8
1586432185000995844,first,1,2520,67,4,second,2,2482,66,5,zero,0,2654,78,8
1586432185129285663,first,1,2664,71,5,second,2,2636,76,6,zero,0,2820,82,7
1586432185257083461,first,1,2818,75,4,second,2,2810,86,6,zero,0,2979,78,6
1586432185321044151,first,1,2897,78,7,second,2,2902,89,6,zero,0,3055,76,4
1586432185449049468,first,1,3068,85,5,second,2,3091,91,5,zero,0,3203,73,5
1586432185513134641,first,1,3157,86,6,second,2,3184,93,4,zero,0,3275,72,5
1586432185641146620,first,1,3341,91,6,second,2,3369,90,2,zero,0,3417,69,5
1586432185705029544,first,1,3435,92,5,second,2,3456,87,3,zero,0,3486,67,4
1586432185833231498,first,1,3624,93,4,second,2,3621,81,2,zero,0,3614,62,2
1586432185961269539,first,1,3799,86,2,second,2,3781,79,3,zero,0,3727,54,3
1586432186025182950,first,1,3880,81,2,second,2,3857,76,3,zero,0,3781,53,3
1586432186153030342,first,1,4011,64,-3,second,2,4001,70,1,zero,0,3874,44,1
1586432186217102382,first,1,4028,25,-1,second,2,4065,64,1,zero,0,3913,38,1
1586432186344909460,first,1,4035,2,3,second,2,4124,12,-2,zero,0,3975,29,1
1586432186409543706,first,1,4055,13,3,second,2,4124,0,-1,zero,0,3993,19,0
1586432186536838396,first,1,4122,33,1,second,2,4124,0,0,zero,0,3994,0,0
1586432186600771502,first,1,4153,34,4,second,2,4124,0,0,zero,0,3993,0,0
1586432186729221500,first,1,4160,0,0,second,2,4124,0,0,zero,0,3994,0,0
1586432186857053121,first,1,4160,0,-1,second,2,4124,0,0,zero,0,3992,0,-1
1586432186921033009,first,1,4160,0,-1,second,2,4124,0,0,zero,0,3984,-6,-2
1586432187049164380,first,1,4160,0,-2,second,2,4124,0,0,zero,0,3954,-14,-7
1586432187113000585,first,1,4158,0,-3,second,2,4124,0,0,zero,0,3933,-18,-5
1586432187241256528,first,1,4136,-10,-3,second,2,4124,0,-1,zero,0,3875,-29,-7
1586432187305026585,first,1,4119,-14,-3,second,2,4123,0,-1,zero,0,3840,-33,-6
1586432187433047668,first,1,4081,-17,-5,second,2,4107,-9,-4,zero,0,3764,-37,-8
1586432187561028040,first,1,4035,-21,-6,second,2,4070,-18,-8,zero,0,3674,-44,-6
1586432187625424532,first,1,4009,-23,-6,second,2,4041,-26,-9,zero,0,3626,-46,-8
1586432187753114723,first,1,3946,-31,-8,second,2,3967,-37,-8,zero,0,3531,-46,-8
1586432187817294701,first,1,3906,-36,-9,second,2,3922,-43,-11,zero,0,3484,-45,-8
1586432187945004505,first,1,3816,-44,-11,second,2,3814,-54,-10,zero,0,3387,-47,-7
1586432188009124242,first,1,3767,-46,-11,second,2,3755,-58,-10,zero,0,3338,-47,-7
1586432188137221125,first,1,3660,-53,-12,second,2,3626,-63,-11,zero,0,3242,-47,-7
1586432188201406321,first,1,3602,-55,-11,second,2,3559,-66,-11,zero,0,3195,-46,-7
1586432188329294992,first,1,3476,-62,-15,second,2,3416,-70,-10,zero,0,3103,-46,-5
1586432188457167574,first,1,3338,-68,-13,second,2,3275,-70,-9,zero,0,3020,-40,-4
1586432188521008404,first,1,3266,-70,-13,second,2,3206,-69,-8,zero,0,2983,-37,-6
1586432188649109882,first,1,3122,-70,-13,second,2,3074,-64,-9,zero,0,2915,-34,-6
1586432188712997486,first,1,3051,-70,-12,second,2,3011,-61,-8,zero,0,2880,-34,-4
1586432188841008255,first,1,2918,-65,-10,second,2,2897,-55,-8,zero,0,2810,-34,-5
1586432188905171313,first,1,2855,-62,-10,second,2,2845,-51,-6,zero,0,2778,-32,-3
1586432189033585960,first,1,2745,-53,-8,second,2,2748,-46,-6,zero,0,2717,-29,-5
1586432189161050384,first,1,2651,-45,-7,second,2,2659,-42,-4,zero,0,2658,-29,-4
1586432189225126723,first,1,2608,-42,-6,second,2,2619,-39,-7,zero,0,2626,-29,-5
1586432189353147937,first,1,2529,-38,-7,second,2,2545,-35,-5,zero,0,2558,-33,-4
1586432189417227064,first,1,2490,-38,-7,second,2,2512,-33,-5,zero,0,2522,-33,-4
1586432189545115937,first,1,2415,-36,-5,second,2,2446,-31,-5,zero,0,2448,-35,-6
1586432189609045028,first,1,2379,-35,-5,second,2,2415,-31,-6,zero,0,2409,-36,-9
1586432189737190147,first,1,2308,-35,-5,second,2,2346,-32,-7,zero,0,2319,-45,-9
1586432189801203040,first,1,2274,-34,-4,second,2,2312,-33,-5,zero,0,2266,-50,-10
1586432189929051044,first,1,2202,-34,-7,second,2,2235,-37,-9,zero,0,2154,-55,-10
1586432190057093961,first,1,2127,-35,-8,second,2,2148,-42,-9,zero,0,2028,-63,-10
1586432190121073504,first,1,2087,-37,-9,second,2,2102,-45,-11,zero,0,1960,-66,-9
1586432190249731550,first,1,2002,-41,-9,second,2,1995,-52,-8,zero,0,1820,-68,-10
1586432190313019568,first,1,1956,-43,-10,second,2,1937,-55,-10,zero,0,1749,-69,-8
1586432190441231993,first,1,1853,-50,-14,second,2,1812,-63,-10,zero,0,1613,-66,-7
1586432190505040018,first,1,1797,-54,-14,second,2,1743,-67,-11,zero,0,1548,-64,-8
1586432190633221609,first,1,1667,-64,-14,second,2,1600,-71,-10,zero,0,1421,-61,-9
1586432190761289612,first,1,1520,-73,-15,second,2,1451,-73,-9,zero,0,1302,-58,-8
1586432190825135682,first,1,1441,-77,-14,second,2,1377,-73,-9,zero,0,1245,-57,-5
1586432190953081492,first,1,1277,-80,-14,second,2,1230,-73,-9,zero,0,1133,-54,-9
1586432191017375746,first,1,1195,-80,-14,second,2,1157,-73,-7,zero,0,1082,-51,-7
1586432191145606887,first,1,1037,-78,-13,second,2,1017,-69,-7,zero,0,980,-50,-6
1586432191209198636,first,1,962,-76,-12,second,2,949,-67,-9,zero,0,930,-48,-6
1586432191337624045,first,1,820,-69,-11,second,2,815,-65,-7,zero,0,847,-40,-4
1586432191401194619,first,1,754,-66,-10,second,2,752,-62,-6,zero,0,809,-37,-6
1586432191529268162,first,1,634,-58,-7,second,2,638,-54,-6,zero,0,738,-34,-5
1586432191657088943,first,1,531,-49,-7,second,2,540,-46,-7,zero,0,666,-34,-6
1586432191721210448,first,1,486,-45,-7,second,2,497,-42,-6,zero,0,631,-34,-3
1586432191849106705,first,1,403,-39,-6,second,2,421,-35,-6,zero,0,571,-29,-2
1586432191913095428,first,1,365,-38,-5,second,2,389,-32,-5,zero,0,546,-25,-1
1586432192041314089,first,1,292,-36,-4,second,2,331,-27,-3,zero,0,536,0,0
1586432192105129853,first,1,257,-33,-2,second,2,304,-26,-3,zero,0,536,0,0
1586432192233118985,first,1,206,-23,-1,second,2,254,-23,-3,zero,0,534,0,0
1586432192361096951,first,1,187,-7,0,second,2,218,-15,-1,zero,0,536,0,2
1586432192425376087,first,1,187,0,0,second,2,212,-5,0,zero,0,547,7,1
1586432192553298732,first,1,187,0,0,second,2,212,0,0,zero,0,588,21,4
1586432192617160972,first,1,188,0,0,second,2,213,0,0,zero,0,616,26,4
1586432192745208620,first,1,208,10,1,second,2,235,14,2,zero,0,685,33,3
1586432192809147422,first,1,233,20,3,second,2,264,26,5,zero,0,722,36,1
1586432192937145169,first,1,311,38,5,second,2,350,44,3,zero,0,806,40,3
1586432193000930699,first,1,364,48,5,second,2,405,53,4,zero,0,851,43,6
1586432193129390942,first,1,495,64,7,second,2,536,64,4,zero,0,951,51,5
1586432193256580976,first,1,649,76,6,second,2,685,73,6,zero,0,1068,58,7
1586432193320818644,first,1,733,81,6,second,2,764,77,5,zero,0,1132,62,5
1586432193449090193,first,1,911,88,5,second,2,931,82,5,zero,0,1265,65,4
1586432193512963404,first,1,1003,90,5,second,2,1021,87,5,zero,0,1333,66,4
1586432193641314464,first,1,1194,94,4,second,2,1206,93,5,zero,0,1461,61,3
1586432193704543657,first,1,1291,94,8,second,2,1300,93,3,zero,0,1518,55,2
1586432193832898086,first,1,1478,93,4,second,2,1485,92,4,zero,0,1616,47,3
1586432193961448036,first,1,1657,88,3,second,2,1662,86,1,zero,0,1704,41,1
1586432194024720233,first,1,1740,84,2,second,2,1743,82,1,zero,0,1745,40,3
1586432194152752902,first,1,1886,71,1,second,2,1873,56,9,zero,0,1829,40,4
1586432194217050058,first,1,1938,58,13,second,2,1890,17,2,zero,0,1872,40,4
1586432194344912875,first,1,1951,2,0,second,2,1897,3,1,zero,0,1940,27,2
1586432194408930454,first,1,1952,0,0,second,2,1913,14,2,zero,0,1942,2,0
1586432194537734736,first,1,1951,0,0,second,2,1974,31,1,zero,0,1947,1,2
1586432194601077148,first,1,1953,0,0,second,2,1998,25,3,zero,0,1961,11,2
1586432194728912558,first,1,1971,9,2,second,2,2002,0,0,zero,0,2011,26,4
1586432194856956055,first,1,2024,26,3,second,2,2002,0,0,zero,0,2081,36,4
1586432194920977950,first,1,2059,32,3,second,2,2008,3,1,zero,0,2123,39,5
1586432195048979338,first,1,2135,36,1,second,2,2059,29,4,zero,0,2215,45,4
1586432195113061880,first,1,2172,36,1,second,2,2104,41,6,zero,0,2264,47,5
1586432195241600035,first,1,2252,39,2,second,2,2224,62,5,zero,0,2371,52,7
1586432195304431454,first,1,2299,43,2,second,2,2296,69,5,zero,0,2430,57,7
1586432195433328505,first,1,2405,53,2,second,2,2453,77,3,zero,0,2567,69,9
1586432195560533531,first,1,2540,66,7,second,2,2613,77,2,zero,0,2724,78,7
1586432195625395030,first,1,2617,73,6,second,2,2692,77,4,zero,0,2806,80,9
1586432195753025330,first,1,2793,87,7,second,2,2847,75,4,zero,0,2976,83,6
1586432195817117787,first,1,2888,93,8,second,2,2924,75,5,zero,0,3057,83,5
1586432195945325147,first,1,3091,100,5,second,2,3087,79,4,zero,0,3218,79,5
1586432196009116112,first,1,3194,101,6,second,2,3173,83,7,zero,0,3294,76,6
1586432196137163796,first,1,3395,99,3,second,2,3354,90,6,zero,0,3440,70,5
1586432196201177228,first,1,3490,96,5,second,2,3447,92,6,zero,0,3509,67,3
1586432196328545541,first,1,3670,88,2,second,2,3638,94,4,zero,0,3634,60,3
1586432196457272223,first,1,3834,80,2,second,2,3825,92,2,zero,0,3742,52,3
1586432196521187110,first,1,3909,75,1,second,2,3913,88,3,zero,0,3795,51,3
1586432196649762644,first,1,4040,63,1,second,2,4057,62,-2,zero,0,3895,49,2
1586432196713371605,first,1,4087,53,6,second,2,4077,20,1,zero,0,3941,46,3
1586432196841248112,first,1,4099,1,0,second,2,4080,0,0,zero,0,3977,3,0
1586432196905189159,first,1,4099,0,0,second,2,4081,0,0,zero,0,3978,0,0
1586432197033948456,first,1,4099,0,0,second,2,4085,0,0,zero,0,3982,0,0
1586432197161311644,first,1,4100,0,0,second,2,4088,0,0,zero,0,3983,0,0
1586432197225232668,first,1,4099,0,0,second,2,4089,0,0,zero,0,3983,0,0
1586432197353365649,first,1,4099,0,0,second,2,4089,0,0,zero,0,3974,-5,-3
1586432197417261100,first,1,4099,0,0,second,2,4089,0,0,zero,0,3961,-11,-2
1586432197545585205,first,1,4099,0,0,second,2,4089,0,0,zero,0,3927,-15,-4
1586432197609187478,first,1,4099,0,-2,second,2,4089,0,0,zero,0,3907,-17,-6
1586432197737318222,first,1,4098,0,-2,second,2,4089,0,-1,zero,0,3855,-26,-8
1586432197801235347,first,1,4089,-5,-2,second,2,4089,0,-1,zero,0,3821,-33,-8
1586432197929440504,first,1,4056,-15,-4,second,2,4079,-6,-4,zero,0,3740,-39,-8
1586432198057291745,first,1,4015,-19,-6,second,2,4047,-15,-6,zero,0,3652,-43,-8
1586432198121236290,first,1,3990,-22,-7,second,2,4021,-23,-7,zero,0,3609,-42,-7
1586432198249475606,first,1,3925,-32,-9,second,2,3953,-35,-8,zero,0,3524,-41,-6
1586432198313375894,first,1,3885,-37,-9,second,2,3909,-41,-9,zero,0,3478,-42,-9
1586432198441269972,first,1,3794,-42,-9,second,2,3804,-52,-8,zero,0,3378,-48,-7
1586432198505189658,first,1,3746,-45,-11,second,2,3746,-57,-11,zero,0,3327,-49,-8
1586432198633276068,first,1,3642,-52,-10,second,2,3617,-64,-12,zero,0,3229,-48,-7
1586432198761403654,first,1,3524,-57,-13,second,2,3476,-70,-10,zero,0,3138,-44,-6
1586432198825347292,first,1,3460,-61,-11,second,2,3402,-72,-10,zero,0,3097,-42,-7
1586432198953315220,first,1,3326,-65,-11,second,2,3258,-71,-10,zero,0,3017,-40,-6
1586432199017222018,first,1,3259,-67,-13,second,2,3189,-69,-9,zero,0,2978,-38,-6
1586432199145221263,first,1,3119,-68,-12,second,2,3061,-62,-8,zero,0,2904,-36,-5
1586432199209230094,first,1,3050,-68,-12,second,2,3002,-58,-7,zero,0,2868,-35,-3
1586432199337295659,first,1,2917,-66,-11,second,2,2894,-52,-6,zero,0,2800,-32,-2
1586432199401255956,first,1,2853,-63,-9,second,2,2844,-50,-5,zero,0,2771,-30,-3
1586432199529315616,first,1,2741,-54,-8,second,2,2747,-46,-7,zero,0,2709,-29,-5
1586432199657409429,first,1,2645,-46,-6,second,2,2659,-41,-4,zero,0,2647,-29,-2
1586432199721558644,first,1,2603,-41,-7,second,2,2620,-39,-5,zero,0,2616,-30,-6
1586432199849406816,first,1,2524,-38,-7,second,2,2546,-35,-5,zero,0,2550,-31,-3
1586432199913263642,first,1,2486,-38,-6,second,2,2512,-34,-6,zero,0,2517,-31,-5
1586432200041894974,first,1,2412,-36,-6,second,2,2444,-32,-6,zero,0,2444,-35,-6
1586432200105308375,first,1,2376,-36,-5,second,2,2412,-32,-5,zero,0,2405,-36,-7
1586432200233296593,first,1,2304,-35,-6,second,2,2343,-33,-7,zero,0,2314,-45,-8
1586432200361356119,first,1,2232,-34,-5,second,2,2269,-35,-9,zero,0,2205,-54,-11
1586432200425377624,first,1,2196,-34,-7,second,2,2230,-38,-9,zero,0,2146,-57,-11
1586432200553164508,first,1,2121,-36,-7,second,2,2140,-43,-9,zero,0,2016,-66,-11
1586432200617229487,first,1,2081,-38,-9,second,2,2091,-46,-8,zero,0,1948,-67,-8
1586432200745358055,first,1,1994,-42,-11,second,2,1985,-53,-8,zero,0,1808,-68,-10
1586432200809406603,first,1,1946,-45,-11,second,2,1927,-55,-11,zero,0,1738,-69,-7
1586432200937619918,first,1,1840,-51,-14,second,2,1802,-63,-11,zero,0,1600,-67,-8
1586432201001381965,first,1,1782,-55,-12,second,2,1734,-67,-10,zero,0,1534,-66,-7
1586432201129376534,first,1,1651,-65,-13,second,2,1589,-72,-12,zero,0,1409,-60,-9
1586432201256924074,first,1,1504,-73,-14,second,2,1439,-74,-9,zero,0,1291,-57,-8
1586432201321330082,first,1,1428,-75,-15,second,2,1363,-74,-10,zero,0,1234,-56,-7
1586432201449761805,first,1,1268,-79,-16,second,2,1216,-73,-9,zero,0,1121,-55,-7
1586432201513302387,first,1,1186,-80,-15,second,2,1145,-71,-8,zero,0,1069,-52,-8
1586432201641235988,first,1,1028,-78,-12,second,2,1006,-68,-7,zero,0,969,-49,-5
1586432201705147257,first,1,952,-76,-12,second,2,937,-68,-10,zero,0,922,-48,-6
1586432201833635940,first,1,808,-70,-12,second,2,806,-64,-8,zero,0,839,-39,-3
1586432201961227733,first,1,680,-62,-8,second,2,686,-58,-7,zero,0,764,-36,-7
1586432202025288170,first,1,622,-58,-10,second,2,630,-54,-7,zero,0,726,-36,-5
1586432202153288831,first,1,521,-48,-6,second,2,530,-47,-6,zero,0,655,-35,-5
1586432202217262764,first,1,476,-45,-6,second,2,487,-43,-6,zero,0,620,-34,-3
1586432202345349863,first,1,395,-39,-6,second,2,409,-36,-4,zero,0,562,-28,-2
1586432202409139958,first,1,357,-38,-6,second,2,376,-32,-4,zero,0,537,-23,-1
1586432202537225515,first,1,281,-36,-4,second,2,318,-27,-3,zero,0,529,0,-1
1586432202601219402,first,1,248,-34,-3,second,2,291,-26,-4,zero,0,529,0,-1
1586432202730029024,first,1,200,-22,-1,second,2,241,-23,-2,zero,0,529,0,0
1586432202857245635,first,1,182,-7,0,second,2,211,-12,-1,zero,0,530,0,0
1586432202921200032,first,1,182,0,0,second,2,207,-3,0,zero,0,534,1,2
1586432203050999201,first,1,181,0,0,second,2,207,0,0,zero,0,568,18,3
1586432203113063487,first,1,182,0,0,second,2,208,0,0,zero,0,597,26,6
1586432203241477707,first,1,201,9,3,second,2,227,13,3,zero,0,671,37,6
1586432203305303113,first,1,227,20,3,second,2,253,24,3,zero,0,714,40,6
1586432203433280503,first,1,304,38,6,second,2,333,41,4,zero,0,806,44,4
1586432203561407814,first,1,416,56,6,second,2,446,58,5,zero,0,904,48,5
1586432203625406452,first,1,484,62,8,second,2,514,64,5,zero,0,954,48,4
1586432203753360348,first,1,636,75,8,second,2,665,75,6,zero,0,1061,53,4
1586432203817296431,first,1,720,80,8,second,2,746,79,4,zero,0,1120,56,6
1586432203945395051,first,1,897,88,6,second,2,920,86,5,zero,0,1243,60,4
1586432204009264409,first,1,990,90,7,second,2,1012,88,5,zero,0,1308,62,6
1586432204137355474,first,1,1180,94,6,second,2,1195,91,4,zero,0,1436,62,3
1586432204201310564,first,1,1277,95,5,second,2,1287,91,4,zero,0,1496,59,3
1586432204329363157,first,1,1466,94,5,second,2,1467,90,3,zero,0,1606,52,2
1586432204457606710,first,1,1645,88,2,second,2,1639,86,2,zero,0,1700,44,2
1586432204521637877,first,1,1728,84,3,second,2,1722,83,2,zero,0,1741,41,1
1586432204649085028,first,1,1863,65,16,second,2,1873,73,1,zero,0,1822,40,2
1586432204713304889,first,1,1880,24,3,second,2,1926,54,6,zero,0,1861,39,3
1586432204840950143,first,1,1898,9,2,second,2,1941,0,0,zero,0,1928,27,2
1586432204904938983,first,1,1923,20,4,second,2,1941,0,0,zero,0,1930,2,-1
1586432205033069773,first,1,1982,29,7,second,2,1942,0,0,zero,0,1930,0,0
1586432205161237348,first,1,1987,0,0,second,2,1945,0,0,zero,0,1932,0,0
1586432205225076444,first,1,1987,0,0,second,2,1946,0,0,zero,0,1933,0,0
1586432205353116223,first,1,1987,0,0,second,2,1951,0,0,zero,0,1936,0,0
1586432205417054513,first,1,1987,0,0,second,2,1953,0,0,zero,0,1937,0,0
1586432205545132844,first,1,1987,0,0,second,2,1955,0,0,zero,0,1940,0,0
1586432205609253021,first,1,1987,0,0,second,2,1957,0,0,zero,0,1941,0,0
1586432205737219229,first,1,1987,0,0,second,2,1960,0,0,zero,0,1945,0,0
1586432205801072793,first,1,1987,0,0,second,2,1962,0,0,zero,0,1946,0,0
1586432205929056055,first,1,1987,0,0,second,2,1965,0,0,zero,0,1949,0,0
1586432206057202903,first,1,1987,0,0,second,2,1968,0,0,zero,0,1956,3,0
1586432206121287829,first,1,1987,0,0,second,2,1970,0,0,zero,0,1957,0,0
1586432206249218198,first,1,1987,0,0,second,2,1974,0,0,zero,0,1958,0,2
1586432206313091505,first,1,1987,0,0,second,2,1976,0,0,zero,0,1965,4,1
1586432206441273652,first,1,1986,0,0,second,2,1979,0,0,zero,0,1969,0,0
1586432206505166191,first,1,1987,0,0,second,2,1981,0,0,zero,0,1969,0,0
1586432206633326906,first,1,1987,0,0,second,2,1984,0,0,zero,0,1969,0,0
1586432206761229420,first,1,1987,0,0,second,2,1987,0,0,zero,0,1971,0,0
1586432206825134168,first,1,1987,0,0,second,2,1989,0,0,zero,0,1972,0,0
1586432206953096080,first,1,1987,0,0,second,2,1992,0,0,zero,0,1975,0,0
1586432207017039525,first,1,1987,0,0,second,2,1994,0,0,zero,0,1977,0,0
1586432207145347837,first,1,1987,0,0,second,2,1997,0,0,zero,0,1979,0,0
1586432207209233235,first,1,1987,0,0,second,2,1998,0,0,zero,0,1981,0,0
1586432207337304770,first,1,1987,0,0,second,2,2001,0,0,zero,0,1984,0,0
1586432207401249948,first,1,1987,0,0,second,2,2002,0,0,zero,0,1985,0,0
1586432207529260940,first,1,1987,0,0,second,2,2005,0,0,zero,0,1987,0,0
1586432207657293994,first,1,1987,0,0,second,2,2008,0,0,zero,0,1989,0,0
1586432207721155854,first,1,1987,0,0,second,2,2009,0,0,zero,0,1991,0,0
1586432207849256235,first,1,1987,0,0,second,2,2012,0,0,zero,0,1993,0,0
1586432207913218697,first,1,1987,0,0,second,2,2014,0,0,zero,0,1994,0,0
