1586434295012163809,first,1,2090,0,0,second,2,2090,0,0,zero,0,2092,0,-2
1586434295076122379,first,1,2089,0,0,second,2,2090,0,0,zero,0,2092,0,-2
1586434295204636944,first,1,2090,0,0,second,2,2090,0,-1,zero,0,2091,0,-4
1586434295268323840,first,1,2089,0,0,second,2,2090,0,-1,zero,0,2092,0,-1
1586434295396043096,first,1,2090,0,0,second,2,2090,0,-1,zero,0,2091,0,-2
1586434295460095735,first,1,2090,0,0,second,2,2090,0,0,zero,0,2091,0,-1
1586434295588181233,first,1,2089,0,0,second,2,2090,0,-1,zero,0,2091,0,-1
1586434295716563317,first,1,2089,0,0,second,2,2090,0,-1,zero,0,2091,0,-2
1586434295779717217,first,1,2090,0,0,second,2,2090,0,-1,zero,0,2090,0,1
1586434295908123344,first,1,2090,0,0,second,2,2090,0,0,zero,0,2090,0,-2
1586434295972067759,first,1,2090,0,0,second,2,2090,0,0,zero,0,2090,0,-1
1586434296100122571,first,1,2090,0,0,second,2,2090,0,-1,zero,0,2089,0,-2
1586434296164084238,first,1,2089,0,0,second,2,2090,0,0,zero,0,2089,0,-2
1586434296292139060,first,1,2090,0,0,second,2,2090,0,0,zero,0,2089,0,-2
1586434296356748420,first,1,2090,0,0,second,2,2090,0,-1,zero,0,2089,0,-1
1586434296484105339,first,1,2089,0,0,second,2,2090,0,0,zero,0,2089,0,-1
1586434296612210286,first,1,2090,0,0,second,2,2090,0,-1,zero,0,2088,0,-1
1586434296676153227,first,1,2089,0,0,second,2,2090,0,1,zero,0,2089,0,-2
1586434296804090854,first,1,2089,0,0,second,2,2090,0,0,zero,0,2088,0,-1
1586434296868155509,first,1,2089,0,0,second,2,2090,0,-1,zero,0,2088,0,-1
1586434296996121084,first,1,2089,0,0,second,2,2090,0,0,zero,0,2088,0,-1
1586434297060192644,first,1,2089,0,0,second,2,2090,0,1,zero,0,2088,0,0
1586434297188265267,first,1,2090,0,0,second,2,2090,0,-1,zero,0,2088,0,-2
1586434297316247569,first,1,2090,0,0,second,2,2090,0,-1,zero,0,2087,0,-1
1586434297379717503,first,1,2089,0,0,second,2,2091,0,-1,zero,0,2087,0,-2
1586434297507659328,first,1,2090,0,0,second,2,2090,0,0,zero,0,2087,0,-2
1586434297571660906,first,1,2090,0,0,second,2,2090,0,0,zero,0,2087,0,-2
1586434297699689747,first,1,2090,0,0,second,2,2090,0,1,zero,0,2087,0,-2
1586434297763628753,first,1,2090,0,0,second,2,2090,0,0,zero,0,2087,0,-1
1586434297891677239,first,1,2089,0,0,second,2,2091,0,0,zero,0,2087,0,-1
1586434297955665309,first,1,2089,0,0,second,2,2090,0,-1,zero,0,2086,0,-2
1586434298083632347,first,1,2089,0,0,second,2,2090,0,0,zero,0,2086,0,-1
1586434298211707419,first,1,2090,0,0,second,2,2090,0,0,zero,0,2085,0,-2
1586434298275706929,first,1,2090,0,0,second,2,2090,0,1,zero,0,2085,0,-3
1586434298403657493,first,1,2089,0,0,second,2,2090,0,0,zero,0,2085,0,-1
1586434298467969057,first,1,2090,0,0,second,2,2090,0,0,zero,0,2085,0,-1
1586434298596259424,first,1,2090,0,0,second,2,2090,0,-1,zero,0,2085,0,-1
1586434298660190652,first,1,2089,0,0,second,2,2090,0,0,zero,0,2085,0,0
1586434298788221838,first,1,2089,0,0,second,2,2090,0,0,zero,0,2085,0,-3
1586434298916288417,first,1,2090,0,0,second,2,2090,0,1,zero,0,2084,0,-2
1586434298980375728,first,1,2089,0,0,second,2,2090,0,0,zero,0,2084,0,-1
1586434299108280372,first,1,2089,0,0,second,2,2090,0,0,zero,0,2084,0,-1
1586434299172261623,first,1,2089,0,0,second,2,2090,0,0,zero,0,2084,0,-2
1586434299300182152,first,1,2090,0,0,second,2,2090,0,0,zero,0,2083,0,-1
1586434299364144995,first,1,2090,0,0,second,2,2090,0,0,zero,0,2084,0,-2
1586434299571837957,first,1,2089,0,0,second,2,2090,0,-1,zero,0,2083,0,-1
1586434299636374406,first,1,2093,0,1,second,2,2091,0,0,zero,0,2083,0,0
1586434299699948295,first,1,2105,8,1,second,2,2092,0,0,zero,0,2082,0,0
1586434299764103192,first,1,2111,8,0,second,2,2092,0,0,zero,0,2083,0,0
1586434299892109858,first,1,2111,0,0,second,2,2092,0,0,zero,0,2083,0,0
1586434299956157087,first,1,2111,0,0,second,2,2092,0,0,zero,0,2082,0,0
1586434300084845634,first,1,2111,0,0,second,2,2092,0,0,zero,0,2083,0,0
1586434300212341297,first,1,2111,0,0,second,2,2092,0,0,zero,0,2083,0,0
1586434300276254540,first,1,2111,0,0,second,2,2092,0,0,zero,0,2083,0,0
1586434300404389008,first,1,2111,0,0,second,2,2092,0,0,zero,0,2083,0,0
1586434300468171026,first,1,2111,0,0,second,2,2091,0,0,zero,0,2083,0,0
1586434300597121361,first,1,2111,0,0,second,2,2092,0,0,zero,0,2083,0,0
1586434300660656325,first,1,2111,0,0,second,2,2092,0,0,zero,0,2083,0,0
1586434300788909166,first,1,2111,0,0,second,2,2092,0,0,zero,0,2083,0,0
1586434300916139259,first,1,2111,0,0,second,2,2092,0,0,zero,0,2083,0,0
1586434300980174799,first,1,2111,0,0,second,2,2092,0,0,zero,0,2083,0,0
1586434301108393142,first,1,2111,0,0,second,2,2092,0,0,zero,0,2083,0,0
1586434301172539439,first,1,2111,0,-1,second,2,2092,0,0,zero,0,2083,0,0
1586434301300179346,first,1,2111,0,0,second,2,2092,0,0,zero,0,2083,0,0
1586434301364052603,first,1,2111,0,0,second,2,2092,0,0,zero,0,2083,0,0
1586434301491791933,first,1,2111,0,0,second,2,2092,0,0,zero,0,2083,0,0
1586434301555969818,first,1,2111,0,-1,second,2,2092,0,0,zero,0,2082,0,0
1586434301683846103,first,1,2111,0,-1,second,2,2092,0,0,zero,0,2083,0,0
1586434301812548247,first,1,2111,0,0,second,2,2092,0,0,zero,0,2083,0,0
1586434301875772188,first,1,2111,0,-1,second,2,2092,0,0,zero,0,2083,0,0
1586434302003986095,first,1,2111,0,-1,second,2,2092,0,0,zero,0,2083,0,0
1586434302068145164,first,1,2111,0,-1,second,2,2092,0,0,zero,0,2083,0,0
1586434302195836565,first,1,2111,0,-2,second,2,2092,0,0,zero,0,2083,0,0
1586434302260615068,first,1,2111,0,-2,second,2,2092,0,0,zero,0,2083,0,0
1586434302387948706,first,1,2111,0,-2,second,2,2092,0,0,zero,0,2083,0,0
1586434302515925332,first,1,2111,0,-2,second,2,2092,0,0,zero,0,2082,0,0
1586434302579908634,first,1,2111,0,-2,second,2,2092,0,0,zero,0,2084,0,0
1586434302707920912,first,1,2103,-4,-1,second,2,2092,0,0,zero,0,2086,0,0
1586434302771951728,first,1,2093,-7,-1,second,2,2092,0,0,zero,0,2087,0,0
1586434302900806267,first,1,2088,0,0,second,2,2092,0,-1,zero,0,2090,0,0
1586434302963910840,first,1,2088,0,0,second,2,2092,0,0,zero,0,2092,0,0
1586434303091822921,first,1,2088,0,0,second,2,2092,0,0,zero,0,2094,0,0
1586434303155891323,first,1,2088,0,0,second,2,2092,0,0,zero,0,2095,0,0
1586434303284613150,first,1,2088,0,0,second,2,2092,0,0,zero,0,2097,0,0
1586434303412096328,first,1,2088,0,0,second,2,2092,0,0,zero,0,2099,0,-1
1586434303476183485,first,1,2088,0,0,second,2,2092,0,0,zero,0,2099,0,-1
1586434303604368636,first,1,2088,0,0,second,2,2092,0,0,zero,0,2099,0,-1
1586434303668323315,first,1,2088,0,0,second,2,2092,0,0,zero,0,2099,0,-1
1586434303796512359,first,1,2087,0,0,second,2,2091,0,0,zero,0,2099,0,-1
1586434303860515905,first,1,2088,0,0,second,2,2092,0,0,zero,0,2099,0,-1
1586434303988608981,first,1,2088,0,0,second,2,2092,0,0,zero,0,2099,0,0
1586434304116562822,first,1,2089,0,0,second,2,2092,0,0,zero,0,2099,0,0
1586434304181177637,first,1,2090,0,0,second,2,2094,0,0,zero,0,2099,0,0
1586434304308637064,first,1,2108,9,1,second,2,2114,12,3,zero,0,2103,1,2
1586434304372709398,first,1,2127,15,2,second,2,2139,22,1,zero,0,2114,8,2
1586434304501109118,first,1,2179,25,3,second,2,2205,32,1,zero,0,2159,23,3
1586434304564688532,first,1,2213,31,2,second,2,2239,32,1,zero,0,2193,31,6
1586434304692678695,first,1,2294,39,3,second,2,2309,32,1,zero,0,2278,43,5
1586434304756639677,first,1,2339,42,3,second,2,2344,33,3,zero,0,2326,45,6
1586434304884667569,first,1,2435,46,3,second,2,2430,44,3,zero,0,2425,48,4
1586434305012545569,first,1,2543,51,5,second,2,2537,52,3,zero,0,2529,49,4
1586434305076583970,first,1,2599,54,4,second,2,2595,56,3,zero,0,2581,49,5
1586434305204086495,first,1,2718,58,4,second,2,2721,61,4,zero,0,2690,54,6
1586434305268551608,first,1,2780,59,2,second,2,2785,63,3,zero,0,2751,59,6
1586434305396865793,first,1,2907,62,2,second,2,2915,63,2,zero,0,2881,64,6
1586434305460940855,first,1,2973,63,5,second,2,2978,61,2,zero,0,2951,68,7
1586434305588802217,first,1,3105,64,5,second,2,3106,61,2,zero,0,3094,71,5
1586434305716501087,first,1,3238,65,4,second,2,3239,66,1,zero,0,3233,69,4
1586434305780430514,first,1,3302,64,4,second,2,3307,66,4,zero,0,3300,66,3
1586434305908710468,first,1,3427,61,2,second,2,3440,66,1,zero,0,3430,63,5
1586434305972675030,first,1,3488,60,2,second,2,3504,63,1,zero,0,3492,60,4
1586434306100628479,first,1,3606,58,3,second,2,3615,54,1,zero,0,3606,55,2
1586434306164633211,first,1,3664,58,1,second,2,3668,52,1,zero,0,3659,52,4
1586434306292527693,first,1,3758,45,8,second,2,3766,48,1,zero,0,3761,49,3
1586434306356586279,first,1,3774,18,1,second,2,3812,47,1,zero,0,3808,46,3
1586434306484627872,first,1,3833,29,5,second,2,3857,8,0,zero,0,3879,27,2
1586434306612565798,first,1,3922,45,1,second,2,3878,15,3,zero,0,3886,2,3
1586434306676643192,first,1,3957,39,-6,second,2,3908,27,4,zero,0,3902,13,5
1586434306804653000,first,1,3965,0,0,second,2,3989,40,1,zero,0,3961,32,6
1586434306868863276,first,1,3969,0,3,second,2,4021,32,3,zero,0,3999,36,4
1586434306996858030,first,1,4011,22,2,second,2,4029,0,0,zero,0,4029,3,0
1586434307060783692,first,1,4044,29,1,second,2,4029,0,0,zero,0,4031,0,1
1586434307188841851,first,1,4072,7,-1,second,2,4034,2,1,zero,0,4059,15,1
1586434307316819992,first,1,4072,0,0,second,2,4056,9,0,zero,0,4073,0,0
1586434307380877384,first,1,4073,0,0,second,2,4056,0,0,zero,0,4074,0,0
1586434307508899414,first,1,4072,0,0,second,2,4058,0,0,zero,0,4074,0,0
1586434307572958372,first,1,4073,0,0,second,2,4059,0,0,zero,0,4074,0,0
1586434307701007433,first,1,4072,0,0,second,2,4060,0,0,zero,0,4073,0,0
1586434307764824080,first,1,4073,0,0,second,2,4059,0,0,zero,0,4074,0,0
1586434307892741410,first,1,4072,0,0,second,2,4060,0,0,zero,0,4074,0,0
1586434307956768103,first,1,4072,0,0,second,2,4060,0,0,zero,0,4074,0,0
1586434308084888281,first,1,4072,0,-2,second,2,4059,0,0,zero,0,4074,0,-1
1586434308212822046,first,1,4062,-4,-3,second,2,4060,0,-1,zero,0,4073,0,-1
1586434308276723973,first,1,4049,-10,-4,second,2,4059,0,-3,zero,0,4072,0,-1
1586434308405110653,first,1,4017,-14,-4,second,2,4036,-12,-6,zero,0,4050,-14,-6
1586434308468898939,first,1,3999,-15,-3,second,2,4019,-15,-8,zero,0,4026,-21,-7
1586434308596899062,first,1,3955,-20,-6,second,2,3971,-25,-6,zero,0,3964,-31,-8
1586434308660892565,first,1,3927,-24,-8,second,2,3939,-30,-9,zero,0,3928,-34,-6
1586434308788776111,first,1,3854,-36,-9,second,2,3862,-37,-10,zero,0,3855,-35,-7
1586434308916967074,first,1,3767,-41,-9,second,2,3774,-44,-9,zero,0,3772,-41,-8
1586434308980908167,first,1,3724,-42,-10,second,2,3723,-48,-11,zero,0,3725,-44,-8
1586434309109001554,first,1,3627,-47,-10,second,2,3611,-55,-11,zero,0,3620,-52,-10
1586434309172959508,first,1,3574,-50,-12,second,2,3552,-58,-10,zero,0,3563,-53,-12
1586434309300807649,first,1,3461,-55,-12,second,2,3431,-59,-10,zero,0,3440,-60,-11
1586434309364906874,first,1,3400,-58,-14,second,2,3370,-59,-9,zero,0,3372,-64,-11
1586434309492212353,first,1,3272,-63,-11,second,2,3245,-61,-9,zero,0,3239,-65,-7
1586434309557071614,first,1,3206,-63,-11,second,2,3182,-61,-11,zero,0,3174,-64,-8
1586434309684892071,first,1,3073,-65,-11,second,2,3057,-61,-9,zero,0,3048,-62,-10
1586434309812882569,first,1,2943,-64,-11,second,2,2929,-61,-9,zero,0,2927,-60,-7
1586434309876825186,first,1,2878,-63,-10,second,2,2865,-61,-10,zero,0,2866,-60,-9
1586434310004815417,first,1,2757,-59,-10,second,2,2743,-59,-8,zero,0,2748,-57,-11
1586434310068891922,first,1,2698,-57,-10,second,2,2684,-57,-8,zero,0,2690,-57,-7
1586434310196742850,first,1,2590,-53,-9,second,2,2574,-52,-7,zero,0,2577,-55,-8
1586434310260974680,first,1,2540,-50,-8,second,2,2524,-50,-7,zero,0,2525,-52,-5
1586434310388977104,first,1,2446,-45,-8,second,2,2433,-44,-5,zero,0,2436,-41,-4
1586434310516867429,first,1,2362,-41,-7,second,2,2355,-36,-5,zero,0,2363,-35,-5
1586434310580870417,first,1,2322,-40,-7,second,2,2322,-32,-5,zero,0,2326,-35,-7
1586434310708852476,first,1,2250,-34,-3,second,2,2265,-27,-6,zero,0,2261,-31,-2
1586434310773055344,first,1,2219,-30,-3,second,2,2238,-26,-4,zero,0,2230,-29,-4
1586434310900803629,first,1,2169,-22,-3,second,2,2186,-24,-2,zero,0,2180,-24,-2
1586434310964853801,first,1,2151,-18,-2,second,2,2162,-23,-3,zero,0,2161,-18,-1
1586434311093138067,first,1,2125,-11,-2,second,2,2130,-13,-1,zero,0,2142,-6,-1
1586434311156875991,first,1,2115,-10,-1,second,2,2122,-7,-1,zero,0,2138,-3,-1
1586434311285027905,first,1,2102,-5,0,second,2,2112,-3,0,zero,0,2125,-6,-3
1586434311412881608,first,1,2102,0,0,second,2,2113,0,-1,zero,0,2109,-5,0
1586434311476931662,first,1,2102,0,0,second,2,2113,0,-1,zero,0,2109,0,0
1586434311604870253,first,1,2101,0,-2,second,2,2112,0,-1,zero,0,2108,0,-1
1586434311669063272,first,1,2099,0,-1,second,2,2113,0,-1,zero,0,2108,0,-1
1586434311797085176,first,1,2083,-7,-1,second,2,2112,0,-1,zero,0,2108,0,-1
1586434311860909515,first,1,2075,-7,-1,second,2,2109,-1,-4,zero,0,2100,-4,-2
1586434311988861654,first,1,2056,-8,-2,second,2,2085,-11,-4,zero,0,2079,-10,-1
1586434312117037718,first,1,2034,-9,-2,second,2,2057,-12,-5,zero,0,2051,-13,-2
1586434312181013091,first,1,2021,-10,-5,second,2,2041,-13,-4,zero,0,2034,-14,-4
1586434312308888187,first,1,1990,-14,-4,second,2,2005,-17,-5,zero,0,1997,-18,-3
1586434312372916879,first,1,1972,-16,-5,second,2,1982,-21,-7,zero,0,1974,-20,-3
1586434312500659471,first,1,1925,-23,-7,second,2,1921,-30,-7,zero,0,1917,-29,-9
1586434312564733531,first,1,1894,-27,-7,second,2,1886,-33,-6,zero,0,1882,-32,-5
1586434312692698928,first,1,1818,-37,-10,second,2,1808,-39,-7,zero,0,1805,-38,-9
1586434312756695331,first,1,1775,-40,-10,second,2,1764,-42,-9,zero,0,1762,-41,-8
1586434312884662803,first,1,1683,-44,-10,second,2,1665,-49,-9,zero,0,1665,-47,-9
1586434313012990687,first,1,1583,-48,-14,second,2,1551,-57,-10,zero,0,1560,-51,-10
1586434313076700178,first,1,1527,-53,-12,second,2,1493,-58,-11,zero,0,1502,-55,-10
1586434313204783440,first,1,1409,-58,-11,second,2,1369,-60,-8,zero,0,1382,-59,-9
1586434313268830157,first,1,1347,-60,-14,second,2,1306,-61,-10,zero,0,1321,-59,-9
1586434313396814220,first,1,1220,-62,-14,second,2,1182,-62,-10,zero,0,1194,-62,-9
1586434313460940850,first,1,1154,-64,-14,second,2,1121,-60,-9,zero,0,1132,-61,-10
1586434313588825513,first,1,1018,-66,-12,second,2,999,-61,-9,zero,0,1009,-60,-10
1586434313716687715,first,1,890,-64,-11,second,2,871,-62,-10,zero,0,880,-64,-11
1586434313781092031,first,1,827,-62,-11,second,2,808,-62,-10,zero,0,815,-65,-10
1586434313908967093,first,1,705,-59,-10,second,2,687,-59,-9,zero,0,685,-63,-6
1586434313972905771,first,1,648,-57,-9,second,2,630,-56,-9,zero,0,626,-59,-6
1586434314101106569,first,1,541,-52,-8,second,2,522,-52,-8,zero,0,521,-49,-6
1586434314164889270,first,1,490,-50,-8,second,2,473,-48,-6,zero,0,476,-45,-6
1586434314292898563,first,1,397,-45,-8,second,2,382,-42,-7,zero,0,390,-42,-4
1586434314356910249,first,1,354,-42,-8,second,2,344,-39,-6,zero,0,349,-41,-8
1586434314484913396,first,1,273,-38,-6,second,2,278,-31,-5,zero,0,274,-35,-5
1586434314612871475,first,1,199,-36,-3,second,2,221,-27,-5,zero,0,211,-30,-4
1586434314676754659,first,1,168,-31,-4,second,2,194,-26,-6,zero,0,181,-29,-3
1586434314804841535,first,1,118,-23,-1,second,2,143,-24,-3,zero,0,125,-27,-2
1586434314868885233,first,1,99,-19,-1,second,2,119,-24,-3,zero,0,107,-17,0
1586434314996739669,first,1,72,-12,-1,second,2,81,-15,-1,zero,0,107,0,-2
1586434315060800204,first,1,60,-11,-1,second,2,76,-5,0,zero,0,100,-4,-1
1586434315188805647,first,1,56,0,0,second,2,76,0,-1,zero,0,78,-10,-2
1586434315316882179,first,1,56,0,0,second,2,76,0,-1,zero,0,71,0,-1
1586434315380731295,first,1,56,0,0,second,2,76,0,-1,zero,0,71,0,-1
1586434315508844725,first,1,56,0,0,second,2,76,0,-1,zero,0,71,0,0
1586434315572763597,first,1,56,0,0,second,2,76,0,0,zero,0,71,0,0
1586434315700825002,first,1,56,0,0,second,2,76,0,-1,zero,0,71,0,0
1586434315764878917,first,1,56,0,0,second,2,76,0,0,zero,0,71,0,0
1586434315892836287,first,1,56,0,0,second,2,76,0,0,zero,0,71,0,0
1586434315956816839,first,1,61,1,2,second,2,76,0,0,zero,0,72,0,0
1586434316084760375,first,1,95,16,2,second,2,82,2,1,zero,0,88,10,4
1586434316213010481,first,1,149,26,1,second,2,125,25,5,zero,0,134,24,4
1586434316276942461,first,1,176,26,1,second,2,161,33,4,zero,0,165,28,5
1586434316404780992,first,1,236,29,2,second,2,253,46,2,zero,0,240,37,3
1586434316468756477,first,1,273,33,3,second,2,305,49,3,zero,0,282,40,5
1586434316596833636,first,1,364,45,3,second,2,406,49,2,zero,0,374,44,4
1586434316660969134,first,1,418,50,3,second,2,457,49,3,zero,0,422,47,6
1586434316789058985,first,1,536,58,3,second,2,557,49,2,zero,0,532,54,6
1586434316916968505,first,1,663,62,2,second,2,665,52,3,zero,0,652,59,5
1586434316981029352,first,1,727,63,3,second,2,722,54,2,zero,0,714,60,6
1586434317108893852,first,1,857,63,2,second,2,845,61,5,zero,0,843,63,5
1586434317172890134,first,1,923,63,4,second,2,911,63,5,zero,0,910,65,5
1586434317300846724,first,1,1055,65,2,second,2,1050,67,3,zero,0,1046,67,4
1586434317364825725,first,1,1120,65,4,second,2,1121,70,4,zero,0,1117,68,6
1586434317492781914,first,1,1252,65,2,second,2,1265,71,3,zero,0,1256,68,5
1586434317556916468,first,1,1315,63,1,second,2,1336,70,2,zero,0,1323,65,4
1586434317684825328,first,1,1442,62,3,second,2,1462,60,1,zero,0,1442,57,4
1586434317812881072,first,1,1570,63,1,second,2,1570,52,1,zero,0,1553,54,5
1586434317876844758,first,1,1629,60,1,second,2,1620,50,1,zero,0,1607,53,5
1586434318004793504,first,1,1720,44,7,second,2,1714,46,1,zero,0,1712,52,3
1586434318068881777,first,1,1730,15,1,second,2,1759,44,1,zero,0,1762,48,1
1586434318196873987,first,1,1763,17,6,second,2,1801,7,0,zero,0,1837,29,3
1586434318260821759,first,1,1803,33,6,second,2,1804,1,3,zero,0,1840,4,0
1586434318388822318,first,1,1900,47,1,second,2,1849,26,3,zero,0,1856,10,5
1586434318516449406,first,1,1944,14,-1,second,2,1928,40,2,zero,0,1910,28,4
1586434318581194037,first,1,1944,0,0,second,2,1961,33,2,zero,0,1946,35,3
1586434318709004889,first,1,1962,9,2,second,2,1969,0,0,zero,0,2011,26,1
1586434318772992177,first,1,1985,19,2,second,2,1974,2,1,zero,0,2012,1,-1
1586434318901026996,first,1,2009,6,0,second,2,2014,22,1,zero,0,2013,0,0
1586434318964964588,first,1,2010,0,0,second,2,2032,18,2,zero,0,2015,0,0
1586434319092837672,first,1,2012,0,0,second,2,2034,0,0,zero,0,2016,0,0
1586434319156827821,first,1,2014,0,0,second,2,2034,0,-1,zero,0,2018,0,0
1586434319284825946,first,1,2018,0,0,second,2,2034,0,0,zero,0,2021,0,0
1586434319413055005,first,1,2020,0,0,second,2,2034,0,0,zero,0,2023,0,0
1586434319477070891,first,1,2022,0,0,second,2,2034,0,0,zero,0,2025,0,0
1586434319605114847,first,1,2028,1,2,second,2,2034,0,0,zero,0,2030,1,2
1586434319669059085,first,1,2042,9,1,second,2,2035,0,0,zero,0,2039,7,1
1586434319796856162,first,1,2057,3,0,second,2,2041,1,1,zero,0,2073,17,2
1586434319861335716,first,1,2062,1,1,second,2,2058,14,4,zero,0,2093,18,1
1586434319988837123,first,1,2104,22,2,second,2,2124,34,3,zero,0,2133,18,1
1586434320116896719,first,1,2185,40,3,second,2,2195,30,5,zero,0,2183,24,3
1586434320180803725,first,1,2231,44,1,second,2,2205,9,1,zero,0,2212,28,2
1586434320308899435,first,1,2320,42,4,second,2,2244,24,5,zero,0,2284,35,2
1586434320372799052,first,1,2330,15,1,second,2,2288,41,5,zero,0,2324,37,5
1586434320500911779,first,1,2365,18,7,second,2,2412,63,3,zero,0,2411,41,4
1586434320564839872,first,1,2407,36,10,second,2,2480,65,1,zero,0,2456,43,5
1586434320692893584,first,1,2540,67,8,second,2,2594,49,7,zero,0,2555,47,5
1586434320756980995,first,1,2620,77,7,second,2,2609,15,2,zero,0,2608,51,7
1586434320884890307,first,1,2784,80,1,second,2,2676,40,8,zero,0,2728,60,7
1586434321012105789,first,1,2857,24,1,second,2,2819,76,10,zero,0,2861,65,7
1586434321076612788,first,1,2864,5,9,second,2,2910,89,9,zero,0,2928,66,5
1586434321204714014,first,1,2955,49,13,second,2,3099,91,1,zero,0,3055,62,5
1586434321268882969,first,1,3037,75,13,second,2,3168,69,20,zero,0,3115,60,5
1586434321397066422,first,1,3248,106,6,second,2,3200,9,4,zero,0,3236,59,4
1586434321461067772,first,1,3354,107,1,second,2,3228,26,9,zero,0,3295,59,5
1586434321589094414,first,1,3462,40,2,second,2,3358,74,13,zero,0,3415,59,4
1586434321716947255,first,1,3492,15,5,second,2,3552,99,4,zero,0,3539,59,4
1586434321780895218,first,1,3531,31,9,second,2,3634,83,-8,zero,0,3596,57,3
1586434321908989408,first,1,3660,66,10,second,2,3676,11,2,zero,0,3702,50,2
1586434321973026592,first,1,3741,77,5,second,2,3698,20,4,zero,0,3749,45,2
1586434322101001016,first,1,3876,65,-24,second,2,3788,50,5,zero,0,3828,36,1
1586434322164975726,first,1,3893,25,1,second,2,3850,61,7,zero,0,3863,35,2
1586434322292906166,first,1,3901,2,4,second,2,3976,56,7,zero,0,3933,34,1
1586434322356976360,first,1,3921,14,4,second,2,3994,18,0,zero,0,3966,33,3
1586434322485736195,first,1,4000,40,2,second,2,3994,0,0,zero,0,3991,1,0
1586434322613013173,first,1,4044,14,0,second,2,4001,3,3,zero,0,4006,9,3
1586434322676930754,first,1,4044,0,0,second,2,4019,15,2,zero,0,4025,16,1
1586434322805000926,first,1,4045,0,0,second,2,4060,18,1,zero,0,4061,15,1
1586434322868911284,first,1,4046,0,0,second,2,4062,2,0,zero,0,4061,0,0
1586434322997059280,first,1,4050,0,0,second,2,4062,0,0,zero,0,4062,0,0
1586434323063823284,first,1,4052,0,0,second,2,4062,0,0,zero,0,4061,0,0
1586434323204446167,first,1,4056,0,0,second,2,4062,0,0,zero,0,4062,0,0
1586434323268355749,first,1,4057,0,0,second,2,4062,0,0,zero,0,4061,0,0
1586434323396323634,first,1,4061,0,0,second,2,4062,0,0,zero,0,4062,0,0
1586434323460315587,first,1,4062,0,0,second,2,4062,0,0,zero,0,4062,0,0
1586434323588906184,first,1,4066,0,0,second,2,4062,0,0,zero,0,4061,0,0
1586434323716868984,first,1,4068,0,0,second,2,4063,0,-1,zero,0,4061,0,-1
1586434323780871061,first,1,4068,0,-2,second,2,4062,0,-3,zero,0,4057,-1,-3
1586434323908884389,first,1,4058,-4,-5,second,2,4060,0,-3,zero,0,4036,-9,-4
1586434323972984448,first,1,4043,-11,-4,second,2,4050,-8,-6,zero,0,4022,-12,-1
1586434324100930683,first,1,4007,-17,-4,second,2,4012,-18,-8,zero,0,3992,-13,-4
1586434324164869932,first,1,3986,-18,-7,second,2,3986,-25,-6,zero,0,3973,-16,-4
1586434324292164619,first,1,3933,-25,-8,second,2,3921,-31,-7,zero,0,3920,-27,-6
1586434324356212798,first,1,3896,-33,-8,second,2,3885,-34,-9,zero,0,3887,-31,-8
1586434324484389937,first,1,3810,-42,-9,second,2,3803,-40,-9,zero,0,3812,-36,-8
1586434324612755873,first,1,3717,-44,-8,second,2,3710,-47,-10,zero,0,3719,-46,-11
1586434324676328997,first,1,3670,-45,-9,second,2,3657,-50,-9,zero,0,3664,-53,-12
1586434324805263273,first,1,3569,-49,-11,second,2,3546,-55,-8,zero,0,3544,-58,-12
1586434324868605749,first,1,3514,-53,-10,second,2,3488,-56,-8,zero,0,3481,-59,-11
1586434324997076874,first,1,3393,-59,-11,second,2,3366,-59,-10,zero,0,3353,-61,-8
1586434325060941909,first,1,3330,-61,-11,second,2,3303,-61,-9,zero,0,3292,-61,-9
1586434325188816688,first,1,3199,-64,-14,second,2,3174,-63,-10,zero,0,3170,-60,-7
1586434325316969257,first,1,3064,-66,-11,second,2,3043,-64,-11,zero,0,3048,-60,-10
1586434325380988543,first,1,2998,-66,-12,second,2,2975,-64,-10,zero,0,2986,-60,-6
1586434325509053664,first,1,2868,-63,-10,second,2,2845,-63,-10,zero,0,2857,-63,-10
1586434325572929113,first,1,2808,-61,-11,second,2,2782,-61,-7,zero,0,2792,-64,-8
1586434325700947512,first,1,2689,-57,-11,second,2,2665,-56,-8,zero,0,2668,-60,-7
1586434325764920548,first,1,2635,-55,-8,second,2,2609,-54,-7,zero,0,2608,-59,-5
1586434325892912256,first,1,2531,-51,-9,second,2,2510,-48,-6,zero,0,2504,-48,-6
1586434325956950204,first,1,2482,-48,-8,second,2,2463,-45,-5,zero,0,2460,-43,-5
1586434326084947941,first,1,2393,-43,-7,second,2,2380,-39,-3,zero,0,2383,-37,-3
1586434326212880031,first,1,2311,-39,-5,second,2,2314,-30,-6,zero,0,2312,-35,-3
1586434326276889327,first,1,2275,-36,-5,second,2,2285,-28,-3,zero,0,2277,-34,-3
1586434326404912390,first,1,2209,-31,-3,second,2,2231,-26,-4,zero,0,2216,-28,-2
1586434326469018277,first,1,2182,-28,-3,second,2,2205,-25,-4,zero,0,2190,-27,-1
1586434326597072325,first,1,2142,-17,-1,second,2,2156,-22,-2,zero,0,2149,-17,-1
1586434326660984425,first,1,2129,-13,-2,second,2,2140,-16,-1,zero,0,2141,-7,-1
1586434326788981953,first,1,2106,-10,-1,second,2,2117,-9,-1,zero,0,2134,-2,-1
1586434326916944531,first,1,2102,0,0,second,2,2114,0,0,zero,0,2123,-4,-4
1586434326980996621,first,1,2102,0,0,second,2,2114,0,-1,zero,0,2114,-6,-1
1586434327109059046,first,1,2102,0,0,second,2,2114,0,-2,zero,0,2109,0,0
1586434327172981815,first,1,2102,0,0,second,2,2114,0,-2,zero,0,2109,0,0
1586434327300896705,first,1,2098,-1,-1,second,2,2114,0,-1,zero,0,2109,0,0
1586434327364991306,first,1,2090,-5,-1,second,2,2114,0,-2,zero,0,2109,0,0
1586434327492978325,first,1,2075,-6,-1,second,2,2104,-5,-2,zero,0,2102,-4,-1
1586434327556985398,first,1,2066,-6,-2,second,2,2092,-8,-3,zero,0,2089,-10,-1
1586434327684912287,first,1,2045,-8,-1,second,2,2065,-12,-2,zero,0,2061,-12,-4
1586434327813136653,first,1,2021,-10,-3,second,2,2036,-12,-3,zero,0,2030,-14,-2
1586434327877203694,first,1,2006,-13,-3,second,2,2019,-14,-5,zero,0,2015,-15,-1
1586434328004969877,first,1,1970,-16,-4,second,2,1977,-21,-7,zero,0,1976,-18,-7
1586434328068983944,first,1,1948,-19,-7,second,2,1947,-27,-7,zero,0,1952,-22,-9
1586434328196993819,first,1,1893,-26,-7,second,2,1879,-33,-6,zero,0,1886,-33,-9
1586434328260965056,first,1,1857,-31,-9,second,2,1843,-35,-6,zero,0,1847,-36,-6
1586434328389081727,first,1,1774,-40,-9,second,2,1764,-38,-8,zero,0,1760,-43,-8
1586434328517128332,first,1,1683,-44,-11,second,2,1671,-47,-12,zero,0,1660,-48,-8
1586434328580925611,first,1,1634,-46,-11,second,2,1618,-53,-10,zero,0,1608,-50,-7
1586434328708981940,first,1,1527,-53,-14,second,2,1496,-60,-8,zero,0,1500,-52,-8
1586434328773049754,first,1,1468,-56,-13,second,2,1433,-62,-10,zero,0,1444,-55,-9
1586434328900931715,first,1,1344,-61,-13,second,2,1303,-63,-8,zero,0,1323,-60,-10
1586434328964947361,first,1,1280,-62,-14,second,2,1240,-63,-7,zero,0,1258,-61,-11
1586434329093008350,first,1,1149,-64,-13,second,2,1115,-62,-8,zero,0,1126,-65,-10
1586434329157048413,first,1,1084,-64,-13,second,2,1055,-61,-8,zero,0,1058,-66,-10
1586434329284954537,first,1,954,-64,-12,second,2,928,-61,-9,zero,0,925,-66,-7
1586434329413163639,first,1,827,-63,-11,second,2,800,-63,-8,zero,0,802,-60,-8
1586434329477241616,first,1,765,-62,-13,second,2,737,-61,-7,zero,0,744,-59,-7
1586434329605297695,first,1,642,-61,-10,second,2,624,-55,-8,zero,0,629,-56,-7
1586434329669223118,first,1,584,-57,-9,second,2,569,-53,-7,zero,0,574,-54,-7
1586434329797297743,first,1,479,-50,-9,second,2,469,-48,-7,zero,0,469,-50,-7
1586434329861256043,first,1,432,-47,-8,second,2,422,-46,-6,zero,0,420,-49,-6
1586434329988997135,first,1,346,-42,-8,second,2,339,-39,-3,zero,0,332,-40,-6
1586434330117017299,first,1,264,-39,-5,second,2,274,-31,-4,zero,0,263,-32,-3
1586434330181009492,first,1,227,-37,-5,second,2,243,-29,-6,zero,0,233,-30,-2
1586434330309099544,first,1,160,-32,-3,second,2,187,-27,-3,zero,0,174,-29,-1
1586434330373026873,first,1,134,-27,-3,second,2,161,-24,-4,zero,0,145,-28,-2
1586434330500381138,first,1,95,-17,-2,second,2,113,-22,-1,zero,0,106,-14,0
1586434330565065193,first,1,82,-13,-2,second,2,94,-20,-1,zero,0,106,0,0
1586434330693003580,first,1,58,-11,-1,second,2,74,-4,0,zero,0,99,-4,-4
1586434330757066161,first,1,53,-6,0,second,2,75,0,0,zero,0,87,-9,-1
1586434330884988222,first,1,53,0,0,second,2,74,0,-1,zero,0,69,-5,0
1586434331013110093,first,1,53,0,0,second,2,74,0,-2,zero,0,69,0,-1
1586434331077002339,first,1,53,0,0,second,2,74,0,-2,zero,0,69,0,-1
1586434331205068102,first,1,53,0,0,second,2,75,0,0,zero,0,69,0,0
1586434331268966774,first,1,53,0,0,second,2,74,0,-1,zero,0,69,0,0
1586434331396966580,first,1,53,0,0,second,2,74,0,0,zero,0,69,0,0
1586434331461039623,first,1,53,0,0,second,2,75,0,0,zero,0,69,0,0
1586434331589066753,first,1,59,1,1,second,2,75,0,0,zero,0,71,0,0
1586434331716965451,first,1,96,18,1,second,2,79,2,1,zero,0,85,8,3
1586434331780961891,first,1,125,25,2,second,2,97,14,3,zero,0,103,16,5
1586434331909414578,first,1,187,29,1,second,2,166,37,3,zero,0,157,27,4
1586434331973163265,first,1,218,29,1,second,2,214,45,2,zero,0,191,32,6
1586434332101136073,first,1,285,32,3,second,2,319,51,1,zero,0,276,42,5
1586434332165036422,first,1,329,39,3,second,2,370,51,1,zero,0,325,45,5
1586434332293175960,first,1,434,52,3,second,2,461,39,5,zero,0,426,49,5
1586434332357075741,first,1,494,56,5,second,2,477,15,4,zero,0,481,52,5
1586434332485162697,first,1,613,58,3,second,2,549,42,10,zero,0,595,55,5
1586434332613399314,first,1,728,56,2,second,2,686,72,8,zero,0,706,55,5
1586434332677358153,first,1,784,55,2,second,2,771,81,7,zero,0,765,56,6
1586434332805190897,first,1,898,56,6,second,2,951,88,1,zero,0,885,60,7
1586434332869182346,first,1,963,61,4,second,2,1022,71,6,zero,0,950,63,7
1586434332997426355,first,1,1109,72,5,second,2,1055,8,5,zero,0,1093,70,6
1586434333061103242,first,1,1181,73,1,second,2,1082,25,10,zero,0,1163,71,6
1586434333189206244,first,1,1249,22,1,second,2,1209,73,11,zero,0,1294,63,3
1586434333317187822,first,1,1287,21,11,second,2,1400,97,4,zero,0,1406,52,1
1586434333381285921,first,1,1341,46,11,second,2,1481,82,19,zero,0,1451,44,3
1586434333509247619,first,1,1512,87,9,second,2,1519,9,1,zero,0,1535,40,5
1586434333573469905,first,1,1608,95,3,second,2,1540,19,7,zero,0,1578,41,4
1586434333701339542,first,1,1715,39,-14,second,2,1645,60,9,zero,0,1671,45,5
1586434333765214911,first,1,1724,11,0,second,2,1722,74,7,zero,0,1720,47,4
1586434333893255950,first,1,1760,19,6,second,2,1868,65,-33,zero,0,1812,45,3
1586434333957174636,first,1,1803,36,7,second,2,1889,21,-11,zero,0,1854,42,2
1586434334085385225,first,1,1922,59,2,second,2,1896,1,1,zero,0,1919,26,0
1586434334213075839,first,1,1988,22,0,second,2,1939,25,5,zero,0,1927,1,2
1586434334277052947,first,1,1989,3,-1,second,2,1975,34,1,zero,0,1941,11,4
1586434334405060060,first,1,1989,0,0,second,2,2009,6,-1,zero,0,1988,23,1
1586434334469055428,first,1,1989,0,0,second,2,2009,0,-1,zero,0,2012,24,1
1586434334597169522,first,1,1992,0,0,second,2,2009,0,0,zero,0,2027,0,0
1586434334661092729,first,1,1994,0,0,second,2,2009,0,0,zero,0,2027,0,0
1586434334789017075,first,1,1998,0,0,second,2,2009,0,0,zero,0,2027,0,0
1586434334917078743,first,1,2001,0,0,second,2,2009,0,0,zero,0,2028,0,0
1586434334981280387,first,1,2004,0,0,second,2,2009,0,0,zero,0,2027,0,0
1586434335109161317,first,1,2007,0,0,second,2,2013,0,0,zero,0,2027,0,0
1586434335173088763,first,1,2012,1,1,second,2,2014,0,0,zero,0,2027,0,0
1586434335301068095,first,1,2044,17,2,second,2,2035,14,2,zero,0,2030,0,0
1586434335364967446,first,1,2046,4,0,second,2,2058,21,1,zero,0,2033,0,1
1586434335493065502,first,1,2064,10,2,second,2,2079,1,0,zero,0,2058,13,3
1586434335557093097,first,1,2091,22,3,second,2,2082,1,1,zero,0,2077,17,2
1586434335685155879,first,1,2163,35,1,second,2,2126,25,4,zero,0,2128,26,3
1586434335813095507,first,1,2202,13,2,second,2,2210,44,3,zero,0,2195,32,3
1586434335877020326,first,1,2223,16,2,second,2,2263,49,2,zero,0,2230,34,3
1586434336005109142,first,1,2304,42,8,second,2,2353,39,8,zero,0,2311,39,5
1586434336069031286,first,1,2365,54,3,second,2,2365,11,1,zero,0,2357,43,4
1586434336197191909,first,1,2496,65,1,second,2,2407,28,8,zero,0,2455,47,5
1586434336261198220,first,1,2561,64,1,second,2,2457,47,8,zero,0,2508,49,7
1586434336389164947,first,1,2621,19,1,second,2,2610,80,9,zero,0,2616,53,4
1586434336517038239,first,1,2657,21,11,second,2,2792,89,1,zero,0,2731,56,6
1586434336581069357,first,1,2711,45,10,second,2,2862,68,-9,zero,0,2789,57,7
1586434336709115703,first,1,2885,89,10,second,2,2891,7,5,zero,0,2915,61,5
1586434336773129166,first,1,2989,101,6,second,2,2915,21,8,zero,0,2977,61,5
1586434336901415181,first,1,3171,88,-38,second,2,3036,69,12,zero,0,3102,61,6
1586434336965147580,first,1,3198,40,2,second,2,3127,89,11,zero,0,3165,61,8
1586434337093065724,first,1,3237,20,9,second,2,3335,104,1,zero,0,3296,65,5
1586434337157153172,first,1,3287,42,11,second,2,3418,84,-30,zero,0,3360,63,4
1586434337285110091,first,1,3451,85,7,second,2,3459,11,4,zero,0,3482,58,4
1586434337413201494,first,1,3630,89,-25,second,2,3525,39,8,zero,0,3591,52,4
1586434337477183256,first,1,3659,40,6,second,2,3586,59,10,zero,0,3642,49,4
1586434337605105353,first,1,3691,16,6,second,2,3748,82,4,zero,0,3734,44,2
1586434337669113172,first,1,3732,34,8,second,2,3817,70,10,zero,0,3775,40,2
1586434337797174480,first,1,3854,62,5,second,2,3847,7,1,zero,0,3854,37,2
1586434337861268740,first,1,3924,68,2,second,2,3858,9,4,zero,0,3888,34,1
1586434337989155352,first,1,3996,24,0,second,2,3928,39,5,zero,0,3954,32,1
1586434338117056890,first,1,3998,0,0,second,2,4023,44,4,zero,0,4011,27,1
1586434338181104001,first,1,4003,1,2,second,2,4036,12,1,zero,0,4031,19,-2
1586434338309162338,first,1,4042,20,1,second,2,4036,0,0,zero,0,4031,0,0
1586434338373091429,first,1,4061,20,2,second,2,4037,0,0,zero,0,4035,1,2
1586434338501040533,first,1,4062,0,0,second,2,4040,0,0,zero,0,4050,5,1
1586434338565108196,first,1,4062,0,0,second,2,4042,0,0,zero,0,4058,6,1
1586434338693048890,first,1,4062,0,0,second,2,4045,0,0,zero,0,4062,0,0
1586434338757031600,first,1,4062,0,0,second,2,4046,0,0,zero,0,4062,0,0
1586434338885177909,first,1,4062,0,0,second,2,4050,0,0,zero,0,4062,0,0
1586434339013054957,first,1,4062,0,0,second,2,4052,0,0,zero,0,4062,0,0
1586434339077067563,first,1,4062,0,0,second,2,4052,0,0,zero,0,4062,0,0
1586434339205022733,first,1,4062,0,0,second,2,4052,0,0,zero,0,4062,0,0
1586434339269160521,first,1,4062,0,0,second,2,4052,0,0,zero,0,4062,0,-1
1586434339397261889,first,1,4061,0,-3,second,2,4052,0,-1,zero,0,4054,-4,-1
1586434339461065572,first,1,4053,-4,-2,second,2,4052,0,-1,zero,0,4042,-9,-2
1586434339589091862,first,1,4026,-12,-3,second,2,4050,0,-4,zero,0,4016,-11,-4
1586434339717121530,first,1,3989,-17,-4,second,2,4021,-15,-8,zero,0,3986,-13,-4
1586434339781138284,first,1,3967,-19,-5,second,2,3998,-20,-9,zero,0,3967,-17,-4
1586434339909170332,first,1,3916,-24,-8,second,2,3930,-34,-8,zero,0,3914,-26,-8
1586434339973245590,first,1,3883,-29,-7,second,2,3890,-38,-9,zero,0,3881,-31,-10
1586434340101080693,first,1,3801,-40,-9,second,2,3802,-42,-7,zero,0,3805,-37,-7
1586434340165207171,first,1,3755,-44,-9,second,2,3757,-44,-9,zero,0,3761,-41,-9
1586434340293191457,first,1,3657,-48,-11,second,2,3659,-48,-10,zero,0,3656,-52,-10
1586434340357181137,first,1,3604,-50,-9,second,2,3606,-51,-8,zero,0,3598,-55,-9
1586434340485077786,first,1,3494,-54,-12,second,2,3489,-58,-11,zero,0,3476,-59,-9
1586434340613138573,first,1,3377,-57,-11,second,2,3359,-64,-11,zero,0,3347,-62,-7
1586434340677265300,first,1,3315,-59,-12,second,2,3291,-66,-8,zero,0,3286,-61,-10
1586434340805184907,first,1,3185,-64,-13,second,2,3155,-66,-9,zero,0,3164,-61,-9
1586434340869214021,first,1,3119,-64,-12,second,2,3089,-66,-7,zero,0,3098,-64,-8
1586434340997310927,first,1,2989,-64,-13,second,2,2959,-64,-7,zero,0,2967,-65,-8
1586434341061259815,first,1,2925,-64,-12,second,2,2897,-61,-8,zero,0,2900,-65,-9
1586434341189424946,first,1,2799,-61,-12,second,2,2779,-57,-7,zero,0,2769,-64,-8
1586434341317353162,first,1,2680,-58,-10,second,2,2669,-54,-6,zero,0,2656,-54,-6
1586434341381373980,first,1,2625,-55,-9,second,2,2616,-52,-7,zero,0,2605,-50,-7
1586434341509447602,first,1,2521,-50,-8,second,2,2517,-47,-6,zero,0,2512,-45,-8
1586434341573539597,first,1,2473,-47,-8,second,2,2471,-45,-6,zero,0,2469,-42,-4
1586434341701439888,first,1,2387,-42,-6,second,2,2388,-39,-6,zero,0,2388,-39,-4
1586434341765355233,first,1,2348,-38,-6,second,2,2351,-37,-5,zero,0,2349,-38,-4
1586434341893239925,first,1,2275,-35,-6,second,2,2286,-30,-5,zero,0,2277,-34,-2
1586434341957213107,first,1,2240,-34,-4,second,2,2258,-28,-5,zero,0,2245,-31,-3
1586434342085246892,first,1,2185,-26,-3,second,2,2205,-25,-3,zero,0,2189,-27,-1
1586434342213247234,first,1,2147,-17,-1,second,2,2154,-23,-1,zero,0,2147,-18,-1
1586434342277159063,first,1,2133,-14,-2,second,2,2137,-18,-1,zero,0,2138,-9,-1
1586434342405127005,first,1,2109,-10,-1,second,2,2120,-4,0,zero,0,2130,-2,-1
1586434342469248182,first,1,2100,-9,-1,second,2,2120,0,0,zero,0,2127,-2,-1
1586434342597342783,first,1,2096,0,0,second,2,2120,0,-1,zero,0,2113,-4,0
1586434342661350514,first,1,2096,0,0,second,2,2120,0,-1,zero,0,2112,0,0
1586434342789457904,first,1,2096,0,0,second,2,2120,0,-1,zero,0,2112,0,0
1586434342917393104,first,1,2096,0,0,second,2,2120,0,-1,zero,0,2112,0,-1
1586434342981588003,first,1,2096,0,0,second,2,2120,0,-3,zero,0,2111,0,-1
1586434343109418465,first,1,2096,0,-2,second,2,2110,-5,-2,zero,0,2093,-9,-1
1586434343173298075,first,1,2094,0,-4,second,2,2098,-8,-4,zero,0,2082,-10,-1
1586434343301260141,first,1,2071,-10,-5,second,2,2070,-12,-3,zero,0,2065,-7,-3
1586434343365343088,first,1,2055,-13,-4,second,2,2055,-12,-5,zero,0,2053,-9,-3
1586434343493374036,first,1,2018,-17,-5,second,2,2021,-16,-7,zero,0,2019,-15,-6
1586434343557485421,first,1,1997,-19,-6,second,2,2000,-19,-7,zero,0,2000,-18,-5
1586434343685331679,first,1,1946,-24,-5,second,2,1944,-28,-6,zero,0,1948,-25,-7
1586434343813381530,first,1,1878,-32,-8,second,2,1876,-33,-7,zero,0,1880,-34,-7
1586434343877450436,first,1,1839,-36,-9,second,2,1840,-34,-8,zero,0,1842,-36,-7
1586434344005228933,first,1,1755,-40,-10,second,2,1755,-42,-8,zero,0,1756,-42,-9
1586434344069323896,first,1,1711,-41,-8,second,2,1707,-47,-10,zero,0,1709,-44,-7
1586434344197421859,first,1,1619,-44,-9,second,2,1599,-53,-10,zero,0,1607,-50,-6
1586434344261372400,first,1,1569,-47,-10,second,2,1542,-54,-8,zero,0,1553,-52,-10
1586434344389379398,first,1,1459,-54,-14,second,2,1429,-56,-9,zero,0,1433,-59,-10
1586434344516774384,first,1,1335,-60,-13,second,2,1306,-60,-10,zero,0,1307,-60,-7
1586434344580585845,first,1,1272,-62,-14,second,2,1244,-62,-9,zero,0,1245,-60,-6
1586434344708825214,first,1,1141,-64,-12,second,2,1113,-64,-10,zero,0,1120,-61,-8
1586434344773083904,first,1,1076,-64,-11,second,2,1047,-65,-8,zero,0,1058,-61,-11
1586434344900921337,first,1,947,-63,-11,second,2,915,-64,-6,zero,0,928,-65,-11
1586434344964928902,first,1,884,-63,-13,second,2,853,-62,-8,zero,0,861,-67,-9
1586434345092818849,first,1,757,-62,-11,second,2,735,-57,-8,zero,0,727,-65,-5
1586434345157235851,first,1,694,-62,-13,second,2,679,-55,-8,zero,0,666,-61,-3
1586434345285417121,first,1,573,-59,-7,second,2,570,-53,-8,zero,0,560,-51,-5
1586434345413324856,first,1,467,-51,-8,second,2,469,-49,-5,zero,0,467,-45,-3
1586434345477417714,first,1,419,-48,-7,second,2,421,-47,-7,zero,0,423,-43,-8
1586434345605449973,first,1,332,-42,-6,second,2,336,-40,-3,zero,0,339,-40,-3
1586434345669485662,first,1,293,-40,-6,second,2,299,-35,-5,zero,0,301,-38,-3
1586434345797425314,first,1,220,-34,-4,second,2,238,-28,-4,zero,0,232,-32,-4
1586434345861338602,first,1,187,-32,-3,second,2,210,-27,-4,zero,0,200,-31,-2
1586434345989543284,first,1,134,-24,-3,second,2,157,-25,-4,zero,0,141,-28,-1
1586434346117505874,first,1,97,-17,-2,second,2,109,-22,-2,zero,0,108,-9,0
1586434346181562920,first,1,83,-14,-1,second,2,89,-20,-2,zero,0,106,0,-2
1586434346309457967,first,1,58,-11,-1,second,2,79,0,-1,zero,0,89,-9,-1
1586434346373338083,first,1,54,-6,0,second,2,78,0,-2,zero,0,78,-9,-3
1586434346501191584,first,1,54,0,0,second,2,79,0,-1,zero,0,71,0,0
1586434346565323232,first,1,53,0,0,second,2,79,0,-1,zero,0,71,0,0
1586434346693232662,first,1,54,0,0,second,2,79,0,-1,zero,0,71,0,0
1586434346757306009,first,1,53,0,0,second,2,78,0,-2,zero,0,71,0,0
1586434346885327786,first,1,54,0,0,second,2,79,0,0,zero,0,71,0,0
1586434347013279994,first,1,54,0,0,second,2,78,0,0,zero,0,71,0,0
1586434347077575323,first,1,54,0,0,second,2,78,0,0,zero,0,71,0,0
1586434347205218272,first,1,59,1,1,second,2,78,0,0,zero,0,72,0,0
1586434347269221259,first,1,74,10,2,second,2,79,0,0,zero,0,76,1,1
1586434347397219186,first,1,125,25,2,second,2,101,14,4,zero,0,108,18,3
1586434347461551052,first,1,157,30,1,second,2,131,26,4,zero,0,135,24,2
1586434347589235739,first,1,219,30,1,second,2,218,45,3,zero,0,202,34,5
1586434347717261654,first,1,290,34,2,second,2,321,49,1,zero,0,291,43,4
1586434347781275730,first,1,335,40,5,second,2,372,49,1,zero,0,339,46,5
1586434347909386541,first,1,442,54,4,second,2,474,49,1,zero,0,440,49,4
1586434347973265502,first,1,505,58,2,second,2,525,49,2,zero,0,494,51,5
1586434348101328335,first,1,629,60,2,second,2,632,52,2,zero,0,610,57,5
1586434348165300278,first,1,691,60,3,second,2,687,53,3,zero,0,672,59,6
1586434348293406551,first,1,815,60,3,second,2,807,59,5,zero,0,800,63,3
1586434348357375446,first,1,877,60,3,second,2,874,64,4,zero,0,866,65,5
1586434348485256143,first,1,1000,60,4,second,2,1015,69,1,zero,0,1003,67,5
1586434348613310884,first,1,1130,63,2,second,2,1153,68,1,zero,0,1139,67,6
1586434348677397506,first,1,1198,65,3,second,2,1216,64,1,zero,0,1207,67,3
1586434348805406796,first,1,1337,69,4,second,2,1334,58,1,zero,0,1338,63,4
1586434348869296850,first,1,1407,69,2,second,2,1390,56,1,zero,0,1399,61,4
1586434348997340390,first,1,1520,55,-3,second,2,1506,57,2,zero,0,1516,57,2
1586434349061246188,first,1,1538,22,2,second,2,1567,59,2,zero,0,1572,56,3
1586434349189300942,first,1,1605,34,5,second,2,1628,13,1,zero,0,1671,46,1
1586434349317288152,first,1,1719,57,4,second,2,1663,23,5,zero,0,1706,4,0
1586434349381252883,first,1,1768,54,6,second,2,1705,39,6,zero,0,1711,3,5
1586434349509604865,first,1,1785,3,1,second,2,1815,56,2,zero,0,1761,29,7
1586434349573356690,first,1,1800,10,2,second,2,1862,47,5,zero,0,1805,41,8
1586434349701309245,first,1,1874,38,5,second,2,1875,0,0,zero,0,1906,49,1
1586434349765271695,first,1,1926,47,3,second,2,1879,1,3,zero,0,1941,36,3
1586434349893307105,first,1,1978,17,-3,second,2,1929,30,3,zero,0,1949,0,2
1586434349957274779,first,1,1978,1,0,second,2,1970,39,1,zero,0,1959,8,2
1586434350085306300,first,1,1983,1,1,second,2,2011,8,-1,zero,0,2001,21,1
1586434350213323126,first,1,2012,13,1,second,2,2011,0,0,zero,0,2017,0,0
1586434350277468134,first,1,2022,12,0,second,2,2011,0,0,zero,0,2017,0,0
1586434350405379623,first,1,2022,0,0,second,2,2011,0,0,zero,0,2019,0,0
1586434350469273845,first,1,2022,0,0,second,2,2011,0,0,zero,0,2021,0,0
1586434350597311115,first,1,2022,0,0,second,2,2012,0,0,zero,0,2023,0,0
1586434350661419780,first,1,2022,0,0,second,2,2011,0,0,zero,0,2025,0,0
1586434350789219889,first,1,2022,0,0,second,2,2017,2,1,zero,0,2028,0,0
1586434350917368333,first,1,2025,0,0,second,2,2041,10,0,zero,0,2033,1,2
1586434350981334161,first,1,2030,1,2,second,2,2042,0,0,zero,0,2043,7,1
1586434351109268515,first,1,2075,23,2,second,2,2063,14,1,zero,0,2077,17,1
1586434351173344355,first,1,2108,30,1,second,2,2088,23,2,zero,0,2100,20,2
1586434351301348048,first,1,2170,30,1,second,2,2165,39,2,zero,0,2156,28,3
1586434351365250234,first,1,2203,30,2,second,2,2211,43,1,zero,0,2189,31,3
1586434351493340244,first,1,2284,39,2,second,2,2289,34,5,zero,0,2266,38,4
1586434351556650026,first,1,2328,42,2,second,2,2297,8,0,zero,0,2309,39,3
1586434351685781211,first,1,2409,40,-16,second,2,2332,24,7,zero,0,2399,44,4
1586434351813323476,first,1,2427,5,4,second,2,2442,60,7,zero,0,2492,44,1
1586434351877627194,first,1,2456,20,11,second,2,2517,70,6,zero,0,2534,41,2
1586434352005587436,first,1,2576,63,8,second,2,2671,75,1,zero,0,2619,41,3
1586434352069555874,first,1,2659,78,9,second,2,2729,56,8,zero,0,2666,45,6
1586434352197494739,first,1,2845,92,2,second,2,2756,9,7,zero,0,2782,59,7
1586434352261474265,first,1,2921,84,-1,second,2,2789,29,9,zero,0,2848,64,7
1586434352389482996,first,1,2956,10,3,second,2,2925,76,11,zero,0,2991,70,4
1586434352517524656,first,1,3025,38,10,second,2,3122,100,6,zero,0,3125,66,4
1586434352581562117,first,1,3094,61,12,second,2,3222,100,1,zero,0,3186,62,3
1586434352709618514,first,1,3291,100,8,second,2,3329,27,2,zero,0,3307,59,4
1586434352773423120,first,1,3397,106,4,second,2,3340,10,5,zero,0,3369,60,5
1586434352901577917,first,1,3521,47,4,second,2,3421,50,12,zero,0,3496,61,4
1586434352965549588,first,1,3535,15,2,second,2,3495,70,9,zero,0,3555,58,2
1586434353093734159,first,1,3597,33,8,second,2,3667,87,3,zero,0,3660,48,2
1586434353157447890,first,1,3652,49,6,second,2,3739,73,11,zero,0,3704,44,1
1586434353285712030,first,1,3797,72,4,second,2,3769,6,1,zero,0,3788,40,3
1586434353413429860,first,1,3880,29,5,second,2,3819,31,5,zero,0,3867,38,3
1586434353477310080,first,1,3884,6,0,second,2,3867,46,5,zero,0,3902,35,1
1586434353605443972,first,1,3912,15,6,second,2,3974,48,7,zero,0,3929,3,2
1586434353669439002,first,1,3949,31,2,second,2,3988,14,-5,zero,0,3940,8,4
1586434353797424033,first,1,4030,40,-7,second,2,3992,0,1,zero,0,3986,23,3
1586434353861312590,first,1,4040,15,0,second,2,4006,13,3,zero,0,4016,27,1
1586434353989467398,first,1,4040,0,0,second,2,4055,23,2,zero,0,4067,20,2
1586434354117543583,first,1,4042,0,0,second,2,4059,0,0,zero,0,4068,0,0
1586434354181372208,first,1,4044,0,0,second,2,4058,0,0,zero,0,4068,0,0
1586434354309346270,first,1,4048,0,0,second,2,4061,0,0,zero,0,4068,0,0
1586434354373460369,first,1,4050,0,0,second,2,4062,0,0,zero,0,4068,0,0
1586434354501503399,first,1,4053,0,0,second,2,4062,0,0,zero,0,4068,0,0
1586434354565562062,first,1,4055,0,0,second,2,4061,0,0,zero,0,4068,0,0
1586434354693492609,first,1,4055,0,0,second,2,4061,0,0,zero,0,4068,0,0
1586434354757686851,first,1,4055,0,0,second,2,4062,0,0,zero,0,4068,0,0
1586434354885630340,first,1,4055,0,0,second,2,4062,0,0,zero,0,4068,0,-1
1586434355013630247,first,1,4055,0,0,second,2,4061,0,-1,zero,0,4058,-5,-3
1586434355077559938,first,1,4055,0,-1,second,2,4062,0,-3,zero,0,4045,-10,-2
1586434355205559239,first,1,4039,-8,-4,second,2,4049,-8,-6,zero,0,4018,-12,-3
1586434355269393238,first,1,4023,-12,-5,second,2,4033,-14,-4,zero,0,4004,-12,-4
1586434355397329666,first,1,3984,-18,-6,second,2,3991,-22,-7,zero,0,3968,-17,-5
1586434355461418190,first,1,3960,-21,-5,second,2,3961,-27,-9,zero,0,3944,-21,-7
1586434355589605774,first,1,3895,-32,-8,second,2,3891,-34,-9,zero,0,3882,-32,-8
1586434355717349339,first,1,3810,-41,-8,second,2,3808,-41,-9,zero,0,3804,-37,-8
1586434355781295621,first,1,3764,-43,-8,second,2,3761,-45,-9,zero,0,3760,-42,-8
1586434355909427651,first,1,3671,-45,-11,second,2,3656,-52,-9,zero,0,3657,-52,-9
1586434355973515808,first,1,3621,-48,-11,second,2,3598,-55,-11,zero,0,3600,-54,-10
1586434356101405898,first,1,3508,-55,-13,second,2,3477,-59,-10,zero,0,3482,-57,-9
1586434356165357761,first,1,3448,-58,-11,second,2,3413,-61,-9,zero,0,3418,-60,-11
1586434356293448922,first,1,3318,-63,-13,second,2,3285,-63,-8,zero,0,3287,-64,-11
1586434356365400262,first,1,3250,-66,-12,second,2,3219,-65,-8,zero,0,3219,-66,-11
1586434356485668873,first,1,3114,-67,-12,second,2,3089,-64,-8,zero,0,3082,-67,-9
1586434356613709695,first,1,2980,-66,-13,second,2,2961,-62,-8,zero,0,2949,-66,-7
1586434356677446833,first,1,2915,-65,-10,second,2,2898,-62,-8,zero,0,2887,-62,-6
1586434356805480533,first,1,2789,-61,-9,second,2,2778,-58,-6,zero,0,2770,-57,-6
1586434356869421115,first,1,2731,-58,-10,second,2,2721,-55,-8,zero,0,2715,-54,-5
1586434356997487821,first,1,2621,-54,-9,second,2,2615,-52,-7,zero,0,2606,-54,-6
1586434357061456063,first,1,2571,-50,-6,second,2,2564,-49,-6,zero,0,2552,-54,-7
1586434357189466676,first,1,2476,-46,-8,second,2,2470,-44,-5,zero,0,2454,-46,-6
1586434357317575293,first,1,2387,-43,-7,second,2,2382,-42,-7,zero,0,2376,-36,-5
1586434357381493124,first,1,2346,-40,-6,second,2,2344,-38,-3,zero,0,2342,-34,-5
1586434357509352684,first,1,2274,-35,-4,second,2,2279,-29,-2,zero,0,2275,-33,-4
1586434357573317559,first,1,2238,-33,-3,second,2,2252,-27,-5,zero,0,2242,-30,-3
1586434357701375893,first,1,2181,-27,-2,second,2,2198,-25,-4,zero,0,2186,-28,-1
1586434357765390248,first,1,2160,-22,-2,second,2,2173,-25,-3,zero,0,2161,-25,-2
1586434357908691730,first,1,2128,-13,-1,second,2,2132,-16,-1,zero,0,2130,-9,-1
1586434357973267870,first,1,2115,-11,-1,second,2,2119,-11,-1,zero,0,2121,-7,-1
1586434358101579980,first,1,2096,-8,-1,second,2,2104,-6,-1,zero,0,2114,-2,-1
1586434358165511035,first,1,2092,-5,0,second,2,2096,-6,-1,zero,0,2110,-2,-1
1586434358293572306,first,1,2092,0,0,second,2,2093,0,0,zero,0,2104,-2,-1
1586434358357722864,first,1,2092,0,0,second,2,2093,0,0,zero,0,2103,-1,0
1586434358485574645,first,1,2092,0,0,second,2,2093,0,0,zero,0,2103,0,-1
1586434358613585015,first,1,2089,0,-1,second,2,2093,0,0,zero,0,2099,-1,-1
1586434358677709935,first,1,2083,-3,-1,second,2,2093,0,0,zero,0,2097,-1,-1
1586434358805587251,first,1,2065,-7,-1,second,2,2092,0,-2,zero,0,2081,-9,-3
1586434358869945254,first,1,2057,-7,-1,second,2,2085,-4,-4,zero,0,2069,-11,-1
1586434358997847045,first,1,2035,-9,-2,second,2,2059,-11,-5,zero,0,2043,-12,-5
1586434359061731632,first,1,2022,-11,-4,second,2,2044,-13,-3,zero,0,2027,-13,-5
1586434359189389255,first,1,1990,-14,-5,second,2,2006,-18,-7,zero,0,1993,-16,-7
1586434359317410368,first,1,1948,-20,-7,second,2,1953,-27,-6,zero,0,1946,-23,-5
1586434359381514706,first,1,1921,-24,-6,second,2,1919,-31,-8,zero,0,1915,-28,-6
1586434359509574618,first,1,1850,-35,-9,second,2,1845,-37,-10,zero,0,1842,-36,-10
1586434359573573072,first,1,1808,-39,-9,second,2,1803,-40,-8,zero,0,1799,-40,-9
1586434359701550406,first,1,1720,-43,-9,second,2,1709,-48,-10,zero,0,1707,-45,-11
1586434359765627150,first,1,1673,-44,-10,second,2,1655,-51,-9,zero,0,1656,-48,-7
1586434359893667487,first,1,1572,-49,-12,second,2,1542,-55,-9,zero,0,1548,-53,-9
1586434359957758545,first,1,1516,-52,-13,second,2,1486,-55,-9,zero,0,1488,-57,-9
1586434360085397065,first,1,1397,-59,-12,second,2,1369,-58,-8,zero,0,1364,-60,-9
1586434360213650748,first,1,1269,-63,-12,second,2,1245,-61,-9,zero,0,1238,-60,-9
1586434360277695451,first,1,1204,-64,-13,second,2,1180,-63,-8,zero,0,1175,-61,-9
1586434360405633876,first,1,1073,-64,-12,second,2,1049,-65,-10,zero,0,1050,-61,-8
1586434360469584904,first,1,1008,-64,-14,second,2,982,-65,-9,zero,0,988,-61,-7
1586434360597735616,first,1,881,-63,-13,second,2,849,-65,-7,zero,0,867,-60,-10
1586434360661665948,first,1,817,-63,-12,second,2,787,-62,-6,zero,0,805,-60,-7
1586434360789591547,first,1,695,-60,-11,second,2,676,-53,-7,zero,0,680,-61,-6
1586434360917442047,first,1,581,-56,-10,second,2,571,-51,-8,zero,0,562,-57,-5
1586434360981470621,first,1,528,-53,-10,second,2,521,-50,-7,zero,0,509,-52,-3
1586434361109549409,first,1,429,-48,-7,second,2,426,-46,-5,zero,0,415,-44,-4
1586434361173491174,first,1,385,-44,-9,second,2,383,-42,-6,zero,0,373,-42,-5
1586434361301438980,first,1,300,-41,-7,second,2,305,-37,-5,zero,0,300,-34,-5
1586434361365540751,first,1,259,-39,-6,second,2,270,-35,-6,zero,0,267,-32,-2
1586434361493559019,first,1,187,-35,-3,second,2,204,-30,-4,zero,0,205,-30,-5
1586434361557550586,first,1,157,-31,-2,second,2,177,-27,-4,zero,0,174,-30,-3
1586434361685522162,first,1,110,-21,-2,second,2,125,-25,-2,zero,0,118,-26,-2
1586434361813485644,first,1,80,-13,-2,second,2,82,-19,-1,zero,0,85,-11,-1
1586434361877555018,first,1,68,-11,-1,second,2,75,-7,0,zero,0,79,-6,-1
1586434362005429580,first,1,49,-9,-1,second,2,75,0,-1,zero,0,72,-2,-1
1586434362069503803,first,1,44,-6,0,second,2,75,0,-1,zero,0,69,-2,-1
1586434362197524919,first,1,44,0,0,second,2,75,0,-2,zero,0,65,-1,0
1586434362261531869,first,1,44,0,0,second,2,75,0,-1,zero,0,65,0,0
1586434362389467852,first,1,44,0,0,second,2,75,0,-2,zero,0,64,0,0
1586434362517487972,first,1,44,0,0,second,2,75,0,-1,zero,0,64,0,0
1586434362581543659,first,1,44,0,0,second,2,75,0,-1,zero,0,64,0,0
1586434362709535445,first,1,45,0,0,second,2,75,0,0,zero,0,64,0,0
1586434362773447036,first,1,47,0,0,second,2,75,0,0,zero,0,65,0,0
1586434362901568020,first,1,65,9,4,second,2,75,0,0,zero,0,80,9,3
1586434362965460377,first,1,88,18,3,second,2,78,0,1,zero,0,99,16,3
1586434363093623854,first,1,150,30,2,second,2,124,26,3,zero,0,151,25,1
1586434363157464432,first,1,185,32,2,second,2,161,36,4,zero,0,180,27,1
1586434363285575036,first,1,260,36,2,second,2,262,50,1,zero,0,251,35,2
1586434363413597085,first,1,343,40,2,second,2,372,53,1,zero,0,339,43,6
1586434363477598312,first,1,389,43,3,second,2,424,52,1,zero,0,386,45,4
1586434363605512833,first,1,494,51,5,second,2,517,39,4,zero,0,490,52,5
1586434363669504633,first,1,553,56,5,second,2,531,13,2,zero,0,549,55,6
1586434363797794560,first,1,677,60,4,second,2,602,42,7,zero,0,668,58,3
1586434363861504164,first,1,736,60,1,second,2,664,59,11,zero,0,725,57,3
1586434363989530890,first,1,847,54,4,second,2,830,85,8,zero,0,839,56,5
1586434364117208136,first,1,963,57,5,second,2,1015,91,1,zero,0,961,61,7
1586434364181746982,first,1,1027,61,7,second,2,1085,71,-30,zero,0,1027,64,5
1586434364309776060,first,1,1167,70,2,second,2,1118,8,6,zero,0,1168,70,5
1586434364373738907,first,1,1240,70,3,second,2,1147,26,10,zero,0,1238,69,2
1586434364501734795,first,1,1366,61,1,second,2,1274,73,11,zero,0,1363,58,1
1586434364565643649,first,1,1420,55,1,second,2,1365,90,7,zero,0,1415,52,1
1586434364693628479,first,1,1519,49,2,second,2,1562,98,1,zero,0,1516,48,5
1586434364757510543,first,1,1571,49,4,second,2,1638,78,15,zero,0,1568,50,3
1586434364885529939,first,1,1683,56,1,second,2,1671,5,0,zero,0,1678,53,4
1586434365013671636,first,1,1781,47,8,second,2,1703,22,8,zero,0,1783,50,1
1586434365077541908,first,1,1791,16,0,second,2,1746,41,7,zero,0,1815,32,1
1586434365205171331,first,1,1807,8,5,second,2,1871,64,1,zero,0,1822,0,3
1586434365269447702,first,1,1835,21,4,second,2,1921,52,5,zero,0,1835,11,5
1586434365397547837,first,1,1919,42,1,second,2,1939,1,-1,zero,0,1898,34,5
1586434365461632900,first,1,1953,39,5,second,2,1939,0,0,zero,0,1938,38,2
1586434365589532445,first,1,1962,0,0,second,2,1961,15,5,zero,0,2004,26,3
1586434365717759685,first,1,1979,9,1,second,2,2009,21,-10,zero,0,2006,0,0
1586434365781688579,first,1,1999,17,1,second,2,2012,3,0,zero,0,2006,0,0
1586434365909775988,first,1,2015,3,0,second,2,2012,0,0,zero,0,2008,0,0
1586434365973916315,first,1,2015,0,0,second,2,2013,0,0,zero,0,2009,0,0
1586434366101874109,first,1,2015,0,0,second,2,2015,0,0,zero,0,2012,0,0
1586434366165692612,first,1,2015,0,0,second,2,2016,0,0,zero,0,2013,0,0
1586434366293780742,first,1,2015,0,0,second,2,2016,0,0,zero,0,2015,0,0
1586434366357680357,first,1,2015,0,0,second,2,2017,0,0,zero,0,2016,0,0
1586434366485739395,first,1,2016,0,0,second,2,2017,0,0,zero,0,2021,1,2
1586434366613804650,first,1,2022,1,2,second,2,2038,13,3,zero,0,2042,9,1
1586434366677623186,first,1,2036,9,2,second,2,2063,22,1,zero,0,2054,10,1
1586434366805693566,first,1,2090,27,2,second,2,2108,19,1,zero,0,2083,15,2
1586434366869851860,first,1,2128,34,1,second,2,2114,5,2,zero,0,2107,20,4
1586434366997319134,first,1,2166,12,1,second,2,2161,27,6,zero,0,2169,31,3
1586434367061269855,first,1,2176,6,5,second,2,2204,39,4,zero,0,2204,33,4
1586434367189663799,first,1,2236,31,8,second,2,2302,48,1,zero,0,2277,35,2
1586434367317559271,first,1,2349,57,8,second,2,2356,14,1,zero,0,2354,38,4
1586434367381650650,first,1,2419,66,4,second,2,2380,21,6,zero,0,2398,41,5
1586434367509875596,first,1,2558,67,1,second,2,2477,53,8,zero,0,2496,48,4
1586434367573746436,first,1,2607,56,-22,second,2,2547,66,7,zero,0,2549,51,5
1586434367702030977,first,1,2649,20,5,second,2,2711,82,5,zero,0,2669,60,7
1586434367765705670,first,1,2689,34,10,second,2,2793,82,1,zero,0,2736,64,4
1586434367893690170,first,1,2828,70,9,second,2,2876,19,-3,zero,0,2867,65,6
1586434367957808649,first,1,2915,83,8,second,2,2884,7,5,zero,0,2932,65,4
1586434368085644365,first,1,3091,86,1,second,2,2967,51,14,zero,0,3055,60,2
1586434368213763456,first,1,3173,29,1,second,2,3144,95,11,zero,0,3170,57,5
1586434368277657528,first,1,3183,8,7,second,2,3251,105,7,zero,0,3229,57,5
1586434368405642566,first,1,3269,47,14,second,2,3434,80,8,zero,0,3351,59,7
1586434368469939065,first,1,3348,71,14,second,2,3462,28,1,zero,0,3413,60,6
1586434368597754224,first,1,3546,100,5,second,2,3499,21,6,zero,0,3536,59,4
1586434368661709709,first,1,3643,98,1,second,2,3540,38,8,zero,0,3592,55,3
1586434368789947484,first,1,3738,34,-1,second,2,3671,70,8,zero,0,3700,52,3
1586434368917716904,first,1,3748,3,4,second,2,3833,81,1,zero,0,3801,49,2
1586434368981926658,first,1,3772,17,7,second,2,3894,61,-11,zero,0,3848,46,1
1586434369109794236,first,1,3876,53,5,second,2,3918,2,1,zero,0,3921,33,1
1586434369173666470,first,1,3943,64,4,second,2,3918,0,0,zero,0,3950,29,1
1586434369301792103,first,1,4015,24,1,second,2,3946,19,7,zero,0,3970,1,0
1586434369365786447,first,1,4016,3,0,second,2,3982,34,3,zero,0,3974,2,2
1586434369493865751,first,1,4017,0,0,second,2,4057,32,3,zero,0,4005,16,3
1586434369557750599,first,1,4021,1,1,second,2,4065,9,-1,zero,0,4028,21,3
1586434369685530107,first,1,4059,19,1,second,2,4065,0,0,zero,0,4067,15,0
1586434369813609066,first,1,4082,5,0,second,2,4065,0,0,zero,0,4067,0,0
1586434369877613777,first,1,4082,0,0,second,2,4065,0,0,zero,0,4067,0,0
1586434370005471481,first,1,4082,0,0,second,2,4065,0,0,zero,0,4067,0,0
1586434370069652767,first,1,4082,0,0,second,2,4065,0,0,zero,0,4067,0,0
1586434370197628971,first,1,4082,0,0,second,2,4065,0,0,zero,0,4067,0,0
1586434370261595035,first,1,4082,0,0,second,2,4065,0,0,zero,0,4067,0,0
1586434370389548181,first,1,4081,0,0,second,2,4065,0,0,zero,0,4067,0,0
1586434370517541012,first,1,4082,0,-2,second,2,4065,0,0,zero,0,4067,0,0
1586434370581807192,first,1,4082,0,-2,second,2,4065,0,0,zero,0,4067,0,-1
1586434370709651840,first,1,4073,-4,-4,second,2,4065,0,-1,zero,0,4058,-4,-1
1586434370773587029,first,1,4058,-11,-4,second,2,4059,-3,-5,zero,0,4047,-8,-3
1586434370901636468,first,1,4020,-17,-5,second,2,4031,-13,-5,zero,0,4015,-15,-4
1586434370965616928,first,1,3999,-19,-6,second,2,4013,-16,-5,zero,0,3997,-15,-5
1586434371093615922,first,1,3947,-25,-6,second,2,3960,-27,-9,zero,0,3953,-23,-7
1586434371157602863,first,1,3916,-27,-7,second,2,3926,-31,-9,zero,0,3921,-29,-8
1586434371285523466,first,1,3841,-37,-7,second,2,3848,-38,-7,zero,0,3847,-36,-7
1586434371413578079,first,1,3755,-41,-8,second,2,3757,-46,-9,zero,0,3762,-42,-8
1586434371477510112,first,1,3711,-42,-8,second,2,3704,-50,-9,zero,0,3713,-46,-6
1586434371605564046,first,1,3613,-48,-11,second,2,3591,-56,-8,zero,0,3605,-53,-9
1586434371669942545,first,1,3560,-51,-9,second,2,3535,-56,-9,zero,0,3548,-55,-9
1586434371797596192,first,1,3445,-56,-14,second,2,3414,-59,-9,zero,0,3422,-60,-9
1586434371861564110,first,1,3381,-61,-13,second,2,3352,-61,-9,zero,0,3357,-62,-10
1586434371989617192,first,1,3249,-65,-11,second,2,3220,-64,-8,zero,0,3222,-66,-12
1586434372117586701,first,1,3115,-65,-13,second,2,3089,-65,-10,zero,0,3088,-67,-5
1586434372181538373,first,1,3048,-65,-10,second,2,3023,-64,-8,zero,0,3024,-64,-9
1586434372309600226,first,1,2917,-65,-11,second,2,2893,-63,-7,zero,0,2900,-61,-9
1586434372373678852,first,1,2852,-64,-12,second,2,2830,-62,-7,zero,0,2837,-61,-10
1586434372501660591,first,1,2733,-58,-11,second,2,2710,-57,-9,zero,0,2714,-61,-7
1586434372565605600,first,1,2676,-56,-10,second,2,2654,-55,-6,zero,0,2656,-58,-4
1586434372693637785,first,1,2569,-52,-9,second,2,2550,-49,-4,zero,0,2551,-50,-5
1586434372757574976,first,1,2518,-50,-8,second,2,2504,-45,-6,zero,0,2505,-45,-4
1586434372885567578,first,1,2424,-45,-7,second,2,2422,-39,-5,zero,0,2424,-38,-6
1586434373013650478,first,1,2340,-40,-5,second,2,2346,-35,-6,zero,0,2347,-38,-5
1586434373077650407,first,1,2303,-37,-5,second,2,2314,-31,-5,zero,0,2310,-36,-5
1586434373205610298,first,1,2232,-34,-4,second,2,2254,-29,-5,zero,0,2242,-31,-1
1586434373269603006,first,1,2201,-31,-2,second,2,2227,-27,-3,zero,0,2212,-29,-2
1586434373397632262,first,1,2153,-22,-2,second,2,2173,-25,-1,zero,0,2162,-23,-2
1586434373461650403,first,1,2136,-17,-1,second,2,2150,-23,-2,zero,0,2144,-17,-1
1586434373589634627,first,1,2110,-12,-1,second,2,2117,-13,-1,zero,0,2129,-6,-1
1586434373717759188,first,1,2096,-6,0,second,2,2113,0,0,zero,0,2121,-3,-1
1586434373781579219,first,1,2096,0,0,second,2,2113,0,-2,zero,0,2111,-7,-1
1586434373909689630,first,1,2096,0,0,second,2,2113,0,-2,zero,0,2105,0,0
1586434373973652856,first,1,2096,0,0,second,2,2113,0,-2,zero,0,2105,0,0
1586434374101630892,first,1,2096,0,0,second,2,2113,0,-2,zero,0,2105,0,-1
1586434374165644657,first,1,2096,0,0,second,2,2113,0,-2,zero,0,2105,0,-1
1586434374293739787,first,1,2096,0,0,second,2,2114,0,-3,zero,0,2100,-1,-1
1586434374357759476,first,1,2096,0,-1,second,2,2112,0,-5,zero,0,2091,-6,-2
1586434374485908767,first,1,2084,-6,-3,second,2,2092,-10,-3,zero,0,2078,-4,-1
1586434374613972311,first,1,2054,-14,-4,second,2,2063,-12,-5,zero,0,2065,-7,-5
1586434374677782363,first,1,2037,-16,-5,second,2,2046,-14,-5,zero,0,2049,-13,-6
1586434374805810886,first,1,1999,-17,-4,second,2,2006,-20,-4,zero,0,2007,-21,-5
1586434374869649109,first,1,1977,-19,-7,second,2,1979,-25,-6,zero,0,1980,-25,-5
1586434374997683810,first,1,1919,-29,-8,second,2,1915,-31,-7,zero,0,1914,-32,-5
1586434375061639630,first,1,1881,-34,-7,second,2,1880,-34,-7,zero,0,1877,-34,-8
1586434375189659522,first,1,1798,-40,-9,second,2,1798,-41,-9,zero,0,1795,-41,-10
1586434375317694825,first,1,1711,-42,-9,second,2,1703,-47,-9,zero,0,1701,-46,-7
1586434375381694232,first,1,1664,-44,-9,second,2,1649,-51,-11,zero,0,1650,-48,-8
1586434375509608580,first,1,1565,-48,-12,second,2,1535,-57,-8,zero,0,1543,-53,-7
1586434375573608176,first,1,1510,-52,-11,second,2,1476,-57,-9,zero,0,1486,-54,-6
1586434375701700305,first,1,1393,-58,-13,second,2,1358,-58,-7,zero,0,1372,-55,-9
1586434375765598060,first,1,1330,-61,-13,second,2,1297,-59,-9,zero,0,1310,-58,-8
1586434375893710446,first,1,1200,-64,-10,second,2,1170,-62,-11,zero,0,1181,-64,-7
1586434375957657959,first,1,1135,-64,-12,second,2,1106,-64,-7,zero,0,1113,-66,-11
1586434376085648227,first,1,1005,-64,-13,second,2,978,-63,-9,zero,0,978,-66,-8
1586434376213847431,first,1,871,-66,-11,second,2,848,-63,-6,zero,0,849,-64,-8
1586434376277660734,first,1,804,-66,-10,second,2,785,-62,-8,zero,0,787,-62,-8
1586434376405756433,first,1,680,-60,-8,second,2,665,-58,-7,zero,0,669,-57,-7
1586434376469591641,first,1,623,-57,-11,second,2,609,-56,-7,zero,0,614,-55,-5
1586434376597885612,first,1,516,-51,-8,second,2,504,-50,-7,zero,0,515,-47,-5
1586434376661752165,first,1,466,-49,-8,second,2,456,-48,-6,zero,0,467,-47,-6
1586434376789790052,first,1,374,-44,-6,second,2,369,-41,-4,zero,0,372,-47,-5
1586434376917726656,first,1,290,-40,-6,second,2,297,-34,-4,zero,0,286,-40,-4
1586434376981723595,first,1,250,-39,-6,second,2,266,-31,-5,zero,0,253,-33,-3
1586434377109741424,first,1,179,-33,-3,second,2,204,-29,-4,zero,0,193,-29,-4
1586434377173708619,first,1,149,-30,-3,second,2,177,-27,-3,zero,0,163,-29,-2
1586434377301751018,first,1,102,-21,-2,second,2,125,-25,-2,zero,0,117,-18,0
1586434377365727960,first,1,86,-17,-2,second,2,101,-23,-2,zero,0,117,0,-1
1586434377493744699,first,1,65,-9,0,second,2,76,-6,0,zero,0,104,-8,-1
1586434377557709936,first,1,64,0,0,second,2,76,0,0,zero,0,91,-11,-1
1586434377685671825,first,1,64,0,-2,second,2,76,0,0,zero,0,72,-6,0
1586434377813800466,first,1,64,0,-2,second,2,76,0,-1,zero,0,73,0,-1
1586434377877778374,first,1,64,0,-2,second,2,75,0,-1,zero,0,73,0,-1
1586434378006227309,first,1,64,0,-1,second,2,76,0,-2,zero,0,72,0,-1
1586434378069631736,first,1,64,0,-1,second,2,76,0,0,zero,0,73,0,0
1586434378197762360,first,1,65,0,0,second,2,76,0,0,zero,0,72,0,0
1586434378261583738,first,1,65,0,0,second,2,76,0,0,zero,0,73,0,0
1586434378389719088,first,1,64,0,0,second,2,76,0,0,zero,0,73,0,0
1586434378517732175,first,1,67,0,0,second,2,77,0,0,zero,0,77,1,2
1586434378581678383,first,1,72,1,3,second,2,82,3,1,zero,0,89,9,4
1586434378709800763,first,1,111,20,3,second,2,126,24,2,zero,0,135,23,3
1586434378773817899,first,1,147,31,6,second,2,161,33,2,zero,0,163,26,4
1586434378901980809,first,1,237,44,4,second,2,252,45,1,zero,0,233,34,5
1586434378965776863,first,1,286,46,2,second,2,304,49,3,zero,0,273,38,3
1586434379093955602,first,1,389,49,4,second,2,409,51,1,zero,0,369,47,6
1586434379157897291,first,1,441,50,4,second,2,463,51,2,zero,0,422,50,5
1586434379285856708,first,1,550,53,3,second,2,571,52,1,zero,0,538,57,6
1586434379413719225,first,1,666,56,3,second,2,683,54,2,zero,0,663,61,5
1586434379477769768,first,1,727,58,3,second,2,743,57,2,zero,0,729,63,6
1586434379605715911,first,1,855,62,3,second,2,869,61,1,zero,0,864,67,4
1586434379669764027,first,1,924,66,6,second,2,935,63,2,zero,0,932,67,5
1586434379797812328,first,1,1067,71,2,second,2,1072,67,3,zero,0,1064,65,4
1586434379861756187,first,1,1138,71,3,second,2,1143,68,4,zero,0,1127,63,3
1586434379989742583,first,1,1276,67,1,second,2,1277,65,1,zero,0,1254,62,4
1586434380117771432,first,1,1401,61,3,second,2,1396,57,1,zero,0,1382,62,5
1586434380181754705,first,1,1460,58,2,second,2,1451,56,1,zero,0,1444,62,5
1586434380309760610,first,1,1572,56,2,second,2,1567,56,1,zero,0,1564,58,5
1586434380373749361,first,1,1626,53,1,second,2,1625,57,1,zero,0,1621,56,2
1586434380501718103,first,1,1723,46,1,second,2,1722,42,5,zero,0,1727,51,3
1586434380565788124,first,1,1769,45,1,second,2,1731,10,0,zero,0,1775,47,1
1586434380693657473,first,1,1809,12,0,second,2,1760,20,5,zero,0,1845,27,2
1586434380757748858,first,1,1813,1,1,second,2,1800,37,6,zero,0,1848,2,0
1586434380885784839,first,1,1858,23,2,second,2,1903,51,1,zero,0,1861,8,4
1586434381013813440,first,1,1937,39,3,second,2,1954,12,-1,zero,0,1912,28,6
1586434381077643807,first,1,1969,37,-13,second,2,1954,0,0,zero,0,1950,35,4
1586434381205694052,first,1,1976,0,0,second,2,1960,2,1,zero,0,2012,24,1
1586434381269672975,first,1,1979,0,2,second,2,1975,13,2,zero,0,2013,1,0
1586434381397815620,first,1,2010,16,1,second,2,2016,18,1,zero,0,2014,0,0
1586434381461933416,first,1,2024,15,4,second,2,2018,1,0,zero,0,2016,0,0
1586434381589438140,first,1,2024,0,0,second,2,2017,0,0,zero,0,2017,0,0
1586434381717872664,first,1,2024,0,0,second,2,2018,0,0,zero,0,2020,0,0
1586434381781684815,first,1,2024,0,0,second,2,2018,0,0,zero,0,2021,0,0
1586434381909775209,first,1,2024,0,0,second,2,2017,0,0,zero,0,2024,0,0
1586434381973811161,first,1,2024,0,0,second,2,2018,0,0,zero,0,2025,0,0
1586434382101744980,first,1,2025,0,0,second,2,2019,0,0,zero,0,2029,0,0
1586434382165837627,first,1,2027,0,0,second,2,2020,0,0,zero,0,2032,0,1
1586434382293725671,first,1,2045,9,2,second,2,2044,16,3,zero,0,2057,13,2
1586434382357760431,first,1,2066,17,1,second,2,2072,26,1,zero,0,2077,18,1
1586434382485740088,first,1,2127,30,3,second,2,2137,31,1,zero,0,2128,25,3
1586434382613801622,first,1,2205,38,1,second,2,2204,31,1,zero,0,2192,31,2
1586434382677732391,first,1,2246,38,1,second,2,2242,35,2,zero,0,2227,33,2
1586434382805753224,first,1,2328,39,1,second,2,2330,43,2,zero,0,2310,39,3
1586434382869851099,first,1,2372,41,1,second,2,2377,45,1,zero,0,2353,41,5
1586434382997787665,first,1,2464,44,4,second,2,2475,46,1,zero,0,2450,48,5
1586434383061794135,first,1,2513,47,3,second,2,2523,46,1,zero,0,2503,49,5
1586434383189784995,first,1,2621,52,3,second,2,2623,48,3,zero,0,2610,52,3
1586434383317831898,first,1,2734,55,3,second,2,2735,54,1,zero,0,2726,57,4
1586434383381740883,first,1,2793,56,1,second,2,2794,57,3,zero,0,2786,60,6
1586434383509750352,first,1,2915,60,5,second,2,2924,63,2,zero,0,2914,62,4
1586434383573688649,first,1,2979,62,3,second,2,2990,64,2,zero,0,2979,64,7
1586434383701743861,first,1,3114,66,2,second,2,3121,63,1,zero,0,3114,67,6
1586434383765722714,first,1,3182,66,3,second,2,3183,62,1,zero,0,3181,67,5
1586434383893780247,first,1,3316,66,3,second,2,3315,65,4,zero,0,3315,66,4
1586434383957889246,first,1,3383,66,2,second,2,3381,66,1,zero,0,3380,65,3
1586434384085751252,first,1,3508,61,2,second,2,3510,63,2,zero,0,3506,59,4
1586434384213864565,first,1,3624,57,1,second,2,3618,46,7,zero,0,3621,56,2
1586434384277757388,first,1,3676,52,1,second,2,3635,16,3,zero,0,3673,51,3
1586434384405890790,first,1,3723,14,0,second,2,3697,35,6,zero,0,3768,44,1
1586434384469916319,first,1,3729,2,3,second,2,3747,47,4,zero,0,3797,29,3
1586434384597973836,first,1,3786,31,8,second,2,3847,45,5,zero,0,3805,2,3
1586434384662139450,first,1,3837,45,4,second,2,3860,13,1,zero,0,3821,13,7
1586434384789851934,first,1,3935,48,-6,second,2,3879,13,3,zero,0,3887,34,6
1586434384918100217,first,1,3946,1,0,second,2,3946,36,3,zero,0,3973,41,1
1586434384981726942,first,1,3952,2,5,second,2,3989,41,1,zero,0,4002,29,2
1586434385109752601,first,1,4005,27,3,second,2,4031,7,0,zero,0,4007,0,1
1586434385173835479,first,1,4040,33,1,second,2,4031,0,0,zero,0,4017,7,3
1586434385301796435,first,1,4071,8,0,second,2,4037,2,1,zero,0,4058,20,1
1586434385365869107,first,1,4071,0,0,second,2,4050,11,1,zero,0,4076,17,2
1586434385493875036,first,1,4071,0,0,second,2,4060,0,0,zero,0,4076,0,0
1586434385558096199,first,1,4071,0,0,second,2,4061,0,0,zero,0,4076,0,0
1586434385686013345,first,1,4071,0,0,second,2,4064,0,0,zero,0,4076,0,0
1586434385814064361,first,1,4071,0,0,second,2,4064,0,0,zero,0,4076,0,0
1586434385878083492,first,1,4071,0,0,second,2,4064,0,0,zero,0,4077,0,0
1586434386005956750,first,1,4071,0,0,second,2,4064,0,0,zero,0,4077,0,0
1586434386070078676,first,1,4071,0,0,second,2,4064,0,0,zero,0,4076,0,0
1586434386197957206,first,1,4071,0,-1,second,2,4064,0,1,zero,0,4076,0,0
1586434386261957572,first,1,4065,-2,-1,second,2,4064,0,-1,zero,0,4075,0,-1
1586434386389827565,first,1,4039,-11,-4,second,2,4062,0,-4,zero,0,4055,-11,-5
1586434386518126533,first,1,4009,-14,-4,second,2,4034,-14,-6,zero,0,4021,-15,-4
1586434386581815786,first,1,3991,-15,-5,second,2,4015,-17,-7,zero,0,4003,-16,-3
1586434386709842981,first,1,3946,-22,-6,second,2,3957,-29,-6,zero,0,3955,-24,-6
1586434386773817202,first,1,3918,-25,-7,second,2,3921,-33,-8,zero,0,3922,-30,-6
1586434386901865545,first,1,3842,-38,-10,second,2,3843,-37,-8,zero,0,3847,-36,-8
1586434386965805765,first,1,3797,-41,-8,second,2,3800,-41,-8,zero,0,3806,-38,-9
1586434387093828234,first,1,3706,-44,-8,second,2,3704,-48,-10,zero,0,3711,-47,-9
1586434387157762528,first,1,3658,-46,-11,second,2,3650,-52,-10,zero,0,3656,-52,-8
1586434387285813954,first,1,3553,-51,-10,second,2,3534,-57,-11,zero,0,3538,-57,-9
1586434387413831459,first,1,3436,-57,-12,second,2,3409,-62,-11,zero,0,3408,-62,-8
1586434387477908537,first,1,3372,-61,-12,second,2,3345,-63,-8,zero,0,3342,-64,-5
1586434387605898960,first,1,3241,-64,-9,second,2,3218,-63,-8,zero,0,3216,-61,-7
1586434387669840469,first,1,3175,-64,-10,second,2,3156,-62,-10,zero,0,3156,-60,-6
1586434387797876642,first,1,3043,-64,-11,second,2,3031,-61,-10,zero,0,3035,-60,-10
1586434387862022875,first,1,2977,-64,-10,second,2,2968,-61,-8,zero,0,2973,-61,-7
1586434387989794759,first,1,2855,-59,-11,second,2,2843,-61,-10,zero,0,2844,-63,-7
1586434388117766364,first,1,2741,-57,-9,second,2,2721,-58,-9,zero,0,2719,-61,-6
1586434388181875336,first,1,2684,-56,-10,second,2,2663,-57,-9,zero,0,2661,-58,-6
1586434388309990887,first,1,2576,-53,-9,second,2,2555,-52,-6,zero,0,2556,-50,-8
1586434388373786187,first,1,2524,-50,-8,second,2,2504,-49,-5,zero,0,2508,-48,-6
1586434388501775919,first,1,2430,-46,-8,second,2,2416,-42,-5,zero,0,2422,-40,-6
1586434388565925405,first,1,2386,-43,-7,second,2,2375,-39,-3,zero,0,2382,-39,-5
1586434388693894667,first,1,2305,-39,-5,second,2,2307,-31,-3,zero,0,2308,-36,-5
1586434388757832648,first,1,2266,-37,-5,second,2,2277,-28,-3,zero,0,2274,-33,-2
1586434388901911330,first,1,2191,-31,-2,second,2,2216,-26,-3,zero,0,2206,-28,-1
1586434388965833837,first,1,2165,-27,-1,second,2,2189,-25,-3,zero,0,2177,-27,-2
1586434389094059957,first,1,2129,-16,-1,second,2,2142,-22,-2,zero,0,2142,-12,-1
1586434389158000324,first,1,2117,-13,-1,second,2,2124,-18,-1,zero,0,2134,-7,-1
1586434389285860978,first,1,2098,-9,-1,second,2,2117,0,0,zero,0,2123,-3,-1
1586434389413917949,first,1,2094,0,0,second,2,2117,0,-1,zero,0,2116,-3,-1
1586434389477923461,first,1,2094,0,0,second,2,2117,0,-1,zero,0,2112,-3,-1
1586434389605885965,first,1,2094,0,0,second,2,2117,0,-1,zero,0,2110,0,0
1586434389669883247,first,1,2094,0,0,second,2,2117,0,-1,zero,0,2110,0,-1
1586434389797838179,first,1,2094,0,0,second,2,2117,0,-1,zero,0,2109,0,0
1586434389861906125,first,1,2094,0,0,second,2,2116,0,-4,zero,0,2107,0,0
1586434389989977617,first,1,2094,0,-2,second,2,2105,-6,-2,zero,0,2095,-6,-1
1586434390117967150,first,1,2082,-6,-4,second,2,2080,-10,-4,zero,0,2075,-9,-1
1586434390181842219,first,1,2068,-11,-4,second,2,2067,-11,-4,zero,0,2063,-10,-3
1586434390309903272,first,1,2033,-16,-7,second,2,2035,-14,-4,zero,0,2030,-15,-3
1586434390373961260,first,1,2013,-17,-3,second,2,2016,-17,-5,zero,0,2012,-16,-4
1586434390501487386,first,1,1969,-21,-8,second,2,1967,-25,-6,zero,0,1970,-20,-6
1586434390565499684,first,1,1941,-25,-7,second,2,1937,-28,-6,zero,0,1943,-25,-5
1586434390693839085,first,1,1871,-34,-8,second,2,1870,-33,-7,zero,0,1873,-34,-8
1586434390757975724,first,1,1831,-37,-8,second,2,1832,-36,-8,zero,0,1835,-36,-5
1586434390885812351,first,1,1746,-40,-9,second,2,1748,-42,-9,zero,0,1749,-43,-8
1586434391013894041,first,1,1655,-44,-10,second,2,1649,-50,-10,zero,0,1651,-48,-9
1586434391077933590,first,1,1606,-46,-10,second,2,1594,-53,-10,zero,0,1599,-51,-8
1586434391205952930,first,1,1503,-50,-9,second,2,1479,-57,-9,zero,0,1485,-55,-10
1586434391269905525,first,1,1449,-52,-13,second,2,1420,-58,-9,zero,0,1422,-60,-10
1586434391397860165,first,1,1331,-58,-13,second,2,1298,-60,-8,zero,0,1298,-60,-7
1586434391461950684,first,1,1268,-61,-14,second,2,1234,-62,-10,zero,0,1236,-60,-9
1586434391589875459,first,1,1136,-64,-11,second,2,1106,-64,-8,zero,0,1110,-61,-10
1586434391717961430,first,1,1006,-65,-10,second,2,978,-63,-8,zero,0,986,-61,-7
1586434391781878028,first,1,942,-64,-13,second,2,913,-63,-8,zero,0,925,-61,-8
1586434391909877837,first,1,811,-64,-10,second,2,787,-62,-8,zero,0,802,-60,-9
1586434391973974835,first,1,748,-63,-12,second,2,726,-59,-8,zero,0,739,-61,-6
1586434392102157669,first,1,629,-58,-10,second,2,611,-56,-6,zero,0,614,-61,-7
1586434392166121742,first,1,573,-56,-10,second,2,557,-52,-6,zero,0,556,-58,-6
1586434392293951008,first,1,467,-51,-8,second,2,459,-47,-6,zero,0,455,-47,-4
1586434392357873660,first,1,418,-49,-7,second,2,414,-44,-4,zero,0,410,-43,-7
1586434392485940914,first,1,329,-43,-6,second,2,333,-38,-4,zero,0,334,-35,-5
1586434392614046595,first,1,249,-38,-5,second,2,267,-31,-5,zero,0,264,-33,-7
1586434392677886186,first,1,214,-35,-3,second,2,236,-29,-5,zero,0,230,-33,-2
1586434392806282021,first,1,152,-29,-1,second,2,180,-27,-4,zero,0,168,-29,-2
1586434392870129458,first,1,128,-25,-3,second,2,154,-26,-3,zero,0,138,-29,-1
1586434392997935424,first,1,91,-16,-1,second,2,105,-22,-1,zero,0,102,-11,0
1586434393061911419,first,1,77,-14,-1,second,2,87,-18,-1,zero,0,102,0,-1
1586434393190011965,first,1,59,-7,0,second,2,78,0,0,zero,0,94,-4,-2
1586434393317937430,first,1,59,0,0,second,2,78,0,-2,zero,0,72,-9,-1
1586434393381857408,first,1,59,0,0,second,2,78,0,-2,zero,0,71,-1,0
1586434393509972222,first,1,59,0,0,second,2,78,0,-2,zero,0,70,0,-1
1586434393574025944,first,1,59,0,0,second,2,78,0,-2,zero,0,70,0,-1
1586434393701905691,first,1,59,0,0,second,2,78,0,0,zero,0,70,0,0
1586434393766022734,first,1,59,0,0,second,2,78,0,1,zero,0,70,0,0
1586434393894229023,first,1,59,0,0,second,2,78,0,0,zero,0,70,0,0
1586434393958011749,first,1,59,0,0,second,2,78,0,0,zero,0,70,0,0
1586434394086042688,first,1,64,1,2,second,2,78,0,0,zero,0,71,0,0
1586434394213987973,first,1,96,15,1,second,2,84,2,2,zero,0,87,10,4
1586434394277949908,first,1,116,17,2,second,2,101,13,2,zero,0,107,17,4
1586434394405964323,first,1,172,26,2,second,2,165,35,4,zero,0,165,29,4
1586434394469977803,first,1,207,32,3,second,2,211,43,3,zero,0,201,34,2
1586434394597936548,first,1,289,39,3,second,2,311,48,1,zero,0,284,40,4
1586434394661991126,first,1,335,42,2,second,2,360,48,1,zero,0,332,45,5
1586434394790009156,first,1,437,50,4,second,2,462,49,2,zero,0,438,52,5
1586434394917994925,first,1,557,59,5,second,2,568,51,1,zero,0,558,58,5
1586434394981922232,first,1,620,61,1,second,2,623,52,1,zero,0,619,60,5
1586434395109937899,first,1,743,60,2,second,2,740,58,3,zero,0,742,59,4
1586434395174028385,first,1,804,60,3,second,2,805,62,3,zero,0,801,58,4
1586434395301993620,first,1,931,62,5,second,2,944,67,2,zero,0,921,59,6
1586434395365615992,first,1,994,63,4,second,2,1014,68,2,zero,0,984,61,5
1586434395494069197,first,1,1128,65,3,second,2,1150,67,1,zero,0,1118,66,5
1586434395557670700,first,1,1195,65,4,second,2,1212,63,1,zero,0,1188,68,5
1586434395685710248,first,1,1327,65,3,second,2,1333,60,3,zero,0,1326,68,3
1586434395814011529,first,1,1454,62,2,second,2,1448,57,2,zero,0,1458,64,3
1586434395878014752,first,1,1514,60,2,second,2,1507,57,2,zero,0,1521,61,1
1586434396006045650,first,1,1623,52,1,second,2,1621,57,1,zero,0,1626,50,3
1586434396069832314,first,1,1671,48,1,second,2,1676,54,1,zero,0,1673,46,1
1586434396197830452,first,1,1762,44,1,second,2,1769,41,6,zero,0,1760,42,3
1586434396261835800,first,1,1807,44,1,second,2,1779,10,0,zero,0,1803,42,2
1586434396389840490,first,1,1848,12,0,second,2,1805,18,6,zero,0,1872,27,2
1586434396517933236,first,1,1864,8,4,second,2,1886,43,3,zero,0,1876,0,2
1586434396581986169,first,1,1890,19,3,second,2,1924,38,5,zero,0,1887,8,4
1586434396709928161,first,1,1955,32,1,second,2,1933,0,0,zero,0,1936,25,3
1586434396773935633,first,1,1980,28,-5,second,2,1936,0,2,zero,0,1967,28,1
1586434396902152622,first,1,1985,0,0,second,2,1978,23,1,zero,0,1991,1,0
1586434396965946697,first,1,1985,0,0,second,2,2001,24,-10,zero,0,1992,0,0
1586434397093998211,first,1,2001,8,1,second,2,2004,0,0,zero,0,1996,1,2
1586434397158157525,first,1,2008,8,0,second,2,2005,0,0,zero,0,2006,8,1
1586434397285635933,first,1,2008,0,0,second,2,2005,0,0,zero,0,2015,0,0
1586434397413871070,first,1,2008,0,0,second,2,2005,0,0,zero,0,2016,0,0
1586434397477734022,first,1,2008,0,0,second,2,2004,0,0,zero,0,2017,0,0
1586434397605686244,first,1,2008,0,0,second,2,2005,0,0,zero,0,2020,0,0
1586434397669651132,first,1,2008,0,0,second,2,2005,0,0,zero,0,2021,0,0
1586434397797893007,first,1,2009,0,0,second,2,2006,0,0,zero,0,2024,0,0
1586434397861692148,first,1,2011,0,0,second,2,2007,0,0,zero,0,2025,0,0
1586434397989693709,first,1,2015,0,0,second,2,2010,0,0,zero,0,2028,0,0
1586434398117685994,first,1,2018,0,0,second,2,2014,0,0,zero,0,2031,0,0
1586434398181686540,first,1,2019,0,0,second,2,2016,0,0,zero,0,2032,0,0
1586434398309690952,first,1,2022,0,0,second,2,2017,0,0,zero,0,2035,0,0
1586434398373551584,first,1,2024,0,0,second,2,2018,0,0,zero,0,2036,0,0
1586434398501690185,first,1,2026,0,0,second,2,2018,0,0,zero,0,2038,0,0
1586434398565707106,first,1,2026,0,0,second,2,2018,0,0,zero,0,2039,0,0
1586434398693800408,first,1,2027,0,0,second,2,2018,0,0,zero,0,2041,0,0
1586434398757906557,first,1,2027,0,0,second,2,2019,0,0,zero,0,2043,0,0
