1586435727525441647,1,2,0,2048,2048,2048
1586435727652968532,1,2,0,2048,2048,2048
1586435727717005533,1,2,0,2048,2048,2048
1586435727845226492,1,2,0,2048,2048,2048
1586435727973143103,1,2,0,2048,2048,2048
1586435728037140580,1,2,0,2048,2048,2048
1586435728165232166,1,2,0,2048,2048,2048
1586435728229009362,1,2,0,2048,2048,2048
1586435728357132752,1,2,0,2048,2048,2048
1586435728421451118,1,2,0,2048,2048,2048
1586435728549515856,1,2,0,2048,2048,2048
1586435728677586673,1,2,0,2048,2048,2048
1586435728741357741,1,2,0,2048,2048,2048
1586435728869456496,1,2,0,2048,2048,2048
1586435728933453906,1,2,0,2048,2048,2048
1586435729061659412,1,2,0,2048,2048,2048
1586435729125218461,1,2,0,2048,2048,2048
1586435729253593411,1,2,0,2048,2048,2048
1586435729317423912,1,2,0,2048,2048,2048
1586435729445518381,1,2,0,2048,2048,2048
1586435729573393298,1,2,0,2048,2048,2048
1586435729637358160,1,2,0,2048,2048,2048
1586435729765558655,1,2,0,2048,2048,2048
1586435729829616493,1,2,0,2048,2048,2048
1586435729957726549,1,2,0,2048,2048,2048
1586435730022072507,1,2,0,2048,2048,2048
1586435730149409911,1,2,0,2048,2048,2048
1586435730276943509,1,2,0,2048,2048,2048
1586435730340886571,1,2,0,2048,2048,2048
1586435730468924650,1,2,0,2048,2048,2048
1586435730532963834,1,2,0,2048,2048,2048
1586435730660894809,1,2,0,2048,2048,2048
1586435730724904754,1,2,0,2048,2048,2048
1586435730852884428,1,2,0,2048,2048,2048
1586435730916977200,1,2,0,2048,2048,2048
1586435731044968994,1,2,0,2048,2048,2048
1586435731173029733,1,2,0,2048,2048,2048
1586435731236889320,1,2,0,2048,2048,2048
1586435731365581409,1,2,0,2048,2048,2048
1586435731429277642,1,2,0,2048,2048,2048
1586435731557559420,1,2,0,2048,2048,2048
1586435731621513187,1,2,0,2048,2048,2048
1586435731749511225,1,2,0,2048,2048,2048
1586435731877459066,1,2,0,2048,2048,2048
1586435731941447103,1,2,0,2048,2048,2048
1586435732069624992,1,2,0,2048,2048,2048
1586435732133439929,1,2,0,2048,2048,2048
1586435732261535950,1,2,0,2048,2048,2048
1586435732399813905,1,2,0,2048,2048,2048
1586435732469479856,1,2,0,2076,2076,2074
1586435732533885959,1,2,0,2075,2075,2073
1586435732662301912,1,2,0,2075,2075,2073
1586435732725895254,1,2,0,2075,2075,2073
1586435732854109176,1,2,0,2075,2075,2073
1586435732917993979,1,2,0,2075,2075,2073
1586435733046129079,1,2,0,2075,2075,2073
1586435733173926695,1,2,0,2074,2074,2072
1586435733237948116,1,2,0,2074,2074,2072
1586435733366249467,1,2,0,2073,2073,2071
1586435733429969552,1,2,0,2073,2073,2071
1586435733557907261,1,2,0,2072,2072,2070
1586435733621925996,1,2,0,2071,2071,2069
1586435733749811107,1,2,0,2070,2070,2068
1586435733877911505,1,2,0,2068,2068,2067
1586435733942171960,1,2,0,2067,2067,2066
1586435734069952060,1,2,0,2066,2066,2064
1586435734134055121,1,2,0,2065,2065,2064
1586435734261962210,1,2,0,2063,2063,2062
1586435734325894059,1,2,0,2062,2062,2061
1586435734454013390,1,2,0,2061,2061,2060
1586435734518005247,1,2,0,2060,2060,2059
1586435734645953508,1,2,0,2058,2058,2057
1586435734774297549,1,2,0,2056,2056,2056
1586435734838260508,1,2,0,2056,2056,2055
1586435734965839848,1,2,0,2054,2054,2054
1586435735029940598,1,2,0,2053,2053,2053
1586435735158153269,1,2,0,2052,2052,2052
1586435735221929907,1,2,0,2051,2051,2051
1586435735349888723,1,2,0,2050,2050,2050
1586435735478078738,1,2,0,2050,2050,2049
1586435735542473285,1,2,0,2049,2049,2049
1586435735670234640,1,2,0,2048,2048,2048
1586435735733957071,1,2,0,2048,2048,2048
1586435735862337485,1,2,0,2048,2048,2048
1586435735926118532,1,2,0,2048,2048,2048
1586435736053892211,1,2,0,2048,2048,2048
1586435736117914382,1,2,0,2048,2048,2048
1586435736245971428,1,2,0,2048,2048,2048
1586435736374167691,1,2,0,2048,2048,2048
1586435736454577879,1,2,0,2048,2048,2048
1586435736518135303,1,2,0,2048,2048,2048
1586435736645983516,1,2,0,2053,2053,2053
1586435736774134375,1,2,0,2065,2065,2065
1586435736838225102,1,2,0,2075,2075,2075
1586435736966154011,1,2,0,2102,2102,2102
1586435737029939081,1,2,0,2120,2120,2120
1586435737158028356,1,2,0,2166,2166,2166
1586435737222091632,1,2,0,2194,2194,2194
1586435737349996851,1,2,0,2259,2259,2259
1586435737478095106,1,2,0,2338,2338,2338
1586435737541943527,1,2,0,2381,2381,2381
1586435737670024024,1,2,0,2477,2477,2477
1586435737734058648,1,2,0,2529,2529,2529
1586435737862016578,1,2,0,2639,2639,2639
1586435737925988020,1,2,0,2697,2697,2697
1586435738054169867,1,2,0,2818,2818,2818
1586435738117964310,1,2,0,2880,2880,2880
1586435738245971214,1,2,0,3007,3007,3007
1586435738374657009,1,2,0,3135,3135,3135
1586435738438078614,1,2,0,3199,3199,3199
1586435738566141822,1,2,0,3324,3324,3324
1586435738630115273,1,2,0,3385,3385,3385
1586435738758262040,1,2,0,3503,3503,3503
1586435738822028594,1,2,0,3559,3559,3559
1586435738950155173,1,2,0,3665,3665,3665
1586435739078732682,1,2,0,3761,3761,3761
1586435739141958938,1,2,0,3804,3804,3804
1586435739269973835,1,2,0,3883,3883,3883
1586435739334030660,1,2,0,3917,3917,3917
1586435739462357183,1,2,0,3976,3976,3976
1586435739525401083,1,2,0,4000,4000,4000
1586435739653351675,1,2,0,4040,4040,4040
1586435739717432807,1,2,0,4055,4055,4055
1586435739845338584,1,2,0,4077,4077,4077
1586435739973361824,1,2,0,4089,4089,4089
1586435740037446627,1,2,0,4092,4092,4092
1586435740166208648,1,2,0,4094,4094,4094
1586435740230014582,1,2,0,4094,4094,4094
1586435740357568951,1,2,0,4094,4094,4094
1586435740421630126,1,2,0,4094,4094,4094
1586435740549101050,1,2,0,4089,4089,4089
1586435740677549135,1,2,0,4077,4077,4077
1586435740741604594,1,2,0,4067,4067,4067
1586435740870008490,1,2,0,4040,4040,4040
1586435740933857348,1,2,0,4022,4022,4022
1586435741061860563,1,2,0,3976,3976,3976
1586435741125571825,1,2,0,3948,3948,3948
1586435741253727951,1,2,0,3883,3883,3883
1586435741317758978,1,2,0,3845,3845,3845
1586435741445903034,1,2,0,3761,3761,3761
1586435741574396413,1,2,0,3665,3665,3665
1586435741637773361,1,2,0,3613,3613,3613
1586435741765895101,1,2,0,3503,3503,3503
1586435741829810076,1,2,0,3445,3445,3445
1586435741957849290,1,2,0,3324,3324,3324
1586435742021730472,1,2,0,3262,3262,3262
1586435742149871458,1,2,0,3135,3135,3135
1586435742277723892,1,2,0,3007,3007,3007
1586435742341895468,1,2,0,2943,2943,2943
1586435742470173367,1,2,0,2818,2818,2818
1586435742533716788,1,2,0,2757,2757,2757
1586435742661826550,1,2,0,2639,2639,2639
1586435742725788282,1,2,0,2583,2583,2583
1586435742853824604,1,2,0,2477,2477,2477
1586435742917950319,1,2,0,2428,2428,2428
1586435743045797918,1,2,0,2338,2338,2338
1586435743173917862,1,2,0,2259,2259,2259
1586435743237758183,1,2,0,2225,2225,2225
1586435743365816341,1,2,0,2166,2166,2166
1586435743429742076,1,2,0,2141,2141,2141
1586435743557839445,1,2,0,2102,2102,2102
1586435743621812809,1,2,0,2087,2087,2087
1586435743749878996,1,2,0,2065,2065,2065
1586435743877838410,1,2,0,2053,2053,2053
1586435743941829286,1,2,0,2050,2050,2050
1586435744069875409,1,2,0,2048,2048,2048
1586435744134111270,1,2,0,2048,2048,2048
1586435744261886897,1,2,0,2047,2047,2047
1586435744325876824,1,2,0,2047,2047,2047
1586435744453827166,1,2,0,2042,2042,2042
1586435744517814315,1,2,0,2037,2037,2037
1586435744645873316,1,2,0,2020,2020,2020
1586435744773832743,1,2,0,1993,1993,1993
1586435744837740890,1,2,0,1975,1975,1975
1586435744966128054,1,2,0,1929,1929,1929
1586435745029917177,1,2,0,1901,1901,1901
1586435745157804017,1,2,0,1836,1836,1836
1586435745222150618,1,2,0,1798,1798,1798
1586435745349915531,1,2,0,1714,1714,1714
1586435745478052776,1,2,0,1618,1618,1618
1586435745541799152,1,2,0,1566,1566,1566
1586435745669913417,1,2,0,1456,1456,1456
1586435745733890196,1,2,0,1398,1398,1398
1586435745862097477,1,2,0,1277,1277,1277
1586435745925954100,1,2,0,1215,1215,1215
1586435746053808009,1,2,0,1088,1088,1088
1586435746117904972,1,2,0,1024,1024,1024
1586435746245863100,1,2,0,896,896,896
1586435746373901332,1,2,0,771,771,771
1586435746437839989,1,2,0,710,710,710
1586435746565937238,1,2,0,592,592,592
1586435746629977472,1,2,0,536,536,536
1586435746757809407,1,2,0,430,430,430
1586435746822184870,1,2,0,381,381,381
1586435746949911707,1,2,0,291,291,291
1586435747077878657,1,2,0,212,212,212
1586435747141757970,1,2,0,178,178,178
1586435747269718444,1,2,0,119,119,119
1586435747333941919,1,2,0,95,95,95
1586435747462381218,1,2,0,55,55,55
1586435747525642506,1,2,0,40,40,40
1586435747653858932,1,2,0,18,18,18
1586435747717697127,1,2,0,11,11,11
1586435747846113606,1,2,0,3,3,3
1586435747974163794,1,2,0,1,1,1
1586435748037953250,1,2,0,1,1,1
1586435748166051807,1,2,0,1,1,1
1586435748230048231,1,2,0,1,1,1
1586435748358183698,1,2,0,6,6,6
1586435748422000075,1,2,0,11,11,11
1586435748550032436,1,2,0,28,28,28
1586435748678085465,1,2,0,55,55,55
1586435748741973086,1,2,0,73,73,73
1586435748870056781,1,2,0,119,119,119
1586435748933958357,1,2,0,147,147,147
1586435749062089111,1,2,0,212,212,212
1586435749126150534,1,2,0,250,250,250
1586435749254389245,1,2,0,334,334,334
1586435749318048893,1,2,0,381,381,381
1586435749445983695,1,2,0,482,482,482
1586435749574060178,1,2,0,592,592,592
1586435749638033575,1,2,0,650,650,650
1586435749766086136,1,2,0,771,771,771
1586435749830090264,1,2,0,833,833,833
1586435749958441098,1,2,0,960,960,960
1586435750022131171,1,2,0,1024,1024,1024
1586435750150324245,1,2,0,1152,1152,1152
1586435750277977390,1,2,0,1277,1277,1277
1586435750342016984,1,2,0,1338,1338,1338
1586435750469999457,1,2,0,1456,1456,1456
1586435750533964070,1,2,0,1512,1512,1512
1586435750662015114,1,2,0,1618,1618,1618
1586435750726022297,1,2,0,1667,1667,1667
1586435750854027875,1,2,0,1757,1757,1757
1586435750917987092,1,2,0,1798,1798,1798
1586435751046180631,1,2,0,1870,1870,1870
1586435751174222248,1,2,0,1929,1929,1929
1586435751238017285,1,2,0,1954,1954,1954
1586435751366009010,1,2,0,1993,1993,1993
1586435751430130064,1,2,0,2008,2008,2008
1586435751558030396,1,2,0,2030,2030,2030
1586435751622036921,1,2,0,2037,2037,2037
1586435751750164977,1,2,0,2045,2045,2045
1586435751878067096,1,2,0,2047,2047,2047
1586435751941996917,1,2,0,2048,2048,2048
1586435752071175324,1,2,0,2048,2048,2048
1586435752134151151,1,2,0,2048,2048,2048
1586435752262083855,1,2,0,2053,2053,2053
1586435752326050729,1,2,0,2058,2058,2058
1586435752454129513,1,2,0,2075,2075,2075
1586435752518115714,1,2,0,2087,2087,2087
1586435752646041202,1,2,0,2120,2120,2120
1586435752774097248,1,2,0,2166,2166,2166
1586435752838199477,1,2,0,2194,2194,2194
1586435752966131600,1,2,0,2259,2259,2259
1586435753030105573,1,2,0,2297,2297,2297
1586435753158582621,1,2,0,2381,2381,2381
1586435753222052407,1,2,0,2428,2428,2428
1586435753350070968,1,2,0,2529,2529,2529
1586435753478112561,1,2,0,2639,2639,2639
1586435753541396484,1,2,0,2697,2697,2697
1586435753686318788,1,2,0,2818,2818,2818
1586435753750200532,1,2,0,2880,2880,2880
1586435753878307314,1,2,0,3007,3007,3007
1586435753942429818,1,2,0,3071,3071,3071
1586435754070204789,1,2,0,3199,3199,3199
1586435754134225999,1,2,0,3262,3262,3262
1586435754262193783,1,2,0,3385,3385,3385
1586435754326533628,1,2,0,3445,3445,3445
1586435754454194878,1,2,0,3559,3559,3559
1586435754518397662,1,2,0,3613,3613,3613
1586435754646308884,1,2,0,3714,3714,3714
1586435754790285251,1,2,0,3804,3804,3804
1586435754854267551,1,2,0,3845,3845,3845
1586435754918360200,1,2,0,3883,3883,3883
1586435755046237619,1,2,0,3948,3948,3948
1586435755174485875,1,2,0,4000,4000,4000
1586435755238283868,1,2,0,4022,4022,4022
1586435755366410286,1,2,0,4055,4055,4055
1586435755430329390,1,2,0,4067,4067,4067
1586435755558304311,1,2,0,4084,4084,4084
1586435755622369471,1,2,0,4089,4089,4089
1586435755750301196,1,2,0,4094,4094,4094
1586435755878470902,1,2,0,4094,4094,4094
1586435755942299729,1,2,0,4094,4094,4094
1586435756071235209,1,2,0,4094,4094,4094
1586435756134318103,1,2,0,4092,4092,4092
1586435756262666305,1,2,0,4084,4084,4084
1586435756326354907,1,2,0,4077,4077,4077
1586435756454416168,1,2,0,4055,4055,4055
1586435756518450144,1,2,0,4040,4040,4040
1586435756646293439,1,2,0,4000,4000,4000
1586435756774398954,1,2,0,3948,3948,3948
1586435756838356406,1,2,0,3917,3917,3917
1586435756966948088,1,2,0,3845,3845,3845
1586435757030425363,1,2,0,3804,3804,3804
1586435757158792669,1,2,0,3714,3714,3714
1586435757222405756,1,2,0,3665,3665,3665
1586435757350256569,1,2,0,3559,3559,3559
1586435757478543500,1,2,0,3445,3445,3445
1586435757542348914,1,2,0,3385,3385,3385
1586435757670285609,1,2,0,3262,3262,3262
1586435757734259559,1,2,0,3199,3199,3199
1586435757862321484,1,2,0,3071,3071,3071
1586435757926503027,1,2,0,3007,3007,3007
1586435758054276063,1,2,0,2880,2880,2880
1586435758118361283,1,2,0,2818,2818,2818
1586435758246529480,1,2,0,2697,2697,2697
1586435758374594027,1,2,0,2583,2583,2583
1586435758438409782,1,2,0,2529,2529,2529
1586435758567152704,1,2,0,2428,2428,2428
1586435758630382179,1,2,0,2381,2381,2381
1586435758758435713,1,2,0,2297,2297,2297
1586435758822244497,1,2,0,2259,2259,2259
1586435758950439448,1,2,0,2194,2194,2194
1586435759078760932,1,2,0,2141,2141,2141
1586435759141627136,1,2,0,2120,2120,2120
1586435759270339919,1,2,0,2087,2087,2087
1586435759334463747,1,2,0,2075,2075,2075
1586435759462285545,1,2,0,2058,2058,2058
1586435759526326746,1,2,0,2053,2053,2053
1586435759654387716,1,2,0,2048,2048,2048
1586435759718217149,1,2,0,2048,2048,2048
1586435759846479899,1,2,0,2048,2048,2048
1586435759974235074,1,2,0,2047,2047,2047
1586435760039133904,1,2,0,2045,2045,2045
1586435760166396798,1,2,0,2037,2037,2037
1586435760230399700,1,2,0,2030,2030,2030
1586435760358546277,1,2,0,2008,2008,2008
1586435760422736631,1,2,0,1993,1993,1993
1586435760550346391,1,2,0,1954,1954,1954
1586435760678570977,1,2,0,1901,1901,1901
1586435760742476366,1,2,0,1870,1870,1870
1586435760870315646,1,2,0,1798,1798,1798
1586435760934362438,1,2,0,1757,1757,1757
1586435761062308863,1,2,0,1667,1667,1667
1586435761126481698,1,2,0,1618,1618,1618
1586435761254698703,1,2,0,1512,1512,1512
1586435761318340384,1,2,0,1456,1456,1456
1586435761446327839,1,2,0,1338,1338,1338
1586435761574821562,1,2,0,1215,1215,1215
1586435761639439880,1,2,0,1152,1152,1152
1586435761766265655,1,2,0,1024,1024,1024
1586435761830144033,1,2,0,960,960,960
1586435761958328363,1,2,0,833,833,833
1586435762022309522,1,2,0,771,771,771
1586435762150224222,1,2,0,650,650,650
1586435762278227546,1,2,0,536,536,536
1586435762342248547,1,2,0,482,482,482
1586435762470232969,1,2,0,381,381,381
1586435762534279794,1,2,0,334,334,334
1586435762662367562,1,2,0,250,250,250
1586435762726295955,1,2,0,212,212,212
1586435762854427863,1,2,0,147,147,147
1586435762918170382,1,2,0,119,119,119
1586435763061665935,1,2,0,73,73,73
1586435763126559610,1,2,0,55,55,55
1586435763254391920,1,2,0,28,28,28
1586435763318061153,1,2,0,18,18,18
1586435763445979991,1,2,0,6,6,6
1586435763573735156,1,2,0,1,1,1
1586435763638675197,1,2,0,1,1,1
1586435763766175113,1,2,0,1,1,1
1586435763830155769,1,2,0,1,1,1
1586435763958194860,1,2,0,3,3,3
1586435764022171201,1,2,0,6,6,6
1586435764150145177,1,2,0,18,18,18
1586435764278157129,1,2,0,40,40,40
1586435764342325262,1,2,0,55,55,55
1586435764470102231,1,2,0,95,95,95
1586435764534112747,1,2,0,119,119,119
1586435764662121367,1,2,0,178,178,178
1586435764726076019,1,2,0,212,212,212
1586435764854260798,1,2,0,291,291,291
1586435764918193991,1,2,0,334,334,334
1586435765046112875,1,2,0,430,430,430
1586435765174514938,1,2,0,536,536,536
1586435765238142375,1,2,0,592,592,592
1586435765366157266,1,2,0,710,710,710
1586435765430144099,1,2,0,771,771,771
1586435765558163540,1,2,0,896,896,896
1586435765622225876,1,2,0,960,960,960
1586435765750228052,1,2,0,1088,1088,1088
1586435765878117615,1,2,0,1215,1215,1215
1586435765942133515,1,2,0,1277,1277,1277
1586435766070381832,1,2,0,1398,1398,1398
1586435766134258945,1,2,0,1456,1456,1456
1586435766262147725,1,2,0,1566,1566,1566
1586435766326203843,1,2,0,1618,1618,1618
1586435766454532196,1,2,0,1714,1714,1714
1586435766518206252,1,2,0,1757,1757,1757
1586435766646220194,1,2,0,1836,1836,1836
1586435766774123259,1,2,0,1901,1901,1901
1586435766838120172,1,2,0,1929,1929,1929
1586435766966212591,1,2,0,1975,1975,1975
1586435767030188225,1,2,0,1993,1993,1993
1586435767158337511,1,2,0,2020,2020,2020
1586435767222136829,1,2,0,2030,2030,2030
1586435767350136636,1,2,0,2042,2042,2042
1586435767478508305,1,2,0,2047,2047,2047
1586435767542443138,1,2,0,2047,2047,2047
1586435767670236136,1,2,0,2048,2048,2048
1586435767734106666,1,2,0,2048,2048,2048
1586435767862120827,1,2,0,2050,2050,2050
1586435767926158256,1,2,0,2053,2053,2053
1586435768054186309,1,2,0,2065,2065,2065
1586435768118165001,1,2,0,2075,2075,2075
1586435768246361356,1,2,0,2102,2102,2102
1586435768374216750,1,2,0,2141,2141,2141
1586435768438187566,1,2,0,2166,2166,2166
1586435768566363783,1,2,0,2225,2225,2225
1586435768630177846,1,2,0,2259,2259,2259
1586435768758179582,1,2,0,2338,2338,2338
1586435768822135873,1,2,0,2381,2381,2381
1586435768950227586,1,2,0,2477,2477,2477
1586435769078822679,1,2,0,2583,2583,2583
1586435769142136819,1,2,0,2639,2639,2639
1586435769270231224,1,2,0,2757,2757,2757
1586435769334212461,1,2,0,2818,2818,2818
1586435769462467213,1,2,0,2943,2943,2943
1586435769526301486,1,2,0,3007,3007,3007
1586435769654397798,1,2,0,3135,3135,3135
1586435769718186816,1,2,0,3199,3199,3199
1586435769846333371,1,2,0,3324,3324,3324
1586435769974296303,1,2,0,3445,3445,3445
1586435770038124986,1,2,0,3503,3503,3503
1586435770166138411,1,2,0,3613,3613,3613
1586435770230226456,1,2,0,3665,3665,3665
1586435770358158699,1,2,0,3761,3761,3761
1586435770422337895,1,2,0,3804,3804,3804
1586435770550208646,1,2,0,3883,3883,3883
1586435770678460353,1,2,0,3948,3948,3948
1586435770742241332,1,2,0,3976,3976,3976
1586435770870398659,1,2,0,4022,4022,4022
1586435770934191423,1,2,0,4040,4040,4040
1586435771062240174,1,2,0,4067,4067,4067
1586435771126216652,1,2,0,4077,4077,4077
1586435771254906052,1,2,0,4089,4089,4089
1586435771318264162,1,2,0,4092,4092,4092
1586435771446233999,1,2,0,4094,4094,4094
1586435771574323444,1,2,0,4094,4094,4094
1586435771638346927,1,2,0,4094,4094,4094
1586435771766269357,1,2,0,4092,4092,4092
1586435771830241644,1,2,0,4089,4089,4089
1586435771958275814,1,2,0,4077,4077,4077
1586435772022316268,1,2,0,4067,4067,4067
1586435772150282294,1,2,0,4040,4040,4040
1586435772278206914,1,2,0,4000,4000,4000
1586435772342224728,1,2,0,3976,3976,3976
1586435772470622372,1,2,0,3917,3917,3917
1586435772534248180,1,2,0,3883,3883,3883
1586435772662869825,1,2,0,3804,3804,3804
1586435772726238586,1,2,0,3761,3761,3761
1586435772854477122,1,2,0,3665,3665,3665
1586435772918237522,1,2,0,3613,3613,3613
1586435773046318023,1,2,0,3503,3503,3503
1586435773174295548,1,2,0,3385,3385,3385
1586435773238182168,1,2,0,3324,3324,3324
1586435773366213052,1,2,0,3199,3199,3199
1586435773430326403,1,2,0,3135,3135,3135
1586435773558349313,1,2,0,3007,3007,3007
1586435773622262455,1,2,0,2943,2943,2943
1586435773750192800,1,2,0,2818,2818,2818
1586435773878453349,1,2,0,2697,2697,2697
1586435773942200181,1,2,0,2639,2639,2639
1586435774073208408,1,2,0,2529,2529,2529
1586435774134229466,1,2,0,2477,2477,2477
1586435774262286441,1,2,0,2381,2381,2381
1586435774326278139,1,2,0,2338,2338,2338
1586435774454528258,1,2,0,2259,2259,2259
1586435774518219394,1,2,0,2225,2225,2225
1586435774646249785,1,2,0,2166,2166,2166
1586435774774426558,1,2,0,2120,2120,2120
1586435774838305805,1,2,0,2102,2102,2102
1586435774966497781,1,2,0,2075,2075,2075
1586435775030305885,1,2,0,2065,2065,2065
1586435775158341171,1,2,0,2053,2053,2053
1586435775222319503,1,2,0,2050,2050,2050
1586435775350263385,1,2,0,2048,2048,2048
1586435775478017754,1,2,0,2048,2048,2048
1586435775542368335,1,2,0,2047,2047,2047
1586435775670320023,1,2,0,2045,2045,2045
1586435775734285744,1,2,0,2042,2042,2042
1586435775862429051,1,2,0,2030,2030,2030
1586435775926354205,1,2,0,2020,2020,2020
1586435776054315838,1,2,0,1993,1993,1993
1586435776118411969,1,2,0,1975,1975,1975
1586435776246375208,1,2,0,1929,1929,1929
1586435776374375143,1,2,0,1870,1870,1870
1586435776438295720,1,2,0,1836,1836,1836
1586435776566276872,1,2,0,1757,1757,1757
1586435776630319981,1,2,0,1714,1714,1714
1586435776758497063,1,2,0,1618,1618,1618
1586435776822423320,1,2,0,1566,1566,1566
1586435776950326165,1,2,0,1456,1456,1456
1586435777077993720,1,2,0,1398,1398,1398
1586435777142344458,1,2,0,1277,1277,1277
1586435777270281110,1,2,0,1152,1152,1152
1586435777334271080,1,2,0,1088,1088,1088
1586435777462305751,1,2,0,960,960,960
1586435777526384581,1,2,0,896,896,896
1586435777654325720,1,2,0,771,771,771
1586435777718357267,1,2,0,710,710,710
1586435777846447778,1,2,0,592,592,592
1586435777975123975,1,2,0,482,482,482
1586435778038248190,1,2,0,430,430,430
1586435778166426374,1,2,0,334,334,334
1586435778230320558,1,2,0,291,291,291
1586435778358408041,1,2,0,212,212,212
1586435778422347784,1,2,0,178,178,178
1586435778550461321,1,2,0,119,119,119
1586435778678175034,1,2,0,95,95,95
1586435778742295424,1,2,0,55,55,55
1586435778870657144,1,2,0,28,28,28
1586435778934304747,1,2,0,18,18,18
1586435779062464710,1,2,0,6,6,6
1586435779126302602,1,2,0,3,3,3
1586435779254337828,1,2,0,1,1,1
1586435779318308073,1,2,0,1,1,1
1586435779446361372,1,2,0,1,1,1
1586435779574389035,1,2,0,3,3,3
1586435779638451154,1,2,0,6,6,6
1586435779766678406,1,2,0,18,18,18
1586435779830719939,1,2,0,28,28,28
1586435779958743712,1,2,0,55,55,55
1586435780022733943,1,2,0,73,73,73
1586435780150564020,1,2,0,119,119,119
1586435780278446756,1,2,0,147,147,147
1586435780342923879,1,2,0,212,212,212
1586435780470649760,1,2,0,291,291,291
1586435780534739553,1,2,0,334,334,334
1586435780663535688,1,2,0,430,430,430
1586435780726699821,1,2,0,482,482,482
1586435780854176248,1,2,0,592,592,592
1586435780918124271,1,2,0,650,650,650
1586435781046585144,1,2,0,771,771,771
1586435781174727301,1,2,0,896,896,896
1586435781238474742,1,2,0,960,960,960
1586435781366635144,1,2,0,1088,1088,1088
1586435781430509744,1,2,0,1152,1152,1152
1586435781558447756,1,2,0,1277,1277,1277
1586435781622546491,1,2,0,1338,1338,1338
1586435781750555924,1,2,0,1456,1456,1456
1586435781878391720,1,2,0,1512,1512,1512
1586435781942577743,1,2,0,1618,1618,1618
1586435782070659425,1,2,0,1714,1714,1714
1586435782134431776,1,2,0,1757,1757,1757
1586435782262717862,1,2,0,1836,1836,1836
1586435782326530804,1,2,0,1870,1870,1870
1586435782454475344,1,2,0,1929,1929,1929
1586435782518483077,1,2,0,1954,1954,1954
1586435782646449706,1,2,0,1993,1993,1993
1586435782774606592,1,2,0,2020,2020,2020
1586435782838874028,1,2,0,2030,2030,2030
1586435782965737608,1,2,0,2042,2042,2042
1586435783030670039,1,2,0,2045,2045,2045
1586435783158824687,1,2,0,2047,2047,2047
1586435783222523733,1,2,0,2048,2048,2048
1586435783350139298,1,2,0,2048,2048,2048
1586435783478132885,1,2,0,2048,2048,2048
1586435783541811908,1,2,0,2053,2053,2053
1586435783670601753,1,2,0,2065,2065,2065
1586435783734356374,1,2,0,2075,2075,2075
1586435783862392395,1,2,0,2102,2102,2102
1586435783926387449,1,2,0,2120,2120,2120
1586435784054946113,1,2,0,2166,2166,2166
1586435784118401539,1,2,0,2194,2194,2194
1586435784246369724,1,2,0,2259,2259,2259
1586435784375184361,1,2,0,2338,2338,2338
1586435784438702828,1,2,0,2381,2381,2381
1586435784566414211,1,2,0,2477,2477,2477
1586435784630520203,1,2,0,2529,2529,2529
1586435784758489816,1,2,0,2639,2639,2639
1586435784822511380,1,2,0,2697,2697,2697
1586435784950355818,1,2,0,2818,2818,2818
1586435785078099482,1,2,0,2880,2880,2880
1586435785142433747,1,2,0,3007,3007,3007
1586435785271251662,1,2,0,3135,3135,3135
1586435785334513063,1,2,0,3199,3199,3199
1586435785462256965,1,2,0,3324,3324,3324
1586435785526574604,1,2,0,3385,3385,3385
1586435785654522961,1,2,0,3503,3503,3503
1586435785718531399,1,2,0,3559,3559,3559
1586435785846583808,1,2,0,3665,3665,3665
1586435785974519661,1,2,0,3761,3761,3761
1586435786038416064,1,2,0,3804,3804,3804
1586435786166636147,1,2,0,3883,3883,3883
1586435786230384107,1,2,0,3917,3917,3917
1586435786358431060,1,2,0,3976,3976,3976
1586435786422465096,1,2,0,4000,4000,4000
1586435786550545586,1,2,0,4040,4040,4040
1586435786678175567,1,2,0,4055,4055,4055
1586435786742437477,1,2,0,4077,4077,4077
1586435786870442309,1,2,0,4089,4089,4089
1586435786934538556,1,2,0,4092,4092,4092
1586435787062786658,1,2,0,4094,4094,4094
1586435787126498986,1,2,0,4094,4094,4094
1586435787254792543,1,2,0,4094,4094,4094
1586435787318519342,1,2,0,4094,4094,4094
1586435787446538798,1,2,0,4089,4089,4089
1586435787574981881,1,2,0,4077,4077,4077
1586435787638521649,1,2,0,4067,4067,4067
1586435787766406159,1,2,0,4040,4040,4040
1586435787830643367,1,2,0,4022,4022,4022
1586435787958411005,1,2,0,3976,3976,3976
1586435788022553172,1,2,0,3948,3948,3948
1586435788150499982,1,2,0,3883,3883,3883
1586435788278581719,1,2,0,3845,3845,3845
1586435788342580296,1,2,0,3761,3761,3761
1586435788470635958,1,2,0,3665,3665,3665
1586435788534504523,1,2,0,3613,3613,3613
1586435788662583184,1,2,0,3503,3503,3503
1586435788726475128,1,2,0,3445,3445,3445
1586435788854559941,1,2,0,3324,3324,3324
1586435788918449570,1,2,0,3262,3262,3262
1586435789046409131,1,2,0,3135,3135,3135
1586435789174766235,1,2,0,3007,3007,3007
1586435789238459822,1,2,0,2943,2943,2943
1586435789366758863,1,2,0,2818,2818,2818
1586435789430811073,1,2,0,2757,2757,2757
1586435789560555757,1,2,0,2639,2639,2639
1586435789622929317,1,2,0,2583,2583,2583
1586435789750797918,1,2,0,2477,2477,2477
1586435789878737151,1,2,0,2428,2428,2428
1586435789942744078,1,2,0,2338,2338,2338
1586435790070715969,1,2,0,2259,2259,2259
1586435790134609740,1,2,0,2225,2225,2225
1586435790262615328,1,2,0,2166,2166,2166
1586435790326574163,1,2,0,2141,2141,2141
1586435790454498872,1,2,0,2102,2102,2102
1586435790518617578,1,2,0,2087,2087,2087
1586435790646684021,1,2,0,2065,2065,2065
1586435790774692025,1,2,0,2053,2053,2053
1586435790838561008,1,2,0,2050,2050,2050
1586435790966808191,1,2,0,2048,2048,2048
1586435791030634015,1,2,0,2048,2048,2048
1586435791158526930,1,2,0,2047,2047,2047
1586435791222719706,1,2,0,2047,2047,2047
1586435791350596570,1,2,0,2042,2042,2042
1586435791414593094,1,2,0,2037,2037,2037
1586435791542732435,1,2,0,2020,2020,2020
1586435791670769476,1,2,0,1993,1993,1993
1586435791734633181,1,2,0,1975,1975,1975
1586435791862606169,1,2,0,1929,1929,1929
1586435791926608727,1,2,0,1901,1901,1901
1586435792054829113,1,2,0,1836,1836,1836
1586435792118679572,1,2,0,1798,1798,1798
1586435792246634033,1,2,0,1714,1714,1714
1586435792374775619,1,2,0,1618,1618,1618
1586435792438895892,1,2,0,1566,1566,1566
1586435792567059120,1,2,0,1456,1456,1456
1586435792630777224,1,2,0,1398,1398,1398
1586435792758915760,1,2,0,1277,1277,1277
1586435792822772647,1,2,0,1215,1215,1215
1586435792950620946,1,2,0,1088,1088,1088
1586435793014677316,1,2,0,1024,1024,1024
1586435793142739746,1,2,0,896,896,896
1586435793270756871,1,2,0,771,771,771
1586435793334635380,1,2,0,710,710,710
1586435793463370688,1,2,0,592,592,592
1586435793526654367,1,2,0,536,536,536
1586435793654924699,1,2,0,430,430,430
1586435793718640806,1,2,0,381,381,381
1586435793846727596,1,2,0,291,291,291
1586435793974666118,1,2,0,212,212,212
1586435794038745612,1,2,0,178,178,178
1586435794166631507,1,2,0,119,119,119
1586435794230739360,1,2,0,95,95,95
1586435794358764926,1,2,0,55,55,55
1586435794422660496,1,2,0,40,40,40
1586435794550745317,1,2,0,18,18,18
1586435794614649862,1,2,0,11,11,11
1586435794742776637,1,2,0,3,3,3
1586435794871071341,1,2,0,1,1,1
1586435794934654978,1,2,0,1,1,1
1586435795062730542,1,2,0,1,1,1
1586435795126786481,1,2,0,1,1,1
1586435795254690136,1,2,0,6,6,6
1586435795318618338,1,2,0,11,11,11
1586435795446669689,1,2,0,28,28,28
1586435795574971025,1,2,0,55,55,55
1586435795638745179,1,2,0,73,73,73
1586435795766703242,1,2,0,119,119,119
1586435795830715580,1,2,0,147,147,147
1586435795958907479,1,2,0,212,212,212
1586435796022627429,1,2,0,250,250,250
1586435796150886415,1,2,0,334,334,334
1586435796214688669,1,2,0,381,381,381
1586435796342718461,1,2,0,482,482,482
1586435796471069995,1,2,0,592,592,592
1586435796534369541,1,2,0,650,650,650
1586435796662612272,1,2,0,771,771,771
1586435796726887892,1,2,0,833,833,833
1586435796854824852,1,2,0,960,960,960
1586435796919001214,1,2,0,1024,1024,1024
1586435797046701133,1,2,0,1152,1152,1152
1586435797174664868,1,2,0,1277,1277,1277
1586435797238674279,1,2,0,1338,1338,1338
1586435797366789611,1,2,0,1456,1456,1456
1586435797430811365,1,2,0,1512,1512,1512
1586435797558757048,1,2,0,1618,1618,1618
1586435797622731711,1,2,0,1667,1667,1667
1586435797750838498,1,2,0,1757,1757,1757
1586435797814838733,1,2,0,1798,1798,1798
1586435797942774943,1,2,0,1870,1870,1870
1586435798071220756,1,2,0,1929,1929,1929
1586435798134736939,1,2,0,1954,1954,1954
1586435798262968713,1,2,0,1993,1993,1993
1586435798326828694,1,2,0,2008,2008,2008
1586435798454661825,1,2,0,2030,2030,2030
1586435798518784771,1,2,0,2037,2037,2037
1586435798646688795,1,2,0,2045,2045,2045
1586435798774724185,1,2,0,2047,2047,2047
1586435798838820793,1,2,0,2048,2048,2048
1586435798967135201,1,2,0,2048,2048,2048
1586435799030716605,1,2,0,2048,2048,2048
1586435799159244672,1,2,0,2053,2053,2053
1586435799223218091,1,2,0,2058,2058,2058
1586435799350879131,1,2,0,2075,2075,2075
1586435799414779986,1,2,0,2087,2087,2087
1586435799543059406,1,2,0,2120,2120,2120
1586435799670871277,1,2,0,2166,2166,2166
1586435799734702277,1,2,0,2194,2194,2194
1586435799862080550,1,2,0,2259,2259,2259
1586435799926048811,1,2,0,2297,2297,2297
1586435800055301633,1,2,0,2381,2381,2381
1586435800118751154,1,2,0,2428,2428,2428
1586435800246621557,1,2,0,2529,2529,2529
1586435800374695377,1,2,0,2639,2639,2639
1586435800439657984,1,2,0,2697,2697,2697
1586435800567212263,1,2,0,2818,2818,2818
1586435800630738587,1,2,0,2880,2880,2880
1586435800758438302,1,2,0,3007,3007,3007
1586435800822841452,1,2,0,3071,3071,3071
1586435800950776278,1,2,0,3199,3199,3199
1586435801015046748,1,2,0,3262,3262,3262
1586435801142837691,1,2,0,3385,3385,3385
1586435801271170749,1,2,0,3503,3503,3503
1586435801334861449,1,2,0,3559,3559,3559
1586435801462661951,1,2,0,3665,3665,3665
1586435801526677975,1,2,0,3714,3714,3714
1586435801654665690,1,2,0,3804,3804,3804
1586435801718782494,1,2,0,3845,3845,3845
1586435801846739205,1,2,0,3917,3917,3917
1586435801975357717,1,2,0,3976,3976,3976
1586435802038972207,1,2,0,4000,4000,4000
1586435802166848065,1,2,0,4040,4040,4040
1586435802230953295,1,2,0,4055,4055,4055
1586435802358747388,1,2,0,4077,4077,4077
1586435802423332622,1,2,0,4084,4084,4084
1586435802550944811,1,2,0,4092,4092,4092
1586435802614813262,1,2,0,4094,4094,4094
1586435802742831760,1,2,0,4094,4094,4094
1586435802870828339,1,2,0,4094,4094,4094
1586435802934866778,1,2,0,4094,4094,4094
1586435803062911237,1,2,0,4089,4089,4089
1586435803126936732,1,2,0,4084,4084,4084
1586435803255329054,1,2,0,4067,4067,4067
1586435803318777655,1,2,0,4055,4055,4055
1586435803446862516,1,2,0,4022,4022,4022
1586435803574309815,1,2,0,3976,3976,3976
1586435803638782497,1,2,0,3948,3948,3948
1586435803766955984,1,2,0,3883,3883,3883
1586435803830789796,1,2,0,3845,3845,3845
1586435803958946544,1,2,0,3761,3761,3761
1586435804022773592,1,2,0,3714,3714,3714
1586435804150940171,1,2,0,3613,3613,3613
1586435804215006154,1,2,0,3559,3559,3559
1586435804343012183,1,2,0,3445,3445,3445
1586435804470782301,1,2,0,3324,3324,3324
1586435804534945265,1,2,0,3262,3262,3262
1586435804662878346,1,2,0,3135,3135,3135
1586435804726814592,1,2,0,3071,3071,3071
1586435804854833199,1,2,0,2943,2943,2943
1586435804918177237,1,2,0,2880,2880,2880
1586435805046923710,1,2,0,2757,2757,2757
1586435805174938918,1,2,0,2639,2639,2639
1586435805238759417,1,2,0,2583,2583,2583
1586435805366768377,1,2,0,2477,2477,2477
1586435805430841575,1,2,0,2428,2428,2428
1586435805559047817,1,2,0,2338,2338,2338
1586435805622752616,1,2,0,2297,2297,2297
1586435805750838533,1,2,0,2225,2225,2225
1586435805814739833,1,2,0,2194,2194,2194
1586435805942668325,1,2,0,2141,2141,2141
1586435806070784599,1,2,0,2102,2102,2102
1586435806134808815,1,2,0,2087,2087,2087
1586435806263504407,1,2,0,2065,2065,2065
1586435806326747304,1,2,0,2058,2058,2058
1586435806455427765,1,2,0,2050,2050,2050
1586435806518688063,1,2,0,2048,2048,2048
1586435806646944241,1,2,0,2048,2048,2048
1586435806774746432,1,2,0,2047,2047,2047
1586435806838707298,1,2,0,2047,2047,2047
1586435806966792656,1,2,0,2042,2042,2042
1586435807030807533,1,2,0,2037,2037,2037
1586435807158731566,1,2,0,2020,2020,2020
1586435807222912944,1,2,0,2008,2008,2008
1586435807350899361,1,2,0,1975,1975,1975
1586435807414820344,1,2,0,1954,1954,1954
1586435807542786848,1,2,0,1901,1901,1901
1586435807670821126,1,2,0,1836,1836,1836
1586435807734782360,1,2,0,1798,1798,1798
1586435807862797299,1,2,0,1714,1714,1714
1586435807926742319,1,2,0,1667,1667,1667
1586435808054800819,1,2,0,1566,1566,1566
1586435808118772908,1,2,0,1512,1512,1512
1586435808246895950,1,2,0,1398,1398,1398
1586435808374843149,1,2,0,1277,1277,1277
1586435808438735227,1,2,0,1215,1215,1215
1586435808566857249,1,2,0,1088,1088,1088
1586435808630732576,1,2,0,1024,1024,1024
1586435808758757678,1,2,0,896,896,896
1586435808822748005,1,2,0,833,833,833
1586435808950987138,1,2,0,710,710,710
1586435809014788998,1,2,0,650,650,650
1586435809142885113,1,2,0,536,536,536
1586435809271105692,1,2,0,430,430,430
1586435809334839917,1,2,0,381,381,381
1586435809462856707,1,2,0,291,291,291
1586435809526889111,1,2,0,250,250,250
1586435809654810199,1,2,0,178,178,178
1586435809719072013,1,2,0,147,147,147
1586435809846838680,1,2,0,95,95,95
1586435809974927982,1,2,0,55,55,55
1586435810038776009,1,2,0,40,40,40
1586435810166912315,1,2,0,18,18,18
1586435810230774166,1,2,0,11,11,11
1586435810358863464,1,2,0,3,3,3
1586435810422825696,1,2,0,1,1,1
1586435810550888522,1,2,0,1,1,1
1586435810614906262,1,2,0,1,1,1
1586435810742827679,1,2,0,1,1,1
1586435810870908034,1,2,0,6,6,6
1586435810934525124,1,2,0,11,11,11
1586435811062753370,1,2,0,28,28,28
1586435811126770012,1,2,0,40,40,40
1586435811254704004,1,2,0,73,73,73
1586435811318762569,1,2,0,95,95,95
1586435811446757608,1,2,0,147,147,147
1586435811574873370,1,2,0,212,212,212
1586435811639259588,1,2,0,250,250,250
1586435811767019554,1,2,0,334,334,334
1586435811830900544,1,2,0,381,381,381
1586435811958947209,1,2,0,482,482,482
1586435812022918793,1,2,0,536,536,536
1586435812151076421,1,2,0,650,650,650
1586435812214985860,1,2,0,710,710,710
1586435812342965872,1,2,0,833,833,833
1586435812470841601,1,2,0,960,960,960
1586435812534944749,1,2,0,1024,1024,1024
1586435812662623111,1,2,0,1152,1152,1152
1586435812726886024,1,2,0,1215,1215,1215
1586435812855231104,1,2,0,1338,1338,1338
1586435812918876154,1,2,0,1398,1398,1398
1586435813046961364,1,2,0,1512,1512,1512
1586435813174923125,1,2,0,1618,1618,1618
1586435813238893377,1,2,0,1667,1667,1667
1586435813366860456,1,2,0,1757,1757,1757
1586435813430895254,1,2,0,1798,1798,1798
1586435813559006982,1,2,0,1870,1870,1870
1586435813622858877,1,2,0,1901,1901,1901
1586435813750931648,1,2,0,1954,1954,1954
1586435813814985419,1,2,0,1975,1975,1975
1586435813943009037,1,2,0,2008,2008,2008
1586435814070893091,1,2,0,2030,2030,2030
1586435814134777033,1,2,0,2037,2037,2037
1586435814262910435,1,2,0,2045,2045,2045
1586435814326837933,1,2,0,2047,2047,2047
1586435814455120565,1,2,0,2048,2048,2048
1586435814518989663,1,2,0,2048,2048,2048
1586435814647060924,1,2,0,2048,2048,2048
1586435814775073854,1,2,0,2053,2053,2053
1586435814838933417,1,2,0,2058,2058,2058
1586435814966950201,1,2,0,2075,2075,2075
1586435815031002981,1,2,0,2087,2087,2087
1586435815159044476,1,2,0,2120,2120,2120
1586435815222822018,1,2,0,2141,2141,2141
1586435815350989239,1,2,0,2194,2194,2194
1586435815414969426,1,2,0,2225,2225,2225
1586435815542996175,1,2,0,2297,2297,2297
1586435815671247940,1,2,0,2381,2381,2381
1586435815734877718,1,2,0,2428,2428,2428
1586435815862888070,1,2,0,2529,2529,2529
1586435815926949021,1,2,0,2583,2583,2583
1586435816054951611,1,2,0,2697,2697,2697
1586435816119021176,1,2,0,2757,2757,2757
1586435816247017981,1,2,0,2880,2880,2880
1586435816374943824,1,2,0,3007,3007,3007
1586435816438986687,1,2,0,3071,3071,3071
1586435816566895458,1,2,0,3199,3199,3199
1586435816630934545,1,2,0,3262,3262,3262
1586435816758847147,1,2,0,3385,3385,3385
1586435816822856923,1,2,0,3445,3445,3445
1586435816950991405,1,2,0,3559,3559,3559
1586435817015311122,1,2,0,3613,3613,3613
1586435817143021429,1,2,0,3714,3714,3714
1586435817270958178,1,2,0,3804,3804,3804
1586435817334915812,1,2,0,3845,3845,3845
1586435817462504156,1,2,0,3917,3917,3917
1586435817526285773,1,2,0,3948,3948,3948
1586435817655056910,1,2,0,4000,4000,4000
1586435817719347127,1,2,0,4022,4022,4022
1586435817846938924,1,2,0,4055,4055,4055
1586435817975094718,1,2,0,4077,4077,4077
1586435818039071572,1,2,0,4084,4084,4084
1586435818167164691,1,2,0,4092,4092,4092
1586435818231107333,1,2,0,4094,4094,4094
1586435818359099196,1,2,0,4094,4094,4094
1586435818422982810,1,2,0,4094,4094,4094
1586435818551188326,1,2,0,4094,4094,4094
1586435818615139022,1,2,0,4092,4092,4092
1586435818743108544,1,2,0,4084,4084,4084
1586435818871128951,1,2,0,4067,4067,4067
1586435818935068259,1,2,0,4055,4055,4055
1586435819063045451,1,2,0,4022,4022,4022
1586435819126980394,1,2,0,4000,4000,4000
1586435819255434994,1,2,0,3948,3948,3948
1586435819319664901,1,2,0,3917,3917,3917
1586435819447090954,1,2,0,3845,3845,3845
1586435819575151907,1,2,0,3761,3761,3761
1586435819639093986,1,2,0,3714,3714,3714
1586435819767129507,1,2,0,3613,3613,3613
1586435819831123950,1,2,0,3559,3559,3559
1586435819959200811,1,2,0,3445,3445,3445
1586435820023039500,1,2,0,3385,3385,3385
1586435820151242541,1,2,0,3262,3262,3262
1586435820215109817,1,2,0,3199,3199,3199
1586435820343085939,1,2,0,3071,3071,3071
1586435820471103509,1,2,0,2943,2943,2943
1586435820534427097,1,2,0,2880,2880,2880
1586435820662574040,1,2,0,2757,2757,2757
1586435820726552346,1,2,0,2697,2697,2697
1586435820854604837,1,2,0,2583,2583,2583
1586435820918604386,1,2,0,2529,2529,2529
1586435821046552856,1,2,0,2428,2428,2428
1586435821174992086,1,2,0,2338,2338,2338
1586435821239154185,1,2,0,2297,2297,2297
1586435821367022548,1,2,0,2225,2225,2225
1586435821431043395,1,2,0,2194,2194,2194
1586435821558956786,1,2,0,2141,2141,2141
1586435821622935524,1,2,0,2120,2120,2120
1586435821767132546,1,2,0,2087,2087,2087
1586435821831062824,1,2,0,2075,2075,2075
1586435821959160488,1,2,0,2058,2058,2058
1586435822023022244,1,2,0,2053,2053,2053
1586435822151001255,1,2,0,2048,2048,2048
1586435822215046041,1,2,0,2048,2048,2048
1586435822343038687,1,2,0,2048,2048,2048
1586435822471010169,1,2,0,2047,2047,2047
1586435822534974043,1,2,0,2045,2045,2045
1586435822663100175,1,2,0,2037,2037,2037
1586435822727284731,1,2,0,2030,2030,2030
1586435822854980637,1,2,0,2008,2008,2008
1586435822919219887,1,2,0,1993,1993,1993
1586435823046827221,1,2,0,1954,1954,1954
1586435823174815771,1,2,0,1901,1901,1901
1586435823238816493,1,2,0,1870,1870,1870
1586435823368126400,1,2,0,1798,1798,1798
1586435823431167382,1,2,0,1757,1757,1757
1586435823559320263,1,2,0,1667,1667,1667
1586435823623107083,1,2,0,1618,1618,1618
1586435823751248930,1,2,0,1512,1512,1512
1586435823815095848,1,2,0,1456,1456,1456
1586435823943206635,1,2,0,1338,1338,1338
1586435824071155068,1,2,0,1215,1215,1215
1586435824135286991,1,2,0,1152,1152,1152
1586435824263304928,1,2,0,1024,1024,1024
1586435824327964484,1,2,0,960,960,960
1586435824455236807,1,2,0,833,833,833
1586435824519428471,1,2,0,771,771,771
1586435824647115135,1,2,0,650,650,650
1586435824775255027,1,2,0,536,536,536
1586435824839534718,1,2,0,482,482,482
1586435824967569874,1,2,0,381,381,381
1586435825031083888,1,2,0,334,334,334
1586435825159134631,1,2,0,250,250,250
1586435825223119994,1,2,0,212,212,212
1586435825351157079,1,2,0,147,147,147
1586435825415219793,1,2,0,119,119,119
1586435825543338924,1,2,0,73,73,73
1586435825671185150,1,2,0,40,40,40
1586435825735168754,1,2,0,28,28,28
1586435825863149115,1,2,0,11,11,11
1586435825927110726,1,2,0,6,6,6
1586435826056244710,1,2,0,1,1,1
1586435826119323532,1,2,0,1,1,1
1586435826247572836,1,2,0,1,1,1
1586435826375990412,1,2,0,1,1,1
1586435826439181240,1,2,0,3,3,3
1586435826567139053,1,2,0,11,11,11
1586435826631773353,1,2,0,18,18,18
1586435826759384975,1,2,0,40,40,40
1586435826823512208,1,2,0,55,55,55
1586435826951078125,1,2,0,95,95,95
1586435827015050790,1,2,0,119,119,119
1586435827143246660,1,2,0,178,178,178
1586435827271282400,1,2,0,250,250,250
1586435827335082985,1,2,0,291,291,291
1586435827463109670,1,2,0,381,381,381
1586435827527069525,1,2,0,430,430,430
1586435827655270745,1,2,0,536,536,536
1586435827719108298,1,2,0,592,592,592
1586435827847168468,1,2,0,710,710,710
1586435827975300491,1,2,0,833,833,833
1586435828038688795,1,2,0,896,896,896
1586435828167712829,1,2,0,1024,1024,1024
1586435828231207089,1,2,0,1088,1088,1088
1586435828359193367,1,2,0,1215,1215,1215
1586435828423162232,1,2,0,1277,1277,1277
1586435828552086392,1,2,0,1398,1398,1398
1586435828615387630,1,2,0,1456,1456,1456
1586435828743284494,1,2,0,1566,1566,1566
1586435828871114772,1,2,0,1667,1667,1667
1586435828935268574,1,2,0,1714,1714,1714
1586435829063619836,1,2,0,1798,1798,1798
1586435829127483553,1,2,0,1836,1836,1836
1586435829255249666,1,2,0,1901,1901,1901
1586435829319203968,1,2,0,1929,1929,1929
1586435829447562924,1,2,0,1975,1975,1975
1586435829575203281,1,2,0,2008,2008,2008
1586435829639374924,1,2,0,2020,2020,2020
1586435829767303061,1,2,0,2037,2037,2037
1586435829831483106,1,2,0,2042,2042,2042
1586435829959216417,1,2,0,2047,2047,2047
1586435830023312876,1,2,0,2047,2047,2047
1586435830150596936,1,2,0,2048,2048,2048
1586435830214993614,1,2,0,2048,2048,2048
1586435830343090727,1,2,0,2048,2048,2048
1586435830470414778,1,2,0,2048,2048,2048
1586435830534463232,1,2,0,2048,2048,2048
1586435830663121643,1,2,0,2048,2048,2048
1586435830727025916,1,2,0,2048,2048,2048
1586435830854974689,1,2,0,2048,2048,2048
1586435830919018289,1,2,0,2048,2048,2048
1586435831047111537,1,2,0,2048,2048,2048
1586435831174961549,1,2,0,2048,2048,2048
1586435831239076386,1,2,0,2048,2048,2048
1586435831367121656,1,2,0,2048,2048,2048
1586435831430952265,1,2,0,2048,2048,2048
1586435831559259755,1,2,0,2048,2048,2048
1586435831622976555,1,2,0,2048,2048,2048
1586435831751084952,1,2,0,2048,2048,2048
1586435831815039059,1,2,0,2048,2048,2048
1586435831943098664,1,2,0,2048,2048,2048
1586435832071118927,1,2,0,2048,2048,2048
1586435832135086662,1,2,0,2048,2048,2048
1586435832262959967,1,2,0,2048,2048,2048
1586435832326975444,1,2,0,2048,2048,2048
1586435832455163679,1,2,0,2048,2048,2048
1586435832519093661,1,2,0,2048,2048,2048
1586435832647000009,1,2,0,2048,2048,2048
1586435832775024408,1,2,0,2048,2048,2048
1586435832839025386,1,2,0,2048,2048,2048
1586435832967056384,1,2,0,2048,2048,2048
1586435833031346411,1,2,0,2048,2048,2048
1586435833158941483,1,2,0,2048,2048,2048
1586435833223085869,1,2,0,2048,2048,2048
1586435833351091775,1,2,0,2048,2048,2048
1586435833415062654,1,2,0,2048,2048,2048
1586435833543091981,1,2,0,2048,2048,2048
1586435833671065683,1,2,0,2048,2048,2048
1586435833735060885,1,2,0,2048,2048,2048
1586435833863080234,1,2,0,2048,2048,2048
1586435833927010709,1,2,0,2048,2048,2048
1586435834055353557,1,2,0,2048,2048,2048
1586435834119105322,1,2,0,2048,2048,2048
1586435834247102468,1,2,0,2048,2048,2048
1586435834374991623,1,2,0,2048,2048,2048
1586435834439122443,1,2,0,2048,2048,2048
1586435834567252400,1,2,0,2048,2048,2048
1586435834631133026,1,2,0,2048,2048,2048
1586435834759117683,1,2,0,2048,2048,2048
1586435834823059108,1,2,0,2048,2048,2048
1586435834951118124,1,2,0,2048,2048,2048
1586435835015001161,1,2,0,2048,2048,2048
1586435835142915150,1,2,0,2048,2048,2048
1586435835271042405,1,2,0,2048,2048,2048
1586435835335044171,1,2,0,2048,2048,2048
1586435835463081213,1,2,0,2048,2048,2048
1586435835527109569,1,2,0,2048,2048,2048
1586435835655237796,1,2,0,2048,2048,2048
1586435835719100901,1,2,0,2048,2048,2048
1586435835846965406,1,2,0,2048,2048,2048
1586435835975087408,1,2,0,2048,2048,2048
1586435836039091206,1,2,0,2048,2048,2048
1586435836167030531,1,2,0,2048,2048,2048
1586435836231112969,1,2,0,2048,2048,2048
1586435836359136762,1,2,0,2048,2048,2048
1586435836423176256,1,2,0,2048,2048,2048
1586435836551245946,1,2,0,2048,2048,2048
1586435836614892393,1,2,0,2048,2048,2048
1586435836743139833,1,2,0,2048,2048,2048
1586435836871066618,1,2,0,2048,2048,2048
1586435836935060576,1,2,0,2048,2048,2048
1586435837063027477,1,2,0,2048,2048,2048
1586435837126825386,1,2,0,2048,2048,2048
1586435837255442079,1,2,0,2048,2048,2048
1586435837319147974,1,2,0,2048,2048,2048
1586435837447165086,1,2,0,2048,2048,2048
