1587086675205799520,first,1,2062,0,0,second,2,2065,0,0,zero,0,2050,0,0
1587086675269750926,first,1,2063,0,0,second,2,2065,0,0,zero,0,2050,0,0
1587086675397929100,first,1,2062,0,0,second,2,2065,0,0,zero,0,2050,0,0
1587086675462159023,first,1,2062,0,0,second,2,2065,0,0,zero,0,2050,0,0
1587086675589611021,first,1,2062,0,0,second,2,2065,0,0,zero,0,2051,0,0
1587086675653868171,first,1,2062,0,0,second,2,2065,0,0,zero,0,2050,0,0
1587086675782347322,first,1,2062,0,0,second,2,2064,0,0,zero,0,2050,0,0
1587086675910246862,first,1,2062,0,0,second,2,2065,0,0,zero,0,2050,0,0
1587086675973633763,first,1,2062,0,0,second,2,2065,0,0,zero,0,2050,0,0
1587086676101878176,first,1,2062,0,0,second,2,2065,0,0,zero,0,2051,0,0
1587086676166097104,first,1,2062,0,0,second,2,2065,0,0,zero,0,2050,0,0
1587086676294047706,first,1,2062,0,0,second,2,2065,0,0,zero,0,2050,0,0
1587086676358031804,first,1,2062,0,0,second,2,2065,0,0,zero,0,2050,0,0
1587086676487399583,first,1,2062,0,0,second,2,2065,0,0,zero,0,2050,0,0
1587086676613555749,first,1,2062,0,0,second,2,2064,0,0,zero,0,2050,0,0
1587086676677491597,first,1,2063,0,0,second,2,2065,0,0,zero,0,2051,0,0
1587086676805519827,first,1,2062,0,0,second,2,2065,0,0,zero,0,2050,0,0
1587086676869569657,first,1,2062,0,0,second,2,2065,0,0,zero,0,2051,0,0
1587086676997488797,first,1,2062,0,0,second,2,2065,0,0,zero,0,2050,0,0
1587086677061552607,first,1,2062,0,0,second,2,2064,0,0,zero,0,2051,0,0
1587086677189595590,first,1,2062,0,0,second,2,2065,0,0,zero,0,2050,0,0
1587086677253547179,first,1,2062,0,0,second,2,2065,0,0,zero,0,2050,0,0
1587086677381432943,first,1,2062,0,0,second,2,2065,0,0,zero,0,2050,0,0
1587086677509424628,first,1,2062,0,0,second,2,2065,0,0,zero,0,2050,0,0
1587086677573417557,first,1,2062,0,0,second,2,2065,0,0,zero,0,2051,0,0
1587086677701986103,first,1,2062,0,0,second,2,2065,0,0,zero,0,2050,0,0
1587086677765827884,first,1,2062,0,0,second,2,2065,0,0,zero,0,2050,0,0
1587086677893950216,first,1,2062,0,0,second,2,2065,0,0,zero,0,2050,0,0
1587086677957884143,first,1,2063,0,0,second,2,2065,0,0,zero,0,2050,0,0
1587086678085890595,first,1,2062,0,0,second,2,2065,0,0,zero,0,2051,0,0
1587086678214033041,first,1,2062,0,0,second,2,2064,0,0,zero,0,2051,0,0
1587086678277952786,first,1,2062,0,0,second,2,2065,0,0,zero,0,2051,0,0
1587086678405937285,first,1,2062,0,0,second,2,2065,0,0,zero,0,2051,0,0
1587086678470125078,first,1,2062,0,0,second,2,2065,0,0,zero,0,2051,0,0
1587086678673910197,first,1,2062,0,0,second,2,2065,0,0,zero,0,2051,0,0
1587086678741630724,first,1,2062,0,0,second,2,2065,0,0,zero,0,2050,0,0
1587086678806184941,first,1,2062,0,0,second,2,2065,0,0,zero,0,2051,0,0
1587086678870079702,first,1,2062,0,0,second,2,2065,0,0,zero,0,2052,0,0
1587086678998369112,first,1,2062,0,0,second,2,2065,0,0,zero,0,2054,0,-2
1587086679062267910,first,1,2062,0,0,second,2,2065,0,0,zero,0,2054,0,0
1587086679190347278,first,1,2062,0,0,second,2,2065,0,0,zero,0,2054,0,0
1587086679254437521,first,1,2062,0,0,second,2,2065,0,0,zero,0,2054,0,0
1587086679382179851,first,1,2062,0,0,second,2,2065,0,0,zero,0,2054,0,0
1587086679510226631,first,1,2062,0,0,second,2,2065,0,0,zero,0,2054,0,0
1587086679574247241,first,1,2062,0,0,second,2,2065,0,0,zero,0,2054,0,0
1587086679702283499,first,1,2062,0,0,second,2,2065,0,0,zero,0,2054,0,0
1587086679766334137,first,1,2062,0,0,second,2,2065,0,0,zero,0,2054,0,0
1587086679894312220,first,1,2062,0,0,second,2,2065,0,0,zero,0,2054,0,0
1587086679958187846,first,1,2062,0,0,second,2,2065,0,0,zero,0,2054,0,0
1587086680086484396,first,1,2062,0,0,second,2,2065,0,0,zero,0,2054,0,0
1587086680214249645,first,1,2063,0,0,second,2,2065,0,0,zero,0,2055,0,0
1587086680278228671,first,1,2062,0,0,second,2,2065,0,0,zero,0,2055,0,-1
1587086680406124205,first,1,2062,0,0,second,2,2065,0,0,zero,0,2054,0,-1
1587086680470176549,first,1,2062,0,0,second,2,2065,0,0,zero,0,2054,0,-1
1587086680598196798,first,1,2062,0,0,second,2,2065,0,0,zero,0,2054,0,0
1587086680662241205,first,1,2062,0,0,second,2,2065,0,0,zero,0,2054,0,-1
1587086680790186851,first,1,2063,0,0,second,2,2065,0,0,zero,0,2054,0,-1
1587086680854241948,first,1,2062,0,0,second,2,2065,0,0,zero,0,2054,0,-1
1587086680982171082,first,1,2062,0,0,second,2,2065,0,0,zero,0,2053,0,0
1587086681110141692,first,1,2062,0,0,second,2,2065,0,0,zero,0,2054,0,0
1587086681174136361,first,1,2062,0,0,second,2,2064,0,0,zero,0,2053,0,0
1587086681302244561,first,1,2062,0,0,second,2,2065,0,0,zero,0,2053,0,0
1587086681366327119,first,1,2062,0,0,second,2,2064,0,0,zero,0,2054,0,0
1587086681494329748,first,1,2062,0,0,second,2,2065,0,0,zero,0,2053,0,-1
1587086681558198263,first,1,2062,0,0,second,2,2065,0,0,zero,0,2054,0,0
1587086681686146206,first,1,2062,0,0,second,2,2065,0,0,zero,0,2053,0,-1
1587086681814209209,first,1,2062,0,0,second,2,2065,0,0,zero,0,2053,0,-1
1587086681878029439,first,1,2062,0,0,second,2,2065,0,0,zero,0,2053,0,-1
1587086682006233763,first,1,2062,0,0,second,2,2065,0,0,zero,0,2053,0,-1
1587086682070024869,first,1,2062,0,0,second,2,2065,0,0,zero,0,2053,0,-1
1587086682198124147,first,1,2062,0,0,second,2,2065,0,0,zero,0,2053,0,-1
1587086682262112879,first,1,2062,0,0,second,2,2065,0,0,zero,0,2053,0,-1
1587086682390199214,first,1,2062,0,0,second,2,2065,0,0,zero,0,2053,0,0
1587086682454209070,first,1,2062,0,0,second,2,2065,0,0,zero,0,2052,0,0
1587086682582210300,first,1,2063,0,0,second,2,2065,0,0,zero,0,2053,0,0
1587086682710172048,first,1,2062,0,0,second,2,2065,0,0,zero,0,2053,0,0
1587086682774187729,first,1,2062,0,0,second,2,2065,0,0,zero,0,2053,0,0
1587086682902179973,first,1,2062,0,0,second,2,2065,0,0,zero,0,2052,0,0
1587086682965976545,first,1,2062,0,0,second,2,2065,0,0,zero,0,2053,0,0
1587086683094235891,first,1,2062,0,0,second,2,2065,0,0,zero,0,2053,0,0
1587086683158047888,first,1,2063,0,0,second,2,2065,0,0,zero,0,2057,0,2
1587086683286161178,first,1,2063,0,0,second,2,2065,0,0,zero,0,2080,12,1
1587086683414047112,first,1,2063,0,0,second,2,2088,15,3,zero,0,2089,1,2
1587086683478060946,first,1,2067,1,1,second,2,2117,26,2,zero,0,2100,8,4
1587086683606068823,first,1,2101,17,3,second,2,2186,33,1,zero,0,2147,22,-10
1587086683670089850,first,1,2133,27,3,second,2,2222,33,1,zero,0,2148,2,0
1587086683798072423,first,1,2225,46,1,second,2,2259,11,1,zero,0,2182,25,10
1587086683862078712,first,1,2263,42,9,second,2,2282,20,3,zero,0,2227,43,3
1587086683990105085,first,1,2274,1,0,second,2,2380,54,6,zero,0,2270,6,-2
1587086684054132936,first,1,2280,2,2,second,2,2452,68,5,zero,0,2275,1,7
1587086684182049149,first,1,2341,32,6,second,2,2590,62,19,zero,0,2347,45,9
1587086684309913354,first,1,2474,68,9,second,2,2619,7,2,zero,0,2397,7,0
1587086684373946885,first,1,2559,80,2,second,2,2644,22,7,zero,0,2405,5,13
1587086684501929381,first,1,2649,33,1,second,2,2765,70,13,zero,0,2509,61,6
1587086684566096757,first,1,2652,7,0,second,2,2861,93,14,zero,0,2564,55,5
1587086684693988245,first,1,2677,14,8,second,2,3098,119,2,zero,0,2575,0,7
1587086684758050949,first,1,2724,37,13,second,2,3199,102,8,zero,0,2599,21,17
1587086684885949435,first,1,2886,85,12,second,2,3255,13,-2,zero,0,2708,55,8
1587086685013956525,first,1,3086,101,8,second,2,3280,18,8,zero,0,2722,0,9
1587086685077943075,first,1,3124,51,0,second,2,3326,43,13,zero,0,2748,23,16
1587086685205891767,first,1,3123,-3,-1,second,2,3497,95,11,zero,0,2852,49,6
1587086685269895947,first,1,3119,-5,5,second,2,3608,109,8,zero,0,2861,9,-5
1587086685397867094,first,1,3171,28,10,second,2,3751,44,-3,zero,0,2883,20,12
1587086685461898846,first,1,3229,50,10,second,2,3762,11,-6,zero,0,2927,41,8
1587086685589921508,first,1,3391,83,3,second,2,3766,2,4,zero,0,2971,5,-5
1587086685653867205,first,1,3463,79,-2,second,2,3789,20,7,zero,0,2969,-1,3
1587086685781910672,first,1,3487,5,-4,second,2,3903,65,9,zero,0,3018,31,2
1587086685909947740,first,1,3468,-8,1,second,2,4070,84,1,zero,0,3046,1,-4
1587086685973903295,first,1,3482,6,5,second,2,4136,66,-29,zero,0,3040,-6,0
1587086686101849528,first,1,3567,45,5,second,2,4157,0,-8,zero,0,3062,15,1
1587086686165998302,first,1,3629,57,3,second,2,4143,-11,-6,zero,0,3077,14,-3
1587086686294177304,first,1,3695,23,-1,second,2,4120,-5,0,zero,0,3068,-6,0
1587086686358002670,first,1,3688,0,-8,second,2,4125,2,1,zero,0,3070,0,1
1587086686485860039,first,1,3643,-22,-4,second,2,4150,10,0,zero,0,3074,0,-1
1587086686613936595,first,1,3607,-16,0,second,2,4151,0,-1,zero,0,3074,0,0
1587086686677942474,first,1,3607,-1,0,second,2,4150,0,-1,zero,0,3074,0,0
1587086686805893182,first,1,3607,0,0,second,2,4135,-7,-3,zero,0,3074,0,-1
1587086686869818075,first,1,3607,0,0,second,2,4124,-9,-2,zero,0,3074,0,-1
1587086686997873768,first,1,3607,0,0,second,2,4111,-4,0,zero,0,3073,0,-1
1587086687061856465,first,1,3607,0,0,second,2,4111,0,0,zero,0,3069,-2,-2
1587086687189907646,first,1,3607,0,0,second,2,4111,0,0,zero,0,3059,-3,-2
1587086687253804242,first,1,3607,0,0,second,2,4111,0,-1,zero,0,3052,-5,-1
1587086687381835145,first,1,3607,0,-2,second,2,4111,0,-3,zero,0,3039,-5,-2
1587086687509855175,first,1,3607,0,-2,second,2,4103,-5,-5,zero,0,3017,-11,-2
1587086687573884939,first,1,3606,0,-3,second,2,4089,-11,-3,zero,0,3004,-11,-2
1587086687701781836,first,1,3581,-12,-5,second,2,4053,-17,-4,zero,0,2981,-10,-1
1587086687765811279,first,1,3562,-16,-4,second,2,4029,-22,-5,zero,0,2967,-12,-2
1587086687894121399,first,1,3515,-22,-4,second,2,3969,-30,-7,zero,0,2932,-15,-2
1587086687957919070,first,1,3488,-24,-5,second,2,3935,-32,-5,zero,0,2916,-15,-2
1587086688085764590,first,1,3428,-28,-4,second,2,3863,-35,-6,zero,0,2879,-17,-5
1587086688213776411,first,1,3367,-29,-2,second,2,3781,-40,-7,zero,0,2836,-19,-5
1587086688277781376,first,1,3337,-29,-4,second,2,3737,-42,-7,zero,0,2814,-20,-4
1587086688405767820,first,1,3280,-28,-3,second,2,3642,-46,-8,zero,0,2767,-23,-4
1587086688469958206,first,1,3250,-28,-5,second,2,3594,-47,-6,zero,0,2737,-26,-4
1587086688597791707,first,1,3180,-33,-5,second,2,3500,-47,-7,zero,0,2682,-26,-1
1587086688661821410,first,1,3141,-35,-7,second,2,3451,-47,-8,zero,0,2658,-24,-1
1587086688789669682,first,1,3063,-38,-4,second,2,3351,-49,-6,zero,0,2614,-21,-3
1587086688853801045,first,1,3024,-38,-6,second,2,3299,-50,-8,zero,0,2589,-22,-2
1587086688981812605,first,1,2947,-38,-6,second,2,3193,-51,-8,zero,0,2537,-24,-5
1587086689109792393,first,1,2868,-38,-6,second,2,3086,-52,-7,zero,0,2481,-27,-3
1587086689173686342,first,1,2831,-38,-6,second,2,3033,-52,-7,zero,0,2451,-27,-1
1587086689301745282,first,1,2751,-38,-7,second,2,2928,-50,-6,zero,0,2411,-15,-1
1587086689365701427,first,1,2710,-38,-5,second,2,2877,-50,-6,zero,0,2399,-10,-5
1587086689493701094,first,1,2635,-36,-5,second,2,2782,-45,-7,zero,0,2344,-31,-5
1587086689557689908,first,1,2599,-36,-3,second,2,2738,-43,-6,zero,0,2308,-34,-1
1587086689685662104,first,1,2523,-36,-5,second,2,2650,-42,-7,zero,0,2286,0,-3
1587086689813804249,first,1,2452,-34,-3,second,2,2562,-42,-6,zero,0,2243,-27,-10
1587086689877614007,first,1,2422,-31,-4,second,2,2520,-41,-5,zero,0,2206,-35,-4
1587086690005854429,first,1,2365,-27,-5,second,2,2433,-41,-7,zero,0,2182,0,-1
1587086690069728872,first,1,2336,-27,-5,second,2,2389,-41,-6,zero,0,2176,-3,-7
1587086690197595434,first,1,2281,-27,-5,second,2,2312,-37,-4,zero,0,2115,-34,-4
1587086690261784330,first,1,2254,-26,-5,second,2,2275,-35,-5,zero,0,2090,-25,1
1587086690389916191,first,1,2198,-26,-4,second,2,2207,-33,-4,zero,0,2086,-2,-7
1587086690453854360,first,1,2171,-26,-4,second,2,2173,-32,-4,zero,0,2066,-18,-10
1587086690581859601,first,1,2119,-25,-4,second,2,2115,-27,-2,zero,0,2044,0,-1
1587086690709866362,first,1,2073,-21,-1,second,2,2060,-26,-3,zero,0,2016,-21,-10
1587086690773826908,first,1,2056,-17,-3,second,2,2033,-26,-5,zero,0,1980,-34,-6
1587086690901838100,first,1,2025,-14,-5,second,2,1973,-29,-5,zero,0,1955,0,0
1587086690965743325,first,1,2006,-16,-2,second,2,1941,-29,-5,zero,0,1949,-3,-11
1587086691093692383,first,1,1968,-17,-4,second,2,1879,-30,-5,zero,0,1884,-36,-7
1587086691157819932,first,1,1947,-18,-7,second,2,1847,-30,-7,zero,0,1857,-27,1
1587086691285773521,first,1,1893,-26,-6,second,2,1777,-34,-6,zero,0,1850,-3,-11
1587086691413722782,first,1,1822,-34,-5,second,2,1700,-37,-8,zero,0,1775,-43,-4
1587086691477702271,first,1,1784,-35,-5,second,2,1657,-41,-9,zero,0,1743,-32,-5
1587086691605733702,first,1,1707,-37,-5,second,2,1557,-50,-7,zero,0,1735,-4,-14
1587086691669784042,first,1,1672,-36,-4,second,2,1504,-53,-9,zero,0,1704,-28,-12
1587086691797768077,first,1,1601,-34,-4,second,2,1392,-54,-10,zero,0,1623,-33,-1
1587086691861640058,first,1,1563,-35,-6,second,2,1334,-56,-7,zero,0,1620,-3,0
1587086691989801935,first,1,1484,-38,-6,second,2,1222,-55,-6,zero,0,1580,-29,-16
1587086692053953073,first,1,1444,-38,-6,second,2,1170,-51,-5,zero,0,1528,-49,-7
1587086692181642525,first,1,1363,-39,-9,second,2,1073,-47,-7,zero,0,1486,-2,0
1587086692309779389,first,1,1281,-40,-5,second,2,975,-48,-6,zero,0,1452,-26,-13
1587086692373773302,first,1,1244,-37,-5,second,2,925,-48,-6,zero,0,1405,-46,-7
1587086692501839456,first,1,1167,-36,-5,second,2,825,-48,-6,zero,0,1367,-2,0
1587086692565741828,first,1,1129,-36,-4,second,2,774,-49,-7,zero,0,1360,-4,-11
1587086692693744435,first,1,1057,-36,-4,second,2,677,-46,-6,zero,0,1279,-46,-6
1587086692757687785,first,1,1020,-35,-6,second,2,631,-44,-5,zero,0,1243,-36,12
1587086692885617401,first,1,945,-36,-4,second,2,538,-44,-8,zero,0,1242,1,-8
1587086693013704927,first,1,874,-34,-3,second,2,449,-43,-7,zero,0,1184,-35,-8
1587086693077626814,first,1,841,-32,-3,second,2,406,-42,-6,zero,0,1155,-30,0
1587086693205537832,first,1,780,-30,-3,second,2,327,-38,-4,zero,0,1151,0,-7
1587086693269556959,first,1,753,-27,-2,second,2,291,-35,-2,zero,0,1131,-17,-9
1587086693397488149,first,1,707,-21,-3,second,2,231,-28,-5,zero,0,1082,-20,0
1587086693461548914,first,1,687,-20,-4,second,2,202,-28,-4,zero,0,1085,0,2
1587086693589479429,first,1,650,-17,-1,second,2,149,-25,-1,zero,0,1075,-11,-8
1587086693653499676,first,1,635,-15,-2,second,2,127,-21,-2,zero,0,1052,-20,-3
1587086693781504645,first,1,604,-14,-4,second,2,97,-13,-2,zero,0,1042,2,1
1587086693909440961,first,1,576,-12,-1,second,2,75,-10,-1,zero,0,1042,-5,-5
1587086693973438321,first,1,566,-10,-1,second,2,65,-9,-2,zero,0,1029,-12,-1
1587086694101530300,first,1,548,-8,-1,second,2,45,-9,-2,zero,0,1029,2,0
1587086694165579189,first,1,543,-6,0,second,2,36,-9,-1,zero,0,1029,0,0
1587086694293465295,first,1,543,0,0,second,2,26,-3,0,zero,0,1026,0,0
1587086694357448471,first,1,543,0,0,second,2,26,0,0,zero,0,1026,0,0
1587086694485429820,first,1,543,0,-1,second,2,26,0,0,zero,0,1026,0,0
1587086694614032163,first,1,543,0,0,second,2,26,0,0,zero,0,1026,0,0
1587086694676873120,first,1,543,0,0,second,2,26,0,0,zero,0,1026,0,0
1587086694805538610,first,1,543,0,0,second,2,26,0,0,zero,0,1027,0,0
1587086694869634843,first,1,543,0,0,second,2,26,0,0,zero,0,1029,0,0
1587086694997499811,first,1,543,0,0,second,2,26,0,0,zero,0,1035,2,1
1587086695061611057,first,1,543,0,-1,second,2,27,0,0,zero,0,1047,10,1
1587086695189660969,first,1,543,0,0,second,2,33,2,1,zero,0,1057,0,0
1587086695253312140,first,1,543,0,0,second,2,48,12,2,zero,0,1061,1,3
1587086695381446721,first,1,546,0,2,second,2,104,27,1,zero,0,1100,21,1
1587086695509371041,first,1,588,22,4,second,2,130,4,0,zero,0,1115,0,0
1587086695573411223,first,1,624,32,1,second,2,135,2,1,zero,0,1119,1,4
1587086695700645595,first,1,661,11,0,second,2,183,28,6,zero,0,1171,31,4
1587086695764485388,first,1,662,0,0,second,2,229,43,7,zero,0,1198,27,2
1587086695893515528,first,1,687,14,4,second,2,351,61,1,zero,0,1201,0,8
1587086695956525387,first,1,722,28,5,second,2,402,51,14,zero,0,1222,18,12
1587086696085295040,first,1,831,55,4,second,2,420,2,0,zero,0,1295,33,3
1587086696213279951,first,1,950,58,-25,second,2,455,24,8,zero,0,1305,3,9
1587086696277402205,first,1,966,23,0,second,2,506,48,10,zero,0,1336,27,13
1587086696405297654,first,1,960,-3,0,second,2,670,87,7,zero,0,1425,40,4
1587086696469590157,first,1,967,2,6,second,2,769,96,4,zero,0,1431,6,-3
1587086696597351156,first,1,1046,43,12,second,2,884,32,-2,zero,0,1456,21,15
1587086696661229285,first,1,1118,64,8,second,2,890,6,-3,zero,0,1506,46,9
1587086696789253728,first,1,1286,84,1,second,2,910,15,9,zero,0,1558,8,-3
1587086696853386058,first,1,1350,73,12,second,2,953,39,13,zero,0,1562,1,6
1587086696981259587,first,1,1368,3,-6,second,2,1112,89,9,zero,0,1632,45,9
1587086697109282028,first,1,1367,0,5,second,2,1323,107,2,zero,0,1682,7,-1
1587086697173328683,first,1,1393,18,10,second,2,1409,87,7,zero,0,1684,0,10
1587086697301355170,first,1,1510,62,9,second,2,1444,2,-6,zero,0,1758,46,7
1587086697365251269,first,1,1593,78,6,second,2,1438,-5,-1,zero,0,1801,43,-21
1587086697493324534,first,1,1748,76,13,second,2,1458,18,9,zero,0,1808,0,4
1587086697557306394,first,1,1770,33,-12,second,2,1507,46,12,zero,0,1826,15,11
1587086697685397278,first,1,1746,-13,-2,second,2,1671,90,9,zero,0,1903,37,6
1587086697813202314,first,1,1750,5,7,second,2,1851,82,-31,zero,0,1907,-1,5
1587086697877305674,first,1,1782,25,10,second,2,1882,31,-3,zero,0,1925,15,11
1587086698005204121,first,1,1906,64,4,second,2,1874,-7,-1,zero,0,1997,34,-15
1587086698069258694,first,1,1983,74,1,second,2,1870,-4,4,zero,0,2001,4,-2
1587086698197274514,first,1,2065,29,-10,second,2,1921,34,7,zero,0,2016,13,10
1587086698261198057,first,1,2060,1,-7,second,2,1977,53,6,zero,0,2051,33,8
1587086698389271182,first,1,2034,-12,0,second,2,2128,76,1,zero,0,2081,0,-7
1587086698453072525,first,1,2041,1,5,second,2,2192,63,14,zero,0,2073,-8,1
1587086698581314367,first,1,2104,34,4,second,2,2211,0,-6,zero,0,2118,29,7
1587086698709323458,first,1,2213,54,1,second,2,2195,-4,1,zero,0,2150,3,-1
1587086698773485379,first,1,2255,48,4,second,2,2211,12,7,zero,0,2152,0,7
1587086698901226156,first,1,2264,0,-4,second,2,2300,51,7,zero,0,2216,40,4
1587086698965318724,first,1,2258,-6,0,second,2,2368,65,5,zero,0,2251,35,7
1587086699093305086,first,1,2285,14,6,second,2,2512,66,-8,zero,0,2255,0,8
1587086699157269558,first,1,2324,32,7,second,2,2535,23,-6,zero,0,2280,20,13
1587086699285579978,first,1,2442,60,3,second,2,2542,1,2,zero,0,2368,41,-7
1587086699413621557,first,1,2564,59,11,second,2,2603,39,11,zero,0,2376,0,5
1587086699477242840,first,1,2580,24,-4,second,2,2671,63,10,zero,0,2396,16,14
1587086699605198125,first,1,2572,-5,0,second,2,2853,93,6,zero,0,2480,40,2
1587086699669501790,first,1,2580,2,7,second,2,2938,85,-7,zero,0,2486,6,0
1587086699797184848,first,1,2659,44,9,second,2,2980,8,-3,zero,0,2521,26,15
1587086699861190945,first,1,2728,61,6,second,2,2980,0,0,zero,0,2572,50,7
1587086699989144851,first,1,2870,71,8,second,2,3015,26,11,zero,0,2623,7,-2
1587086700053074346,first,1,2891,31,1,second,2,3073,55,14,zero,0,2624,0,6
1587086700181226222,first,1,2890,-1,0,second,2,3263,101,8,zero,0,2695,45,7
1587086700309101227,first,1,2923,18,12,second,2,3457,88,10,zero,0,2744,7,-2
1587086700373087372,first,1,2976,43,12,second,2,3493,36,-2,zero,0,2746,0,5
1587086700501065250,first,1,3148,88,7,second,2,3496,-2,-1,zero,0,2814,44,9
1587086700565077313,first,1,3229,87,-12,second,2,3499,0,7,zero,0,2855,41,6
1587086700693130710,first,1,3262,9,-5,second,2,3578,50,10,zero,0,2861,0,5
1587086700757028985,first,1,3253,-4,-3,second,2,3651,72,8,zero,0,2881,16,13
1587086700885237681,first,1,3254,1,6,second,2,3812,76,-7,zero,0,2955,34,-6
1587086701013221600,first,1,3328,40,8,second,2,3845,5,-2,zero,0,2957,-2,4
1587086701077163693,first,1,3391,59,3,second,2,3845,0,0,zero,0,2968,8,7
1587086701205340868,first,1,3509,56,5,second,2,3868,16,6,zero,0,3016,23,0
1587086701269089463,first,1,3524,23,0,second,2,3906,35,8,zero,0,3016,0,-1
1587086701396939995,first,1,3507,-10,-2,second,2,4029,65,1,zero,0,3025,9,8
1587086701460926522,first,1,3500,-9,0,second,2,4085,56,-3,zero,0,3049,22,1
1587086701589106123,first,1,3531,18,6,second,2,4103,0,-5,zero,0,3065,0,-3
1587086701652970983,first,1,3570,34,3,second,2,4096,-5,-3,zero,0,3057,-8,0
1587086701781084392,first,1,3617,15,-2,second,2,4082,-3,0,zero,0,3072,9,1
1587086701909017971,first,1,3606,-5,-1,second,2,4102,13,1,zero,0,3071,-4,-3
1587086701972986268,first,1,3595,-9,-1,second,2,4122,19,2,zero,0,3066,-5,0
1587086702101039602,first,1,3590,0,0,second,2,4124,0,-1,zero,0,3074,5,0
1587086702164990081,first,1,3590,0,0,second,2,4123,0,-2,zero,0,3074,0,-1
1587086702292905072,first,1,3590,0,0,second,2,4123,0,-1,zero,0,3073,0,0
1587086702356826087,first,1,3590,0,0,second,2,4123,0,0,zero,0,3073,0,0
1587086702485355411,first,1,3590,0,0,second,2,4123,0,-1,zero,0,3073,0,-1
1587086702612894635,first,1,3590,0,0,second,2,4124,0,-2,zero,0,3073,0,0
1587086702677132658,first,1,3590,0,0,second,2,4123,0,-2,zero,0,3072,0,-3
1587086702805562284,first,1,3590,0,0,second,2,4123,0,-2,zero,0,3055,-10,-1
1587086702869147743,first,1,3590,0,0,second,2,4122,0,-2,zero,0,3049,-5,0
1587086702997015650,first,1,3591,0,0,second,2,4101,-11,-2,zero,0,3045,-1,-7
1587086703060862945,first,1,3590,0,0,second,2,4088,-12,-2,zero,0,3033,-10,-6
1587086703189139255,first,1,3589,0,-3,second,2,4059,-13,-4,zero,0,3005,-12,-1
1587086703252866850,first,1,3580,-5,-3,second,2,4044,-13,-3,zero,0,2999,-6,-2
1587086703381029982,first,1,3546,-16,-4,second,2,4012,-14,-5,zero,0,2971,-16,-7
1587086703508943344,first,1,3504,-19,-5,second,2,3970,-21,-6,zero,0,2928,-20,-2
1587086703572859923,first,1,3482,-20,-3,second,2,3940,-28,-8,zero,0,2909,-18,-1
1587086703700805768,first,1,3438,-20,-5,second,2,3864,-37,-8,zero,0,2879,-14,-4
1587086703764850407,first,1,3415,-21,-3,second,2,3821,-40,-6,zero,0,2861,-15,-4
1587086703892797344,first,1,3362,-25,-5,second,2,3736,-41,-7,zero,0,2812,-23,-3
1587086703956875989,first,1,3331,-28,-7,second,2,3692,-42,-6,zero,0,2786,-24,-3
1587086704084781456,first,1,3256,-37,-7,second,2,3603,-43,-7,zero,0,2739,-23,-3
1587086704212905171,first,1,3176,-39,-5,second,2,3511,-46,-7,zero,0,2689,-23,-6
1587086704276704244,first,1,3137,-39,-7,second,2,3461,-48,-6,zero,0,2662,-25,-1
1587086704404800861,first,1,3059,-38,-4,second,2,3355,-52,-9,zero,0,2605,-26,-1
1587086704468781253,first,1,3020,-37,-7,second,2,3300,-52,-9,zero,0,2579,-26,-1
1587086704596772863,first,1,2942,-37,-6,second,2,3183,-58,-8,zero,0,2539,-17,-3
1587086704660816693,first,1,2903,-37,-5,second,2,3124,-58,-5,zero,0,2519,-18,-7
1587086704788759334,first,1,2825,-38,-5,second,2,3012,-53,-4,zero,0,2459,-30,-4
1587086704852791121,first,1,2785,-38,-7,second,2,2961,-50,-5,zero,0,2428,-31,-1
1587086704980922098,first,1,2703,-39,-6,second,2,2865,-46,-6,zero,0,2406,-2,-4
1587086705108926823,first,1,2627,-37,-3,second,2,2779,-40,-6,zero,0,2349,-36,-12
1587086705173239087,first,1,2592,-35,-4,second,2,2739,-39,-6,zero,0,2305,-42,-1
1587086705301232979,first,1,2519,-35,-4,second,2,2655,-40,-7,zero,0,2277,-1,0
1587086705365170965,first,1,2483,-35,-2,second,2,2608,-43,-7,zero,0,2271,-2,-9
1587086705492993726,first,1,2419,-30,-3,second,2,2513,-46,-6,zero,0,2213,-33,-5
1587086705556854438,first,1,2391,-28,-3,second,2,2464,-46,-8,zero,0,2188,-26,0
1587086705685098774,first,1,2334,-27,-3,second,2,2370,-45,-3,zero,0,2181,-3,-11
1587086705812951337,first,1,2278,-27,-5,second,2,2297,-32,-2,zero,0,2116,-37,-5
1587086705876954994,first,1,2248,-27,-3,second,2,2268,-28,-4,zero,0,2087,-29,0
1587086706004792617,first,1,2187,-29,-4,second,2,2209,-28,-4,zero,0,2090,2,-7
1587086706069066930,first,1,2158,-29,-3,second,2,2178,-28,-5,zero,0,2072,-16,-12
1587086706196854381,first,1,2111,-21,-1,second,2,2119,-28,-5,zero,0,2046,0,-1
1587086706260926061,first,1,2094,-17,-1,second,2,2088,-28,-5,zero,0,2040,-3,-10
1587086706388888047,first,1,2063,-14,-1,second,2,2030,-28,-5,zero,0,1980,-34,-4
1587086706452851704,first,1,2047,-14,-3,second,2,2001,-28,-5,zero,0,1955,-25,-1
1587086706580738379,first,1,2008,-18,-5,second,2,1939,-29,-5,zero,0,1949,-2,-10
1587086706708741872,first,1,1964,-20,-4,second,2,1878,-29,-6,zero,0,1886,-36,-3
1587086706772809858,first,1,1940,-21,-5,second,2,1846,-30,-7,zero,0,1861,-25,-3
1587086706900730899,first,1,1883,-27,-5,second,2,1774,-35,-6,zero,0,1847,-9,-12
1587086706964795029,first,1,1850,-30,-4,second,2,1734,-38,-7,zero,0,1817,-28,-13
1587086707092689129,first,1,1781,-33,-6,second,2,1649,-42,-8,zero,0,1742,-31,2
1587086707156576559,first,1,1745,-35,-6,second,2,1600,-47,-10,zero,0,1741,-1,0
1587086707284582109,first,1,1670,-36,-4,second,2,1487,-56,-5,zero,0,1706,-26,-14
1587086707412640170,first,1,1596,-36,-5,second,2,1375,-55,-7,zero,0,1625,-34,-1
1587086707476846520,first,1,1556,-38,-6,second,2,1322,-54,-5,zero,0,1621,-4,-1
1587086707604985284,first,1,1475,-39,-5,second,2,1218,-50,-4,zero,0,1572,-33,-12
1587086707668052404,first,1,1436,-39,-5,second,2,1169,-48,-6,zero,0,1523,-47,-5
1587086707797074588,first,1,1355,-39,-8,second,2,1076,-46,-8,zero,0,1484,-2,0
1587086707860796606,first,1,1313,-40,-6,second,2,1027,-48,-6,zero,0,1478,-4,-11
1587086707988701444,first,1,1237,-36,-4,second,2,922,-50,-8,zero,0,1402,-44,-8
1587086708052772503,first,1,1200,-36,-4,second,2,871,-50,-9,zero,0,1367,-35,-3
1587086708180715157,first,1,1123,-36,-5,second,2,761,-52,-6,zero,0,1359,-3,-11
1587086708308770927,first,1,1050,-36,-4,second,2,659,-50,-6,zero,0,1281,-44,-6
1587086708372766467,first,1,1012,-36,-5,second,2,611,-47,-4,zero,0,1245,-36,2
1587086708500742844,first,1,937,-36,-3,second,2,518,-45,-5,zero,0,1245,1,-10
1587086708564713908,first,1,899,-36,-2,second,2,474,-43,-5,zero,0,1224,-18,-12
1587086708692646919,first,1,832,-33,-5,second,2,395,-38,-5,zero,0,1155,-30,-1
1587086708756702810,first,1,799,-31,-2,second,2,359,-36,-6,zero,0,1155,0,0
1587086708884835123,first,1,741,-28,-1,second,2,290,-33,-2,zero,0,1131,-17,-8
1587086709012858901,first,1,700,-18,-1,second,2,230,-28,-5,zero,0,1082,-21,1
1587086709077030838,first,1,684,-16,-3,second,2,201,-28,-5,zero,0,1084,0,2
1587086709204540438,first,1,651,-15,-1,second,2,145,-26,-1,zero,0,1075,-10,-7
1587086709268488426,first,1,635,-15,-3,second,2,121,-23,-1,zero,0,1053,-19,-3
1587086709396441503,first,1,603,-15,-2,second,2,87,-15,-2,zero,0,1044,2,2
1587086709460548816,first,1,587,-15,-3,second,2,74,-11,-1,zero,0,1050,5,-6
1587086709588553567,first,1,562,-10,-1,second,2,59,-6,-1,zero,0,1029,-10,0
1587086709652535488,first,1,553,-9,-1,second,2,51,-6,-2,zero,0,1030,0,0
1587086709780604684,first,1,538,-6,0,second,2,32,-8,-1,zero,0,1029,0,0
1587086709908679655,first,1,538,0,0,second,2,23,-3,0,zero,0,1026,0,0
1587086709972632032,first,1,538,0,0,second,2,23,0,0,zero,0,1026,0,0
1587086710100521829,first,1,538,0,0,second,2,22,0,0,zero,0,1026,0,0
1587086710164566552,first,1,539,0,0,second,2,22,0,0,zero,0,1026,0,0
1587086710292427792,first,1,539,0,0,second,2,22,0,0,zero,0,1026,0,0
1587086710356519919,first,1,538,0,0,second,2,22,0,0,zero,0,1026,0,0
1587086710484431443,first,1,539,0,0,second,2,23,0,0,zero,0,1029,0,0
1587086710612446990,first,1,538,0,0,second,2,23,0,0,zero,0,1034,2,3
1587086710676740392,first,1,538,0,0,second,2,23,0,0,zero,0,1049,12,3
1587086710804750209,first,1,538,0,0,second,2,46,15,1,zero,0,1062,0,-2
1587086710868393884,first,1,539,0,0,second,2,71,23,1,zero,0,1060,-2,4
1587086710996361829,first,1,557,9,1,second,2,95,3,0,zero,0,1102,25,1
1587086711060442086,first,1,581,19,2,second,2,98,0,1,zero,0,1123,22,0
1587086711188326427,first,1,637,27,2,second,2,148,29,5,zero,0,1123,0,3
1587086711252504210,first,1,641,8,0,second,2,194,44,2,zero,0,1137,11,7
1587086711380487455,first,1,647,1,3,second,2,294,46,6,zero,0,1192,25,-9
1587086711508309787,first,1,703,29,4,second,2,309,0,0,zero,0,1200,3,8
1587086711572474741,first,1,748,40,4,second,2,312,0,1,zero,0,1226,23,11
1587086711700411043,first,1,833,41,-16,second,2,368,35,9,zero,0,1305,36,-16
1587086711764462738,first,1,841,14,0,second,2,431,59,11,zero,0,1314,7,-1
1587086711892412081,first,1,860,10,4,second,2,604,88,2,zero,0,1336,19,13
1587086711956464348,first,1,890,24,7,second,2,682,78,9,zero,0,1381,43,7
1587086712084339907,first,1,1006,61,8,second,2,720,7,0,zero,0,1431,8,-3
1587086712212473948,first,1,1152,74,-10,second,2,747,21,9,zero,0,1456,20,13
1587086712276447400,first,1,1173,31,-4,second,2,794,44,9,zero,0,1500,42,9
1587086712404371563,first,1,1178,0,1,second,2,958,90,10,zero,0,1585,33,-15
1587086712468558389,first,1,1196,11,6,second,2,1064,103,6,zero,0,1588,3,-2
1587086712596394431,first,1,1292,51,9,second,2,1195,39,3,zero,0,1614,21,12
1587086712660487820,first,1,1368,71,8,second,2,1207,11,-2,zero,0,1663,46,9
1587086712788367722,first,1,1533,83,-2,second,2,1230,17,9,zero,0,1712,7,-5
1587086712852303698,first,1,1561,39,0,second,2,1275,44,10,zero,0,1712,0,7
1587086712980302017,first,1,1558,-3,-1,second,2,1438,89,7,zero,0,1779,42,8
1587086713108388172,first,1,1577,11,8,second,2,1618,84,-12,zero,0,1826,7,-1
1587086713172364871,first,1,1619,33,11,second,2,1650,33,-1,zero,0,1827,0,6
1587086713300464570,first,1,1763,73,4,second,2,1655,0,-1,zero,0,1888,38,8
1587086713364348948,first,1,1831,73,19,second,2,1659,1,3,zero,0,1925,37,-7
1587086713492310967,first,1,1856,7,-2,second,2,1733,48,8,zero,0,1931,0,5
1587086713556422461,first,1,1853,-1,-1,second,2,1804,68,8,zero,0,1946,13,9
1587086713684280126,first,1,1859,1,5,second,2,1955,71,4,zero,0,2010,30,-9
1587086713812302948,first,1,1931,38,8,second,2,1987,6,-3,zero,0,2014,0,5
1587086713876320198,first,1,1991,55,5,second,2,1986,0,-1,zero,0,2033,18,9
1587086714004207771,first,1,2106,56,-23,second,2,2007,16,5,zero,0,2063,3,-1
1587086714068259345,first,1,2119,21,-6,second,2,2045,35,6,zero,0,2067,1,7
1587086714196213520,first,1,2103,-9,-1,second,2,2170,65,3,zero,0,2126,35,4
1587086714260484467,first,1,2099,-6,2,second,2,2233,61,-34,zero,0,2157,31,-12
1587086714388343847,first,1,2147,26,5,second,2,2257,4,0,zero,0,2159,-2,5
1587086714515915054,first,1,2251,52,1,second,2,2262,2,3,zero,0,2215,37,7
1587086714580295267,first,1,2295,48,0,second,2,2285,20,6,zero,0,2250,35,4
1587086714708270949,first,1,2308,2,0,second,2,2401,67,8,zero,0,2256,0,5
1587086714772211045,first,1,2309,0,0,second,2,2485,81,4,zero,0,2278,18,11
1587086714900147784,first,1,2340,17,10,second,2,2643,70,8,zero,0,2357,38,-1
1587086714964225000,first,1,2390,41,11,second,2,2669,26,2,zero,0,2362,5,-1
1587086715092181424,first,1,2550,82,4,second,2,2675,0,0,zero,0,2396,26,14
1587086715156327820,first,1,2624,80,-2,second,2,2683,4,7,zero,0,2446,48,7
1587086715284295187,first,1,2655,8,-2,second,2,2779,60,12,zero,0,2497,7,-5
1587086715412169253,first,1,2651,-1,2,second,2,2974,102,6,zero,0,2521,20,13
1587086715476176618,first,1,2663,7,6,second,2,3069,94,-7,zero,0,2567,44,7
1587086715604204957,first,1,2758,51,11,second,2,3121,13,0,zero,0,2614,6,-1
1587086715668126769,first,1,2838,72,7,second,2,3121,0,0,zero,0,2618,1,11
1587086715796205841,first,1,2992,76,17,second,2,3153,23,9,zero,0,2704,53,5
1587086715860145953,first,1,3016,34,-12,second,2,3208,53,15,zero,0,2751,47,4
1587086715987514377,first,1,3018,0,0,second,2,3407,108,10,zero,0,2758,-1,3
1587086716115921758,first,1,3049,17,8,second,2,3626,101,-40,zero,0,2811,36,8
1587086716180199619,first,1,3100,42,10,second,2,3671,45,-1,zero,0,2848,37,-15
1587086716308293592,first,1,3272,89,6,second,2,3674,-3,-4,zero,0,2855,0,8
1587086716372224191,first,1,3356,91,9,second,2,3671,-3,2,zero,0,2878,21,12
1587086716500339947,first,1,3395,11,-5,second,2,3719,32,9,zero,0,2957,36,-6
1587086716564396519,first,1,3385,-5,-3,second,2,3776,54,11,zero,0,2962,5,-4
1587086716692180702,first,1,3367,-7,1,second,2,3930,78,1,zero,0,2968,8,8
1587086716756312204,first,1,3380,6,4,second,2,3991,62,-28,zero,0,2994,24,5
1587086716884234754,first,1,3457,41,6,second,2,4012,0,-3,zero,0,3019,1,-2
1587086717012157798,first,1,3568,56,6,second,2,3997,-5,0,zero,0,3027,8,7
1587086717076575420,first,1,3582,22,-3,second,2,4001,1,4,zero,0,3049,20,1
1587086717204171700,first,1,3568,-8,-1,second,2,4051,30,3,zero,0,3061,-2,-4
1587086717268301278,first,1,3561,-8,0,second,2,4091,38,1,zero,0,3054,-7,1
1587086717395154477,first,1,3564,0,2,second,2,4129,7,-2,zero,0,3073,11,0
1587086717460058114,first,1,3577,8,2,second,2,4127,0,-1,zero,0,3071,0,-1
1587086717588195225,first,1,3610,16,0,second,2,4112,-6,-1,zero,0,3068,0,2
1587086717715651082,first,1,3611,0,0,second,2,4108,0,0,zero,0,3072,0,-1
1587086717780065649,first,1,3611,0,0,second,2,4108,0,0,zero,0,3071,0,0
1587086717908021345,first,1,3611,0,0,second,2,4108,0,0,zero,0,3072,0,0
1587086717972127015,first,1,3611,0,0,second,2,4108,0,0,zero,0,3072,0,0
1587086718100184050,first,1,3611,0,0,second,2,4108,0,0,zero,0,3072,0,0
1587086718164084038,first,1,3611,0,0,second,2,4108,0,0,zero,0,3072,0,-1
1587086718292014512,first,1,3611,0,0,second,2,4109,0,0,zero,0,3071,0,-2
1587086718356011476,first,1,3611,0,0,second,2,4108,0,0,zero,0,3062,-6,-2
1587086718483912086,first,1,3611,0,-2,second,2,4108,0,0,zero,0,3055,0,-1
1587086718612143281,first,1,3611,0,-2,second,2,4108,0,-1,zero,0,3041,-8,-3
1587086718676092080,first,1,3611,0,-2,second,2,4107,0,-2,zero,0,3028,-12,-1
1587086718804021515,first,1,3601,-5,-1,second,2,4094,-8,-5,zero,0,3010,-7,-4
1587086718867935371,first,1,3587,-11,-2,second,2,4078,-13,-6,zero,0,2997,-11,-5
1587086718996024338,first,1,3555,-14,-3,second,2,4032,-23,-5,zero,0,2966,-14,-1
1587086719060020948,first,1,3536,-16,-3,second,2,4001,-29,-5,zero,0,2952,-14,-2
1587086719188017734,first,1,3493,-20,-6,second,2,3929,-35,-5,zero,0,2918,-16,-2
1587086719315882162,first,1,3442,-24,-6,second,2,3850,-38,-5,zero,0,2877,-19,-4
1587086719379870388,first,1,3412,-27,-6,second,2,3810,-39,-5,zero,0,2854,-20,-2
1587086719507932412,first,1,3342,-34,-6,second,2,3733,-37,-6,zero,0,2813,-19,-4
1587086719571960222,first,1,3305,-36,-6,second,2,3692,-38,-8,zero,0,2793,-19,-6
1587086719699940865,first,1,3231,-36,-3,second,2,3603,-43,-7,zero,0,2744,-24,-7
1587086719763975463,first,1,3197,-35,-3,second,2,3555,-47,-7,zero,0,2713,-28,-3
1587086719891926825,first,1,3125,-34,-3,second,2,3451,-51,-8,zero,0,2656,-27,-1
1587086719955950986,first,1,3090,-34,-4,second,2,3391,-57,-10,zero,0,2637,-19,-1
1587086720084002459,first,1,3015,-36,-5,second,2,3273,-58,-6,zero,0,2603,-17,-6
1587086720211929156,first,1,2936,-37,-5,second,2,3167,-51,-5,zero,0,2535,-34,-5
1587086720275874934,first,1,2896,-38,-6,second,2,3119,-48,-5,zero,0,2503,-32,-1
1587086720403933992,first,1,2818,-38,-6,second,2,3026,-45,-7,zero,0,2482,-2,-6
1587086720468009394,first,1,2779,-38,-6,second,2,2977,-46,-5,zero,0,2460,-18,-13
1587086720595821527,first,1,2706,-35,-5,second,2,2885,-44,-7,zero,0,2379,-41,-1
1587086720659853788,first,1,2670,-35,-4,second,2,2838,-44,-9,zero,0,2351,-28,5
1587086720787937851,first,1,2597,-35,-5,second,2,2737,-48,-7,zero,0,2343,-4,-10
1587086720915934307,first,1,2525,-34,-2,second,2,2638,-47,-6,zero,0,2273,-40,-6
1587086720979898395,first,1,2490,-34,-5,second,2,2591,-46,-6,zero,0,2241,-30,3
1587086721107871982,first,1,2420,-33,-4,second,2,2499,-44,-5,zero,0,2234,-2,-7
1587086721171850210,first,1,2386,-33,-4,second,2,2454,-43,-4,zero,0,2210,-21,-11
1587086721299855176,first,1,2320,-32,-2,second,2,2376,-36,-5,zero,0,2149,-26,0
1587086721363846511,first,1,2288,-31,-4,second,2,2340,-35,-4,zero,0,2148,0,-1
1587086721491885418,first,1,2230,-27,-1,second,2,2270,-33,-6,zero,0,2119,-21,-10
1587086721555830401,first,1,2209,-22,-2,second,2,2237,-33,-5,zero,0,2080,-36,-6
1587086721683939398,first,1,2170,-18,-4,second,2,2171,-31,-6,zero,0,2054,0,1
1587086721811877053,first,1,2130,-18,-4,second,2,2109,-29,-3,zero,0,2048,-5,-11
1587086721875143765,first,1,2109,-18,-3,second,2,2080,-26,-3,zero,0,2024,-21,-9
1587086722003952459,first,1,2067,-19,-6,second,2,2027,-25,-6,zero,0,1973,-20,-1
1587086722067892913,first,1,2044,-21,-4,second,2,1999,-27,-5,zero,0,1971,0,-1
1587086722196116059,first,1,1997,-21,-3,second,2,1938,-28,-5,zero,0,1937,-22,-10
1587086722259981874,first,1,1976,-20,-3,second,2,1908,-29,-5,zero,0,1902,-32,-4
1587086722388092752,first,1,1933,-20,-6,second,2,1840,-33,-5,zero,0,1877,-1,-3
1587086722515920333,first,1,1876,-26,-5,second,2,1762,-38,-4,zero,0,1836,-28,-12
1587086722579810561,first,1,1846,-28,-7,second,2,1722,-38,-6,zero,0,1794,-39,-5
1587086722707814829,first,1,1773,-36,-6,second,2,1635,-43,-8,zero,0,1764,-2,0
1587086722771744054,first,1,1732,-38,-4,second,2,1586,-48,-6,zero,0,1757,-4,-12
1587086722899784485,first,1,1660,-35,-5,second,2,1482,-51,-6,zero,0,1683,-43,-7
1587086722963799349,first,1,1624,-34,-6,second,2,1431,-51,-6,zero,0,1650,-33,-2
1587086723091778666,first,1,1548,-36,-4,second,2,1321,-53,-8,zero,0,1640,-5,-14
1587086723155744063,first,1,1510,-36,-5,second,2,1267,-54,-5,zero,0,1606,-31,-15
1587086723283744199,first,1,1436,-36,-7,second,2,1164,-50,-7,zero,0,1515,-39,-1
1587086723411774027,first,1,1354,-40,-5,second,2,1065,-49,-6,zero,0,1505,-4,-13
1587086723475672670,first,1,1315,-39,-5,second,2,1014,-49,-6,zero,0,1474,-27,-16
1587086723603764354,first,1,1239,-37,-5,second,2,917,-47,-7,zero,0,1392,-34,0
1587086723667746532,first,1,1200,-37,-6,second,2,867,-47,-7,zero,0,1389,-2,0
1587086723795751274,first,1,1124,-37,-4,second,2,766,-49,-6,zero,0,1353,-27,-16
1587086723859629934,first,1,1088,-36,-6,second,2,717,-48,-7,zero,0,1305,-45,-7
1587086723987636021,first,1,1014,-36,-4,second,2,623,-46,-8,zero,0,1268,-2,0
1587086724115630999,first,1,938,-37,-3,second,2,522,-48,-5,zero,0,1238,-23,-14
1587086724179702413,first,1,903,-35,-4,second,2,477,-44,-3,zero,0,1196,-40,-7
1587086724307618774,first,1,835,-33,-4,second,2,392,-41,-6,zero,0,1167,0,1
1587086724371598630,first,1,800,-33,-3,second,2,350,-41,-6,zero,0,1169,1,-9
1587086724499703621,first,1,738,-30,-2,second,2,277,-34,-4,zero,0,1120,-29,-5
1587086724563999466,first,1,712,-25,-4,second,2,246,-30,-3,zero,0,1097,-23,-1
1587086724691617540,first,1,671,-19,-1,second,2,189,-28,-3,zero,0,1095,0,-5
1587086724755881627,first,1,655,-16,-2,second,2,162,-26,-2,zero,0,1080,-12,-8
1587086724883628260,first,1,627,-13,-2,second,2,113,-23,-1,zero,0,1046,-12,2
1587086725011926852,first,1,597,-13,-3,second,2,78,-14,-1,zero,0,1051,1,-6
1587086725075657743,first,1,582,-13,-1,second,2,73,-5,0,zero,0,1040,-8,-3
1587086725203612203,first,1,557,-12,-1,second,2,73,0,-2,zero,0,1032,0,0
1587086725267667410,first,1,551,-7,0,second,2,73,0,-3,zero,0,1032,0,0
1587086725395668178,first,1,551,0,0,second,2,73,0,-3,zero,0,1032,0,0
1587086725459570182,first,1,551,0,0,second,2,73,0,-3,zero,0,1032,0,0
1587086725587657732,first,1,551,0,0,second,2,73,0,-3,zero,0,1029,0,0
1587086725715611493,first,1,551,0,0,second,2,65,-4,-3,zero,0,1029,0,-1
1587086725779958651,first,1,551,0,0,second,2,54,-9,-2,zero,0,1029,0,-1
1587086725907590894,first,1,551,0,0,second,2,31,-10,-1,zero,0,1029,0,0
1587086725970788605,first,1,551,0,0,second,2,27,-4,0,zero,0,1029,0,0
1587086726099811114,first,1,551,0,0,second,2,27,0,0,zero,0,1030,0,0
1587086726163759189,first,1,551,0,0,second,2,27,0,0,zero,0,1031,0,0
1587086726291820566,first,1,551,0,-1,second,2,28,0,0,zero,0,1049,11,1
1587086726355812588,first,1,551,0,-1,second,2,33,2,1,zero,0,1062,13,0
1587086726483730872,first,1,551,0,0,second,2,75,23,1,zero,0,1065,0,1
1587086726611814720,first,1,556,1,1,second,2,100,3,0,zero,0,1100,20,1
1587086726675748250,first,1,572,10,3,second,2,100,0,0,zero,0,1118,18,3
1587086726803815960,first,1,630,29,1,second,2,124,17,4,zero,0,1122,2,5
1587086726867775917,first,1,654,27,2,second,2,161,34,4,zero,0,1141,17,8
1587086726995759693,first,1,661,0,1,second,2,275,59,2,zero,0,1196,25,2
1587086727059681483,first,1,676,9,6,second,2,342,65,1,zero,0,1198,2,0
1587086727187757970,first,1,750,38,6,second,2,414,19,0,zero,0,1228,22,10
1587086727315877901,first,1,870,60,1,second,2,420,1,3,zero,0,1301,34,4
1587086727379661395,first,1,919,56,-5,second,2,442,18,6,zero,0,1306,5,0
1587086727507643249,first,1,936,3,-2,second,2,552,62,8,zero,0,1339,22,11
1587086727571690426,first,1,936,0,0,second,2,634,79,6,zero,0,1385,43,4
1587086727699700573,first,1,965,16,9,second,2,802,77,-9,zero,0,1429,7,-2
1587086727763626861,first,1,1013,39,10,second,2,831,30,-15,zero,0,1433,1,6
1587086727891783661,first,1,1165,78,4,second,2,839,0,0,zero,0,1503,44,8
1587086727955715565,first,1,1237,78,-2,second,2,847,5,6,zero,0,1546,41,3
1587086728083581757,first,1,1266,8,-2,second,2,947,62,12,zero,0,1556,2,10
1587086728211470659,first,1,1263,0,2,second,2,1141,102,4,zero,0,1635,48,8
1587086728275406630,first,1,1280,10,9,second,2,1246,105,1,zero,0,1679,44,-18
1587086728403491119,first,1,1392,61,13,second,2,1363,34,-14,zero,0,1687,0,7
1587086728467505842,first,1,1486,86,8,second,2,1370,7,-3,zero,0,1709,19,14
1587086728595725712,first,1,1670,92,11,second,2,1374,3,8,zero,0,1797,42,5
1587086728659493030,first,1,1702,44,-15,second,2,1403,27,12,zero,0,1806,8,-3
1587086728787474330,first,1,1691,-8,-3,second,2,1548,84,12,zero,0,1824,15,12
1587086728915365685,first,1,1686,0,6,second,2,1736,89,-22,zero,0,1899,35,4
1587086728979338164,first,1,1710,16,10,second,2,1771,36,1,zero,0,1904,4,-2
1587086729107462926,first,1,1822,58,6,second,2,1777,0,-2,zero,0,1926,18,12
1587086729171348586,first,1,1893,67,3,second,2,1777,0,1,zero,0,1967,38,5
1587086729299568533,first,1,1967,25,-3,second,2,1835,39,10,zero,0,2006,5,-6
1587086729363365662,first,1,1965,2,-2,second,2,1902,64,10,zero,0,2004,-1,4
1587086729491368022,first,1,1965,0,2,second,2,2059,75,-9,zero,0,2046,27,6
1587086729555418525,first,1,1985,13,7,second,2,2087,28,-14,zero,0,2074,28,-2
1587086729683353680,first,1,2077,48,3,second,2,2094,0,0,zero,0,2068,-3,6
1587086729811409461,first,1,2137,20,1,second,2,2102,4,5,zero,0,2121,34,6
1587086729875372006,first,1,2137,2,-2,second,2,2126,21,6,zero,0,2155,33,3
1587086730003332422,first,1,2139,0,1,second,2,2230,57,5,zero,0,2158,-1,5
1587086730067398595,first,1,2155,9,4,second,2,2300,66,1,zero,0,2177,15,12
1587086730195399236,first,1,2231,40,9,second,2,2379,20,1,zero,0,2248,33,-6
1587086730259374383,first,1,2295,56,5,second,2,2381,2,0,zero,0,2253,4,-1
1587086730387343519,first,1,2416,60,-1,second,2,2415,23,7,zero,0,2279,20,13
1587086730515423516,first,1,2432,2,-2,second,2,2534,67,8,zero,0,2361,38,4
1587086730579303208,first,1,2429,-3,0,second,2,2623,84,6,zero,0,2366,5,-1
1587086730707344838,first,1,2460,17,7,second,2,2801,81,-33,zero,0,2395,23,14
1587086730771359456,first,1,2504,36,10,second,2,2835,33,2,zero,0,2446,48,9
1587086730899261905,first,1,2651,75,6,second,2,2842,0,0,zero,0,2500,9,-2
1587086730963474223,first,1,2734,82,1,second,2,2849,4,5,zero,0,2499,0,7
1587086731091455177,first,1,2820,31,-7,second,2,2937,55,12,zero,0,2568,45,10
1587086731155269171,first,1,2817,2,-5,second,2,3023,81,12,zero,0,2613,45,11
1587086731283297532,first,1,2816,0,4,second,2,3243,113,2,zero,0,2621,0,9
1587086731411299377,first,1,2885,38,10,second,2,3379,41,0,zero,0,2694,47,10
1587086731475483733,first,1,2957,63,11,second,2,3387,8,-6,zero,0,2739,45,4
1587086731603277232,first,1,3132,90,-1,second,2,3387,0,3,zero,0,2749,0,6
1587086731667292455,first,1,3165,45,2,second,2,3409,19,6,zero,0,2771,19,12
1587086731795278578,first,1,3161,-4,-2,second,2,3523,65,8,zero,0,2854,38,-6
1587086731859231256,first,1,3156,-7,2,second,2,3607,83,6,zero,0,2859,6,-1
1587086731987184077,first,1,3200,24,6,second,2,3775,76,9,zero,0,2879,18,12
1587086732115242242,first,1,3321,64,6,second,2,3807,5,-5,zero,0,2955,35,2
1587086732179292769,first,1,3404,78,4,second,2,3806,0,0,zero,0,2960,5,-6
1587086732307258236,first,1,3501,35,0,second,2,3836,22,7,zero,0,2968,9,9
1587086732371305509,first,1,3500,5,-8,second,2,3883,44,6,zero,0,2993,24,4
1587086732499215109,first,1,3474,-13,0,second,2,4021,72,1,zero,0,3015,0,-4
1587086732563172053,first,1,3477,0,4,second,2,4083,62,9,zero,0,3013,-2,3
1587086732691342246,first,1,3525,25,3,second,2,4103,0,-7,zero,0,3048,20,1
1587086732755218493,first,1,3568,38,2,second,2,4091,-10,-5,zero,0,3064,16,1
1587086732883209532,first,1,3615,15,-3,second,2,4073,-5,0,zero,0,3052,-7,2
1587086733011171801,first,1,3597,-9,-2,second,2,4079,2,2,zero,0,3073,12,0
1587086733075157682,first,1,3582,-13,-1,second,2,4092,11,1,zero,0,3071,0,-3
1587086733203264154,first,1,3576,0,0,second,2,4101,0,0,zero,0,3068,0,0
1587086733267129848,first,1,3576,0,0,second,2,4101,0,0,zero,0,3069,0,0
1587086733395236717,first,1,3576,0,0,second,2,4102,0,0,zero,0,3072,0,0
1587086733459190120,first,1,3576,0,0,second,2,4101,0,0,zero,0,3073,0,0
1587086733587248619,first,1,3576,0,0,second,2,4101,0,0,zero,0,3075,0,0
1587086733715314336,first,1,3578,0,0,second,2,4101,0,0,zero,0,3075,0,-1
1587086733779194221,first,1,3578,0,0,second,2,4101,0,0,zero,0,3075,0,-1
1587086733906526544,first,1,3578,0,0,second,2,4101,0,0,zero,0,3071,-2,-1
1587086733971449961,first,1,3578,0,0,second,2,4101,0,0,zero,0,3059,-9,-1
1587086734099304809,first,1,3578,0,0,second,2,4101,0,-2,zero,0,3053,0,0
1587086734163224206,first,1,3578,0,0,second,2,4101,0,-2,zero,0,3051,0,-5
1587086734291346797,first,1,3578,0,0,second,2,4087,-8,-4,zero,0,3027,-11,-1
1587086734355229075,first,1,3578,0,0,second,2,4074,-11,-3,zero,0,3018,-9,-1
1587086734483313958,first,1,3577,0,-2,second,2,4043,-14,-3,zero,0,2997,-10,-3
1587086734611304848,first,1,3552,-11,-6,second,2,4009,-15,-3,zero,0,2967,-14,-2
1587086734675162137,first,1,3532,-17,-5,second,2,3990,-17,-6,zero,0,2950,-15,-2
1587086734803015084,first,1,3486,-22,-5,second,2,3939,-26,-7,zero,0,2917,-15,-5
1587086734866997025,first,1,3461,-22,-5,second,2,3905,-31,-6,zero,0,2897,-18,-4
1587086734995139195,first,1,3413,-22,-4,second,2,3825,-40,-7,zero,0,2854,-20,-3
1587086735058996716,first,1,3386,-24,-6,second,2,3780,-43,-8,zero,0,2834,-20,-3
1587086735187043618,first,1,3324,-30,-6,second,2,3683,-47,-7,zero,0,2795,-18,-5
1587086735315104415,first,1,3250,-36,-7,second,2,3586,-47,-6,zero,0,2743,-26,-6
1587086735378932367,first,1,3211,-37,-5,second,2,3542,-45,-5,zero,0,2711,-29,-2
1587086735506990125,first,1,3132,-38,-5,second,2,3448,-45,-8,zero,0,2660,-23,-1
1587086735570978700,first,1,3091,-38,-7,second,2,3398,-48,-8,zero,0,2639,-20,-3
1587086735699077620,first,1,3014,-38,-4,second,2,3291,-53,-6,zero,0,2590,-24,-6
1587086735763207517,first,1,2976,-37,-5,second,2,3234,-54,-8,zero,0,2559,-29,-3
1587086735891486558,first,1,2899,-37,-6,second,2,3120,-56,-7,zero,0,2501,-27,-2
1587086735955027460,first,1,2860,-38,-6,second,2,3064,-55,-5,zero,0,2477,-24,-1
1587086736098484687,first,1,2768,-39,-6,second,2,2941,-52,-4,zero,0,2438,-16,-5
1587086736163082233,first,1,2727,-39,-6,second,2,2892,-49,-3,zero,0,2417,-19,-4
1587086736291287699,first,1,2650,-37,-4,second,2,2803,-41,-5,zero,0,2357,-30,-3
1587086736355231473,first,1,2613,-37,-4,second,2,2764,-39,-7,zero,0,2335,-22,0
1587086736483559435,first,1,2539,-36,-2,second,2,2684,-38,-4,zero,0,2317,-12,-10
1587086736611141830,first,1,2476,-30,-2,second,2,2604,-38,-7,zero,0,2243,-38,-1
1587086736675136140,first,1,2448,-28,-4,second,2,2562,-39,-8,zero,0,2220,-23,1
1587086736803233601,first,1,2393,-27,-4,second,2,2467,-46,-6,zero,0,2213,-4,-9
1587086736867146316,first,1,2366,-26,-4,second,2,2418,-47,-5,zero,0,2192,-20,-10
1587086736995020193,first,1,2312,-26,-5,second,2,2332,-40,-3,zero,0,2128,-27,-1
1587086737058533632,first,1,2281,-28,-7,second,2,2295,-35,-3,zero,0,2127,-1,0
1587086737187117700,first,1,2213,-32,-4,second,2,2232,-30,-2,zero,0,2099,-20,-9
1587086737315024488,first,1,2151,-29,-3,second,2,2172,-28,-7,zero,0,2041,-24,0
1587086737379201653,first,1,2124,-27,-3,second,2,2140,-30,-4,zero,0,2045,1,8
1587086737507110590,first,1,2082,-19,-1,second,2,2074,-31,-3,zero,0,2041,-12,-15
1587086737570983823,first,1,2069,-14,-1,second,2,2045,-29,-4,zero,0,2003,-37,-7
1587086737698982391,first,1,2042,-12,-4,second,2,1988,-28,-4,zero,0,1970,-1,0
1587086737763051043,first,1,2023,-16,-4,second,2,1959,-28,-3,zero,0,1966,-1,-8
1587086737891905852,first,1,1982,-18,-5,second,2,1903,-27,-4,zero,0,1905,-35,-8
1587086737954945827,first,1,1960,-20,-5,second,2,1873,-28,-5,zero,0,1878,-28,-1
1587086738083015873,first,1,1906,-26,-6,second,2,1805,-34,-7,zero,0,1871,-4,-10
1587086738211049735,first,1,1840,-31,-6,second,2,1727,-37,-6,zero,0,1798,-42,-8
1587086738275113285,first,1,1805,-32,-5,second,2,1686,-39,-7,zero,0,1765,-32,-2
1587086738403193061,first,1,1730,-36,-5,second,2,1590,-49,-8,zero,0,1757,-3,-11
1587086738467053681,first,1,1693,-36,-4,second,2,1536,-53,-6,zero,0,1728,-26,-14
1587086738594931820,first,1,1623,-34,-6,second,2,1421,-56,-6,zero,0,1650,-33,-1
1587086738658971324,first,1,1585,-35,-6,second,2,1361,-58,-8,zero,0,1648,-2,0
1587086738787022136,first,1,1505,-39,-5,second,2,1250,-55,-5,zero,0,1606,-31,-16
1587086738915009034,first,1,1427,-38,-7,second,2,1151,-47,-5,zero,0,1513,-39,-2
1587086738978809746,first,1,1385,-39,-7,second,2,1104,-46,-6,zero,0,1509,-4,0
1587086739107039373,first,1,1303,-40,-3,second,2,1010,-46,-7,zero,0,1476,-25,-13
1587086739171024913,first,1,1265,-38,-3,second,2,964,-45,-6,zero,0,1428,-45,-7
1587086739299055808,first,1,1192,-35,-5,second,2,867,-47,-7,zero,0,1392,-1,0
1587086739362922247,first,1,1156,-35,-6,second,2,816,-50,-6,zero,0,1385,-4,-13
1587086739491008264,first,1,1086,-34,-3,second,2,714,-49,-6,zero,0,1304,-46,-8
1587086739555013808,first,1,1051,-34,-6,second,2,666,-48,-6,zero,0,1268,-36,-1
1587086739682953250,first,1,976,-36,-6,second,2,566,-48,-6,zero,0,1262,-1,-10
1587086739810753863,first,1,901,-36,-4,second,2,476,-43,-3,zero,0,1198,-37,-5
1587086739874836115,first,1,866,-35,-5,second,2,434,-41,-4,zero,0,1170,-27,0
1587086740002906074,first,1,795,-34,-3,second,2,350,-40,-6,zero,0,1166,-2,-7
1587086740066611535,first,1,765,-31,-3,second,2,312,-38,-2,zero,0,1146,-18,-8
1587086740194833785,first,1,717,-22,-2,second,2,245,-31,-4,zero,0,1096,-20,0
1587086740258669086,first,1,697,-19,-3,second,2,216,-29,-4,zero,0,1096,0,0
1587086740386869146,first,1,660,-17,-3,second,2,162,-25,-1,zero,0,1080,-12,-4
1587086740514795861,first,1,627,-16,-2,second,2,117,-21,-2,zero,0,1051,-10,0
1587086740578645338,first,1,611,-15,-4,second,2,101,-17,-1,zero,0,1053,0,0
1587086740706812783,first,1,581,-14,-2,second,2,79,-8,-1,zero,0,1039,-9,-1
1587086740770731461,first,1,568,-12,-1,second,2,71,-7,-2,zero,0,1032,-7,0
1587086740898673859,first,1,553,-6,0,second,2,51,-8,-2,zero,0,1032,0,0
1587086740962894342,first,1,553,0,0,second,2,40,-8,-1,zero,0,1030,0,0
1587086741090777246,first,1,553,0,0,second,2,26,-4,0,zero,0,1028,0,0
1587086741154719872,first,1,553,0,-2,second,2,27,0,0,zero,0,1028,0,0
1587086741282687338,first,1,553,0,-2,second,2,26,0,0,zero,0,1028,0,0
1587086741410660174,first,1,553,0,-2,second,2,26,0,0,zero,0,1028,0,0
1587086741474735258,first,1,553,0,-2,second,2,26,0,0,zero,0,1028,0,0
1587086741602689515,first,1,553,0,-2,second,2,27,0,0,zero,0,1028,0,0
1587086741666759367,first,1,552,0,-2,second,2,27,0,0,zero,0,1028,0,0
1587086741794731464,first,1,552,0,-2,second,2,26,0,0,zero,0,1032,0,1
1587086741858959348,first,1,553,0,-1,second,2,27,0,0,zero,0,1045,10,1
1587086741986626767,first,1,553,0,0,second,2,33,2,1,zero,0,1056,0,-1
1587086742114631909,first,1,552,0,0,second,2,75,23,1,zero,0,1072,11,2
1587086742178636071,first,1,554,0,0,second,2,96,20,1,zero,0,1086,14,1
1587086742307254168,first,1,576,12,2,second,2,100,0,0,zero,0,1090,1,6
1587086742370123648,first,1,599,21,1,second,2,105,2,2,zero,0,1110,17,6
1587086742498921626,first,1,619,5,0,second,2,158,32,4,zero,0,1164,24,1
1587086742562704788,first,1,625,1,4,second,2,207,46,4,zero,0,1166,2,0
1587086742690756302,first,1,675,26,4,second,2,321,52,-7,zero,0,1191,18,8
1587086742754849543,first,1,720,40,4,second,2,338,18,1,zero,0,1225,31,4
1587086742882689889,first,1,833,55,1,second,2,362,16,5,zero,0,1254,2,0
1587086743010797896,first,1,891,19,-2,second,2,460,55,6,zero,0,1290,27,14
1587086743074108282,first,1,891,2,-1,second,2,533,70,6,zero,0,1339,46,5
1587086743202144481,first,1,915,12,6,second,2,707,86,1,zero,0,1386,7,-4
1587086743266093565,first,1,956,34,9,second,2,779,71,-1,zero,0,1386,0,7
1587086743394468185,first,1,1095,72,6,second,2,810,5,-2,zero,0,1454,44,8
1587086743458452950,first,1,1177,81,2,second,2,814,0,1,zero,0,1496,42,3
1587086743586841757,first,1,1266,31,-5,second,2,879,43,12,zero,0,1505,0,9
1587086743714750466,first,1,1255,-7,-1,second,2,1042,88,6,zero,0,1581,48,10
1587086743778868146,first,1,1252,-5,5,second,2,1140,97,3,zero,0,1628,48,9
1587086743906978236,first,1,1310,32,12,second,2,1259,35,-4,zero,0,1639,0,8
1587086743971717435,first,1,1374,57,9,second,2,1268,8,-4,zero,0,1661,18,12
1587086744098953226,first,1,1543,85,2,second,2,1273,3,5,zero,0,1746,41,4
1587086744162700754,first,1,1610,76,11,second,2,1300,25,12,zero,0,1753,7,-1
1587086744290773962,first,1,1632,4,-7,second,2,1442,82,11,zero,0,1780,21,13
1587086744354057012,first,1,1621,-8,-1,second,2,1542,100,6,zero,0,1826,44,7
1587086744482107437,first,1,1637,11,9,second,2,1733,87,-37,zero,0,1873,7,-3
1587086744610462084,first,1,1753,61,8,second,2,1771,3,-5,zero,0,1887,14,10
1587086744674377005,first,1,1836,78,5,second,2,1761,-8,-3,zero,0,1925,35,8
1587086744802350495,first,1,1935,36,0,second,2,1774,14,8,zero,0,1966,6,-3
1587086744866377466,first,1,1937,7,-4,second,2,1816,40,8,zero,0,1965,-1,3
1587086744994651584,first,1,1919,-9,0,second,2,1954,74,2,zero,0,2014,31,8
1587086745058598707,first,1,1923,0,3,second,2,2019,66,-7,zero,0,2042,29,-3
1587086745186542634,first,1,1986,34,6,second,2,2048,5,-3,zero,0,2044,0,0
1587086745314491753,first,1,2084,49,11,second,2,2049,0,0,zero,0,2072,19,9
1587086745378374371,first,1,2096,19,1,second,2,2055,4,4,zero,0,2107,33,4
1587086745506395953,first,1,2096,0,0,second,2,2128,44,6,zero,0,2138,3,-1
1587086745570313488,first,1,2098,0,1,second,2,2192,61,4,zero,0,2139,0,6
1587086745698477814,first,1,2141,22,5,second,2,2320,56,2,zero,0,2198,36,5
1587086745762495389,first,1,2187,39,10,second,2,2339,19,-9,zero,0,2231,34,3
1587086745890468664,first,1,2324,68,3,second,2,2347,2,5,zero,0,2239,0,5
1587086745954314702,first,1,2383,66,7,second,2,2370,21,8,zero,0,2260,18,11
1587086746082442535,first,1,2400,3,-3,second,2,2487,67,10,zero,0,2332,33,0
1587086746210459251,first,1,2401,0,3,second,2,2673,94,2,zero,0,2343,4,10
1587086746274313797,first,1,2422,14,7,second,2,2756,82,-31,zero,0,2374,28,12
1587086746402471305,first,1,2534,59,11,second,2,2795,6,-5,zero,0,2463,40,3
1587086746466334296,first,1,2620,79,6,second,2,2795,0,0,zero,0,2471,7,-1
1587086746594344317,first,1,2781,78,7,second,2,2833,26,12,zero,0,2496,21,14
1587086746658376966,first,1,2805,36,-11,second,2,2891,55,14,zero,0,2545,46,8
1587086746786272148,first,1,2790,-9,-1,second,2,3087,105,9,zero,0,2596,8,-1
1587086746914451333,first,1,2801,8,9,second,2,3305,99,10,zero,0,2624,22,13
1587086746978478445,first,1,2841,31,13,second,2,3347,43,-8,zero,0,2673,46,8
1587086747106377637,first,1,2993,80,10,second,2,3344,-6,-2,zero,0,2727,10,-3
1587086747170373624,first,1,3091,94,3,second,2,3340,-4,2,zero,0,2727,0,5
1587086747298371728,first,1,3200,41,-7,second,2,3395,38,11,zero,0,2789,41,8
1587086747362283671,first,1,3198,5,-7,second,2,3461,63,12,zero,0,2829,40,3
1587086747490285489,first,1,3171,-13,0,second,2,3654,101,6,zero,0,2835,0,7
1587086747554314055,first,1,3175,0,4,second,2,3744,90,7,zero,0,2855,17,11
1587086747682279614,first,1,3246,38,10,second,2,3788,7,-5,zero,0,2935,37,3
1587086747810251736,first,1,3397,78,3,second,2,3777,-3,0,zero,0,2937,-2,3
1587086747874149025,first,1,3466,76,-32,second,2,3784,4,5,zero,0,2951,10,10
1587086748002273299,first,1,3489,4,-6,second,2,3866,50,11,zero,0,3004,24,1
1587086748066260857,first,1,3473,-10,-3,second,2,3939,71,7,zero,0,3004,0,-3
1587086748194310222,first,1,3467,0,4,second,2,4092,70,8,zero,0,3014,10,6
1587086748258244836,first,1,3484,12,7,second,2,4117,26,-10,zero,0,3040,24,2
1587086748386483016,first,1,3573,46,3,second,2,4101,-12,-7,zero,0,3059,0,-7
1587086748514552493,first,1,3633,20,3,second,2,4076,-7,0,zero,0,3056,2,3
1587086748578319445,first,1,3629,1,-4,second,2,4079,0,1,zero,0,3068,9,1
1587086748706280914,first,1,3598,-14,-1,second,2,4116,20,1,zero,0,3071,-1,-1
1587086748770373666,first,1,3589,-12,0,second,2,4134,17,2,zero,0,3068,-2,0
1587086748898253483,first,1,3592,0,0,second,2,4132,-1,-2,zero,0,3070,0,0
1587086748962320376,first,1,3593,0,0,second,2,4123,-6,-2,zero,0,3072,0,0
1587086749090161240,first,1,3593,0,0,second,2,4107,-7,-1,zero,0,3073,0,0
1587086749154163000,first,1,3593,0,0,second,2,4102,-4,0,zero,0,3074,0,0
1587086749282256477,first,1,3593,0,0,second,2,4102,0,0,zero,0,3076,0,0
1587086749410206562,first,1,3594,0,0,second,2,4103,0,0,zero,0,3073,0,0
1587086749474116612,first,1,3594,0,0,second,2,4103,0,0,zero,0,3072,0,0
1587086749602318455,first,1,3593,0,0,second,2,4103,0,-1,zero,0,3066,-2,-1
1587086749666386323,first,1,3593,0,0,second,2,4103,0,0,zero,0,3061,-2,-4
1587086749794157164,first,1,3593,0,0,second,2,4103,0,-2,zero,0,3050,-4,-5
1587086749858191027,first,1,3594,0,0,second,2,4102,0,-2,zero,0,3038,-10,-2
1587086749986255811,first,1,3592,0,-1,second,2,4086,-9,-2,zero,0,3020,-6,-1
1587086750114110553,first,1,3574,-9,-3,second,2,4057,-13,-3,zero,0,3002,-10,-5
1587086750178104214,first,1,3559,-13,-2,second,2,4038,-16,-5,zero,0,2985,-15,-3
1587086750306179959,first,1,3523,-16,-4,second,2,3990,-24,-5,zero,0,2947,-18,-1
1587086750370174815,first,1,3503,-18,-2,second,2,3958,-29,-5,zero,0,2930,-16,-1
1587086750498151632,first,1,3458,-20,-5,second,2,3884,-36,-8,zero,0,2898,-15,-4
1587086750562152780,first,1,3433,-22,-5,second,2,3844,-38,-5,zero,0,2877,-18,-3
1587086750690363368,first,1,3375,-28,-6,second,2,3764,-38,-4,zero,0,2835,-20,-3
1587086750754113178,first,1,3340,-32,-5,second,2,3724,-39,-4,zero,0,2814,-19,-2
1587086750882285063,first,1,3267,-35,-5,second,2,3641,-40,-6,zero,0,2770,-21,-3
1587086751010085200,first,1,3195,-35,-3,second,2,3547,-47,-7,zero,0,2713,-28,-3
1587086751074063694,first,1,3160,-34,-4,second,2,3496,-49,-8,zero,0,2682,-28,-1
1587086751202184068,first,1,3087,-34,-5,second,2,3384,-55,-8,zero,0,2636,-19,-1
1587086751266194956,first,1,3048,-36,-7,second,2,3327,-56,-6,zero,0,2622,-12,-4
1587086751394075064,first,1,2971,-37,-5,second,2,3215,-54,-5,zero,0,2568,-30,-7
1587086751458008315,first,1,2933,-37,-5,second,2,3163,-53,-7,zero,0,2531,-35,-3
1587086751586077021,first,1,2852,-38,-5,second,2,3062,-49,-5,zero,0,2507,-2,-3
1587086751714048996,first,1,2776,-37,-3,second,2,2968,-45,-4,zero,0,2450,-36,-10
1587086751778019420,first,1,2739,-36,-6,second,2,2925,-42,-5,zero,0,2402,-45,-2
1587086751906083113,first,1,2662,-36,-5,second,2,2834,-43,-6,zero,0,2369,-1,0
1587086751970098037,first,1,2624,-37,-3,second,2,2785,-46,-8,zero,0,2364,-2,-9
1587086752098147805,first,1,2555,-33,-5,second,2,2687,-47,-6,zero,0,2294,-40,-5
1587086752161968119,first,1,2521,-32,-6,second,2,2638,-47,-7,zero,0,2262,-31,-1
1587086752289954047,first,1,2450,-33,-5,second,2,2537,-48,-5,zero,0,2254,-3,-8
1587086752353956228,first,1,2414,-34,-5,second,2,2488,-48,-3,zero,0,2229,-22,-14
1587086752481915903,first,1,2345,-34,-4,second,2,2405,-38,-4,zero,0,2168,-24,-1
1587086752610146003,first,1,2279,-32,-3,second,2,2330,-36,-5,zero,0,2160,-4,-11
1587086752674003582,first,1,2249,-29,-2,second,2,2295,-33,-4,zero,0,2135,-23,-10
1587086752802039158,first,1,2204,-20,-2,second,2,2230,-31,-4,zero,0,2071,-28,3
1587086752865957206,first,1,2184,-19,-4,second,2,2196,-31,-7,zero,0,2071,0,1
1587086752993981997,first,1,2144,-19,-5,second,2,2129,-32,-3,zero,0,2051,-13,-1
1587086753058029010,first,1,2123,-19,-3,second,2,2100,-28,-2,zero,0,2035,-14,-3
1587086753185966285,first,1,2080,-19,-3,second,2,2045,-26,-2,zero,0,1998,-18,-3
1587086753313975185,first,1,2037,-20,-4,second,2,1990,-26,-5,zero,0,1958,-18,-2
1587086753377991586,first,1,2014,-20,-5,second,2,1960,-28,-5,zero,0,1939,-18,-1
1587086753505885808,first,1,1968,-21,-4,second,2,1897,-31,-4,zero,0,1904,-16,-6
1587086753569986668,first,1,1944,-22,-5,second,2,1862,-32,-6,zero,0,1883,-19,-2
1587086753697940708,first,1,1890,-25,-5,second,2,1790,-35,-6,zero,0,1834,-24,-3
1587086753761844190,first,1,1857,-29,-6,second,2,1750,-38,-6,zero,0,1810,-24,-1
1587086753889987738,first,1,1784,-35,-5,second,2,1661,-44,-6,zero,0,1775,-15,-3
1587086753953940478,first,1,1746,-35,-5,second,2,1613,-47,-7,zero,0,1755,-18,-5
1587086754081941495,first,1,1674,-35,-5,second,2,1506,-53,-5,zero,0,1701,-28,-4
1587086754209946828,first,1,1600,-35,-5,second,2,1397,-54,-6,zero,0,1643,-26,-1
1587086754273893185,first,1,1562,-36,-6,second,2,1344,-54,-6,zero,0,1626,-17,-1
1587086754401875526,first,1,1483,-38,-4,second,2,1238,-52,-4,zero,0,1592,-19,-9
1587086754466243475,first,1,1444,-38,-4,second,2,1189,-49,-5,zero,0,1556,-33,-8
1587086754593789343,first,1,1369,-37,-7,second,2,1097,-45,-6,zero,0,1492,-25,-1
1587086754657974574,first,1,1330,-37,-5,second,2,1051,-45,-6,zero,0,1489,-2,-4
1587086754785939214,first,1,1255,-36,-2,second,2,954,-47,-6,zero,0,1439,-32,-12
1587086754913932818,first,1,1185,-34,-5,second,2,855,-48,-8,zero,0,1365,-30,0
1587086754977980092,first,1,1150,-34,-5,second,2,802,-51,-7,zero,0,1364,-1,0
1587086755105921016,first,1,1076,-35,-4,second,2,695,-51,-5,zero,0,1325,-28,-14
1587086755169862130,first,1,1038,-35,-4,second,2,646,-48,-6,zero,0,1279,-43,-7
1587086755297825106,first,1,962,-37,-5,second,2,556,-44,-6,zero,0,1244,-1,0
1587086755361831684,first,1,923,-38,-5,second,2,512,-42,-4,zero,0,1240,-1,-7
1587086755489806563,first,1,853,-33,-2,second,2,433,-39,-6,zero,0,1180,-34,-4
1587086755553833847,first,1,822,-30,-3,second,2,394,-37,-5,zero,0,1154,-26,-4
1587086755681733697,first,1,769,-25,-2,second,2,318,-37,-5,zero,0,1149,-2,-9
1587086755809869655,first,1,727,-19,-4,second,2,248,-31,-3,zero,0,1102,-25,-2
1587086755873845443,first,1,709,-17,-2,second,2,218,-30,-3,zero,0,1082,-20,-2
1587086756001822846,first,1,669,-18,-3,second,2,163,-25,-1,zero,0,1081,0,-7
1587086756065986091,first,1,649,-18,-3,second,2,138,-24,-2,zero,0,1068,-11,-6
1587086756193807285,first,1,614,-16,-3,second,2,99,-18,-2,zero,0,1048,-4,0
1587086756257780218,first,1,598,-16,-3,second,2,87,-12,-1,zero,0,1049,0,-1
1587086756385768463,first,1,568,-13,-1,second,2,69,-7,-2,zero,0,1033,-10,-4
1587086756513783055,first,1,548,-9,-1,second,2,49,-9,-1,zero,0,1026,0,0
1587086756577703900,first,1,544,-6,0,second,2,38,-9,-1,zero,0,1027,0,0
1587086756706024934,first,1,544,0,0,second,2,25,-3,0,zero,0,1029,0,0
1587086756769831448,first,1,544,0,0,second,2,25,0,0,zero,0,1027,0,0
1587086756897929923,first,1,543,0,0,second,2,25,0,0,zero,0,1027,0,0
1587086756961669575,first,1,544,0,0,second,2,25,0,0,zero,0,1027,0,0
1587086757089635041,first,1,544,0,0,second,2,25,0,0,zero,0,1027,0,0
1587086757153740212,first,1,544,0,0,second,2,25,0,0,zero,0,1027,0,0
1587086757281671617,first,1,544,0,0,second,2,25,0,0,zero,0,1027,0,0
1587086757409610917,first,1,544,0,0,second,2,25,0,0,zero,0,1032,2,2
1587086757473705640,first,1,544,0,0,second,2,25,0,0,zero,0,1042,7,1
1587086757601623148,first,1,543,0,0,second,2,27,0,0,zero,0,1048,0,0
1587086757665686745,first,1,544,0,0,second,2,32,2,1,zero,0,1053,2,5
1587086757793790291,first,1,544,0,0,second,2,73,23,1,zero,0,1087,17,3
1587086757857618515,first,1,549,1,1,second,2,104,29,1,zero,0,1088,0,0
1587086757985812430,first,1,587,19,1,second,2,133,5,0,zero,0,1109,15,7
1587086758113677578,first,1,653,32,1,second,2,152,13,4,zero,0,1162,24,2
1587086758177669442,first,1,678,29,2,second,2,185,30,7,zero,0,1165,2,-1
1587086758305695943,first,1,682,0,0,second,2,296,59,5,zero,0,1189,17,9
1587086758369673165,first,1,687,1,5,second,2,361,62,1,zero,0,1225,33,6
1587086758497574684,first,1,744,30,10,second,2,428,16,2,zero,0,1259,4,-1
1587086758561737074,first,1,799,49,6,second,2,430,1,0,zero,0,1265,3,8
1587086758689570468,first,1,917,58,7,second,2,453,17,7,zero,0,1339,44,4
1587086758753734488,first,1,933,23,3,second,2,495,39,10,zero,0,1378,38,-15
1587086758881569272,first,1,937,0,3,second,2,652,85,7,zero,0,1385,0,7
1587086759009719052,first,1,987,27,10,second,2,833,83,-35,zero,0,1455,44,9
1587086759073545708,first,1,1043,48,12,second,2,866,32,5,zero,0,1497,43,8
1587086759201749461,first,1,1208,85,4,second,2,877,1,3,zero,0,1509,0,9
1587086759265521818,first,1,1284,83,9,second,2,899,19,8,zero,0,1535,22,14
1587086759393689491,first,1,1313,7,-1,second,2,1017,69,12,zero,0,1630,46,0
1587086759457626939,first,1,1312,0,0,second,2,1112,93,11,zero,0,1640,9,-3
1587086759585671586,first,1,1337,15,8,second,2,1315,96,7,zero,0,1659,16,15
1587086759713545325,first,1,1451,60,11,second,2,1365,10,-3,zero,0,1743,41,2
1587086759777704012,first,1,1534,79,7,second,2,1364,0,0,zero,0,1749,5,-1
1587086759905771449,first,1,1691,76,9,second,2,1396,24,11,zero,0,1776,22,13
1587086759969676197,first,1,1713,32,-7,second,2,1449,51,13,zero,0,1823,44,8
1587086760097629368,first,1,1701,-8,0,second,2,1635,102,9,zero,0,1871,7,-3
1587086760161587081,first,1,1706,0,3,second,2,1749,112,1,zero,0,1869,-1,4
1587086760289771550,first,1,1772,36,8,second,2,1884,41,-1,zero,0,1925,36,9
1587086760353755513,first,1,1837,57,10,second,2,1889,5,-9,zero,0,1959,34,4
1587086760481570030,first,1,1994,80,-4,second,2,1871,-7,0,zero,0,1964,0,5
1587086760609637153,first,1,2021,7,-7,second,2,1902,23,7,zero,0,2017,33,3
1587086760673691272,first,1,2008,-9,-4,second,2,1948,45,8,zero,0,2047,30,-5
1587086760801631840,first,1,2001,0,1,second,2,2075,62,21,zero,0,2047,-1,-1
1587086760865566644,first,1,2017,10,5,second,2,2097,22,0,zero,0,2051,1,7
1587086760993435500,first,1,2085,35,2,second,2,2102,0,0,zero,0,2107,33,4
1587086761057396423,first,1,2130,42,1,second,2,2105,1,3,zero,0,2135,28,-13
1587086761185516461,first,1,2174,14,-1,second,2,2164,36,6,zero,0,2139,0,4
1587086761313694237,first,1,2175,0,0,second,2,2289,65,3,zero,0,2199,37,5
1587086761377608364,first,1,2181,2,4,second,2,2361,69,1,zero,0,2232,34,-14
1587086761505430135,first,1,2254,39,8,second,2,2437,18,0,zero,0,2238,0,8
1587086761569641783,first,1,2321,59,4,second,2,2439,2,0,zero,0,2259,19,12
1587086761697606356,first,1,2454,66,7,second,2,2463,17,6,zero,0,2341,38,-11
1587086761761613196,first,1,2473,29,-6,second,2,2505,39,12,zero,0,2348,7,-2
1587086761889865977,first,1,2469,-3,-1,second,2,2660,83,7,zero,0,2370,17,12
1587086761954707189,first,1,2467,-3,3,second,2,2754,91,2,zero,0,2414,41,11
1587086762081529148,first,1,2529,33,9,second,2,2859,28,2,zero,0,2463,7,-1
1587086762209426417,first,1,2677,77,5,second,2,2867,0,0,zero,0,2495,24,14
1587086762273476997,first,1,2750,78,-35,second,2,2873,4,5,zero,0,2544,46,6
1587086762401373130,first,1,2781,9,-1,second,2,2966,57,12,zero,0,2593,7,-1
1587086762466059579,first,1,2781,0,0,second,2,3054,85,11,zero,0,2596,0,8
1587086762593785977,first,1,2805,13,8,second,2,3249,93,8,zero,0,2675,49,7
1587086762657420680,first,1,2847,35,10,second,2,3287,38,6,zero,0,2722,47,-6
1587086762785406771,first,1,3003,81,6,second,2,3300,1,3,zero,0,2730,-1,6
1587086762913482870,first,1,3114,42,-13,second,2,3367,42,12,zero,0,2792,41,8
1587086762977443843,first,1,3120,11,-2,second,2,3438,68,12,zero,0,2832,40,3
1587086763105485008,first,1,3128,2,5,second,2,3632,101,5,zero,0,2840,0,6
1587086763169450020,first,1,3152,17,8,second,2,3721,90,10,zero,0,2858,15,10
1587086763296954624,first,1,3269,61,10,second,2,3766,7,-5,zero,0,2930,34,5
1587086763360669619,first,1,3354,80,6,second,2,3765,0,0,zero,0,2934,4,-4
1587086763488736794,first,1,3460,40,-7,second,2,3790,19,7,zero,0,2951,13,8
1587086763552693852,first,1,3461,7,-7,second,2,3833,40,9,zero,0,2982,29,5
1587086763680541383,first,1,3439,-11,0,second,2,3969,72,3,zero,0,3009,1,-2
1587086763809500995,first,1,3462,12,6,second,2,4055,22,0,zero,0,3017,9,7
1587086763873224939,first,1,3496,28,6,second,2,4055,1,-5,zero,0,3040,21,1
1587086764000582232,first,1,3582,44,5,second,2,4038,-6,0,zero,0,3055,0,-4
1587086764065467551,first,1,3593,16,0,second,2,4041,1,1,zero,0,3047,-7,2
1587086764193242020,first,1,3581,-6,-3,second,2,4080,22,1,zero,0,3066,11,0
1587086764257161824,first,1,3575,-7,0,second,2,4104,23,-12,zero,0,3065,0,-1
1587086764385176124,first,1,3575,0,0,second,2,4107,0,0,zero,0,3066,1,2
1587086764513224704,first,1,3576,0,0,second,2,4107,0,0,zero,0,3069,0,0
1587086764577290987,first,1,3578,0,0,second,2,4107,0,0,zero,0,3069,0,0
1587086764705855644,first,1,3579,0,0,second,2,4107,0,0,zero,0,3069,0,0
1587086764769503781,first,1,3579,0,0,second,2,4107,0,-1,zero,0,3069,0,0
1587086764897299925,first,1,3579,0,0,second,2,4107,0,0,zero,0,3069,0,0
1587086764961246389,first,1,3579,0,0,second,2,4107,0,-1,zero,0,3069,0,0
1587086765089324627,first,1,3579,0,0,second,2,4107,0,0,zero,0,3069,0,-1
1587086765153254951,first,1,3579,0,0,second,2,4107,0,0,zero,0,3069,0,0
1587086765280917316,first,1,3579,0,0,second,2,4107,0,-2,zero,0,3057,-7,-1
1587086765408553996,first,1,3579,0,0,second,2,4101,-3,-2,zero,0,3049,0,-1
1587086765472510321,first,1,3579,0,0,second,2,4091,-7,-2,zero,0,3046,0,-4
1587086765601077857,first,1,3579,0,0,second,2,4066,-10,-2,zero,0,3018,-15,-2
1587086765664403417,first,1,3577,0,-2,second,2,4052,-11,-3,zero,0,3004,-13,-1
1587086765793301261,first,1,3555,-11,-2,second,2,4022,-13,-4,zero,0,2992,-3,-5
1587086765858185760,first,1,3539,-13,-1,second,2,4006,-14,-4,zero,0,2976,-14,-6
1587086765984472907,first,1,3503,-17,-2,second,2,3967,-19,-7,zero,0,2924,-25,-1
1587086766113168305,first,1,3461,-19,-2,second,2,3901,-34,-9,zero,0,2904,0,-1
1587086766177172520,first,1,3440,-19,-2,second,2,3860,-38,-6,zero,0,2894,-8,-8
1587086766305341622,first,1,3391,-22,-6,second,2,3777,-40,-4,zero,0,2832,-34,-4
1587086766369149376,first,1,3364,-24,-5,second,2,3734,-41,-6,zero,0,2807,-25,-2
1587086766497200150,first,1,3297,-33,-7,second,2,3644,-43,-5,zero,0,2796,-7,-13
1587086766561164779,first,1,3259,-36,-5,second,2,3599,-44,-6,zero,0,2765,-30,-13
1587086766688352386,first,1,3180,-38,-5,second,2,3509,-43,-7,zero,0,2685,-33,-2
1587086766752537306,first,1,3140,-38,-5,second,2,3460,-47,-6,zero,0,2683,-1,0
1587086766880542246,first,1,3062,-37,-2,second,2,3354,-53,-7,zero,0,2641,-30,-15
1587086767008897591,first,1,2988,-35,-6,second,2,3242,-54,-8,zero,0,2554,-37,-3
1587086767072867208,first,1,2950,-37,-6,second,2,3185,-55,-9,zero,0,2552,-2,0
1587086767200413098,first,1,2868,-39,-5,second,2,3072,-55,-5,zero,0,2514,-28,-14
1587086767264935920,first,1,2829,-38,-5,second,2,3019,-51,-4,zero,0,2466,-46,-10
1587086767393164502,first,1,2752,-37,-6,second,2,2922,-48,-6,zero,0,2425,-2,0
1587086767456937143,first,1,2710,-39,-6,second,2,2873,-47,-7,zero,0,2418,-4,-11
1587086767585159607,first,1,2634,-37,-4,second,2,2782,-44,-6,zero,0,2341,-45,-6
1587086767713449268,first,1,2558,-37,-5,second,2,2690,-44,-7,zero,0,2304,0,1
1587086767776949049,first,1,2518,-37,-3,second,2,2642,-47,-6,zero,0,2305,1,-10
1587086767905195078,first,1,2451,-32,-3,second,2,2542,-48,-4,zero,0,2236,-41,-8
1587086767969114533,first,1,2420,-30,-4,second,2,2495,-45,-4,zero,0,2204,-33,0
1587086768096997550,first,1,2356,-30,-3,second,2,2405,-44,-3,zero,0,2196,-3,-11
1587086768161067304,first,1,2323,-31,-5,second,2,2365,-39,-4,zero,0,2171,-22,-10
1587086768289342527,first,1,2255,-31,-3,second,2,2297,-31,-5,zero,0,2105,-27,7
1587086768353210114,first,1,2223,-31,-4,second,2,2265,-31,-5,zero,0,2104,-1,0
1587086768480237916,first,1,2163,-28,-2,second,2,2194,-33,-5,zero,0,2080,-18,-9
1587086768608935095,first,1,2122,-19,-2,second,2,2126,-33,-3,zero,0,2024,-23,8
1587086768673163732,first,1,2105,-16,-1,second,2,2092,-32,-4,zero,0,2031,4,2
1587086768800582942,first,1,2070,-16,-4,second,2,2033,-27,-1,zero,0,2019,-14,-14
1587086768864327450,first,1,2053,-16,-3,second,2,2008,-25,-3,zero,0,1983,-34,-7
1587086768993205093,first,1,2016,-17,-5,second,2,1955,-25,-5,zero,0,1955,-1,0
1587086769057278274,first,1,1995,-18,-4,second,2,1925,-27,-5,zero,0,1949,-3,-8
1587086769185058574,first,1,1955,-19,-4,second,2,1866,-29,-5,zero,0,1886,-36,-6
1587086769313117490,first,1,1906,-23,-5,second,2,1801,-32,-8,zero,0,1858,-1,-1
1587086769377012672,first,1,1876,-26,-7,second,2,1764,-35,-6,zero,0,1851,-4,-13
1587086769505092978,first,1,1809,-32,-4,second,2,1682,-40,-7,zero,0,1773,-44,-7
1587086769569208632,first,1,1773,-34,-6,second,2,1638,-42,-6,zero,0,1738,-36,4
1587086769696994482,first,1,1695,-37,-3,second,2,1536,-51,-7,zero,0,1729,-3,-13
1587086769761043546,first,1,1658,-37,-2,second,2,1481,-54,-7,zero,0,1702,-24,-13
1587086769888259533,first,1,1585,-35,-4,second,2,1370,-54,-7,zero,0,1626,-32,-1
1587086769952249139,first,1,1546,-36,-6,second,2,1315,-54,-7,zero,0,1623,-3,-1
1587086770080574131,first,1,1467,-38,-5,second,2,1205,-53,-5,zero,0,1573,-34,-15
1587086770208965961,first,1,1388,-38,-7,second,2,1108,-47,-5,zero,0,1485,-37,-1
1587086770272999779,first,1,1346,-40,-8,second,2,1060,-47,-7,zero,0,1484,-1,0
1587086770400975028,first,1,1266,-39,-4,second,2,959,-48,-6,zero,0,1449,-26,-16
1587086770464946916,first,1,1230,-36,-5,second,2,908,-48,-6,zero,0,1402,-44,-6
1587086770593153656,first,1,1153,-36,-5,second,2,808,-48,-6,zero,0,1365,-2,0
1587086770657031512,first,1,1115,-37,-3,second,2,754,-51,-6,zero,0,1358,-4,-12
1587086770784872412,first,1,1041,-36,-5,second,2,653,-48,-5,zero,0,1280,-44,-6
1587086770913138929,first,1,965,-37,-4,second,2,560,-45,-6,zero,0,1243,-1,2
1587086770976294605,first,1,926,-37,-5,second,2,513,-45,-6,zero,0,1243,0,-8
1587086771104919474,first,1,857,-32,-3,second,2,424,-42,-4,zero,0,1185,-35,-7
1587086771168952850,first,1,827,-30,-2,second,2,385,-39,-4,zero,0,1157,-28,-2
1587086771297932617,first,1,769,-28,-2,second,2,312,-35,-5,zero,0,1151,-2,-6
1587086771360107411,first,1,742,-26,-3,second,2,279,-32,-4,zero,0,1131,-17,-7
1587086771488943879,first,1,700,-19,-4,second,2,218,-28,-3,zero,0,1080,-22,-1
1587086771552806905,first,1,681,-18,-4,second,2,190,-28,-3,zero,0,1083,0,2
1587086771680911694,first,1,643,-18,-2,second,2,136,-25,-1,zero,0,1074,-9,-6
1587086771808890336,first,1,609,-16,-1,second,2,98,-16,-2,zero,0,1037,-14,1
1587086771872976830,first,1,592,-16,-2,second,2,84,-12,-2,zero,0,1044,4,3
1587086772000905872,first,1,563,-13,-1,second,2,66,-7,-1,zero,0,1045,-5,-8
1587086772064838625,first,1,558,-7,0,second,2,58,-6,-2,zero,0,1028,-14,-1
1587086772192815572,first,1,558,0,0,second,2,39,-8,-1,zero,0,1032,5,1
1587086772256839920,first,1,558,0,0,second,2,35,-3,0,zero,0,1036,3,-2
1587086772384865226,first,1,558,0,-2,second,2,35,0,0,zero,0,1020,-7,0
1587086772512960454,first,1,558,0,-2,second,2,35,0,0,zero,0,1030,5,-1
1587086772576865709,first,1,558,0,-2,second,2,35,0,0,zero,0,1027,0,-1
1587086772704855018,first,1,558,0,-2,second,2,35,0,0,zero,0,1025,0,0
1587086772768941100,first,1,558,0,-2,second,2,35,0,0,zero,0,1027,0,0
1587086772896772127,first,1,558,0,-2,second,2,35,0,0,zero,0,1029,0,0
1587086772961111426,first,1,558,0,-2,second,2,35,0,0,zero,0,1033,1,1
1587086773088878483,first,1,558,0,0,second,2,35,0,0,zero,0,1057,11,0
1587086773152751823,first,1,558,0,0,second,2,38,1,1,zero,0,1056,0,0
1587086773280812266,first,1,558,0,0,second,2,82,25,2,zero,0,1081,17,4
1587086773409033280,first,1,564,2,2,second,2,161,40,1,zero,0,1128,20,0
1587086773472842307,first,1,586,14,5,second,2,195,33,4,zero,0,1130,1,0
1587086773600740195,first,1,672,44,3,second,2,204,0,0,zero,0,1159,22,9
1587086773664791570,first,1,712,45,10,second,2,211,4,4,zero,0,1202,40,6
1587086773792882629,first,1,722,1,0,second,2,289,48,10,zero,0,1242,6,-1
1587086773856701709,first,1,727,1,3,second,2,360,68,7,zero,0,1247,3,8
1587086773984675776,first,1,783,30,10,second,2,534,86,1,zero,0,1329,49,8
1587086774112715122,first,1,918,70,11,second,2,635,28,2,zero,0,1388,11,-4
1587086774176715001,first,1,1010,88,6,second,2,645,10,1,zero,0,1390,0,8
1587086774304808884,first,1,1125,44,-12,second,2,716,44,9,zero,0,1472,53,11
1587086774368747628,first,1,1132,12,-1,second,2,792,71,12,zero,0,1527,54,10
1587086774496808819,first,1,1153,11,5,second,2,1009,114,4,zero,0,1544,2,11
1587086774560710122,first,1,1189,29,10,second,2,1113,105,7,zero,0,1575,27,16
1587086774688776242,first,1,1328,73,13,second,2,1174,15,1,zero,0,1694,57,5
1587086774752843639,first,1,1426,92,6,second,2,1180,4,5,zero,0,1707,14,-5
1587086774880674646,first,1,1610,90,13,second,2,1265,56,14,zero,0,1731,20,13
1587086775008572689,first,1,1642,8,-5,second,2,1472,115,14,zero,0,1828,48,6
1587086775072634944,first,1,1638,-3,0,second,2,1607,133,7,zero,0,1837,9,-4
1587086775200679336,first,1,1669,18,11,second,2,1787,61,-34,zero,0,1860,18,13
1587086775264699131,first,1,1720,42,10,second,2,1804,17,-9,zero,0,1903,40,9
1587086775392659390,first,1,1881,82,6,second,2,1790,-6,0,zero,0,1947,5,-6
1587086775456742586,first,1,1959,83,8,second,2,1795,2,3,zero,0,1945,0,3
1587086775584710143,first,1,1986,5,-6,second,2,1863,43,8,zero,0,1992,29,5
1587086775712608641,first,1,1961,-12,0,second,2,2004,75,3,zero,0,2019,1,-3
1587086775776671937,first,1,1965,0,4,second,2,2072,68,8,zero,0,2015,-5,2
1587086775905313996,first,1,2024,32,5,second,2,2096,0,-8,zero,0,2042,16,1
1587086775967860818,first,1,2074,45,4,second,2,2082,-12,-4,zero,0,2054,12,-3
1587086776096595374,first,1,2128,17,-4,second,2,2062,-5,0,zero,0,2040,-8,0
1587086776160654262,first,1,2123,0,-6,second,2,2064,0,0,zero,0,2045,1,3
1587086776288642841,first,1,2087,-17,-2,second,2,2068,0,0,zero,0,2051,0,-1
1587086776352391377,first,1,2069,-18,-2,second,2,2069,0,0,zero,0,2048,-1,0
1587086776480242398,first,1,2061,0,0,second,2,2072,0,0,zero,0,2049,0,0
1587086776608466100,first,1,2060,0,0,second,2,2071,0,0,zero,0,2048,0,0
1587086776672327280,first,1,2060,0,0,second,2,2071,0,-1,zero,0,2048,0,0
1587086776800454954,first,1,2060,0,0,second,2,2072,0,0,zero,0,2048,0,0
1587086776864303222,first,1,2060,0,0,second,2,2071,0,0,zero,0,2049,0,0
1587086776992311771,first,1,2061,0,0,second,2,2071,0,0,zero,0,2048,0,0
1587086777056433411,first,1,2060,0,0,second,2,2071,0,0,zero,0,2048,0,0
1587086777184207380,first,1,2060,0,0,second,2,2071,0,-1,zero,0,2048,0,0
1587086777312338535,first,1,2060,0,0,second,2,2071,0,0,zero,0,2049,0,0
1587086777376208266,first,1,2060,0,0,second,2,2071,0,0,zero,0,2049,0,0
1587086777504148506,first,1,2060,0,0,second,2,2071,0,0,zero,0,2049,0,0
1587086777568247260,first,1,2060,0,0,second,2,2071,0,0,zero,0,2048,0,0
1587086777696116326,first,1,2060,0,0,second,2,2071,0,0,zero,0,2049,0,0
1587086777760329113,first,1,2060,0,0,second,2,2071,0,0,zero,0,2048,0,0
1587086777888380614,first,1,2061,0,0,second,2,2071,0,0,zero,0,2049,0,0
1587086777952228043,first,1,2061,0,0,second,2,2072,0,0,zero,0,2049,0,0
1587086778080261772,first,1,2060,0,0,second,2,2071,0,0,zero,0,2048,0,0
1587086778207838890,first,1,2060,0,0,second,2,2071,0,-1,zero,0,2048,0,0
1587086778271944305,first,1,2060,0,0,second,2,2072,0,0,zero,0,2048,0,0
1587086778400297949,first,1,2060,0,0,second,2,2072,0,0,zero,0,2048,0,0
1587086778464265052,first,1,2060,0,0,second,2,2072,0,0,zero,0,2048,0,0
1587086778592275927,first,1,2060,0,0,second,2,2071,0,0,zero,0,2048,0,0
1587086778655618643,first,1,2060,0,0,second,2,2071,0,0,zero,0,2048,0,0
1587086778784263171,first,1,2061,0,0,second,2,2071,0,-1,zero,0,2048,0,0
1587086778912370310,first,1,2060,0,0,second,2,2071,0,0,zero,0,2048,0,0
1587086778976337026,first,1,2061,0,0,second,2,2071,0,0,zero,0,2048,0,0
1587086779104127046,first,1,2060,0,0,second,2,2071,0,0,zero,0,2048,0,0
1587086779168049250,first,1,2060,0,0,second,2,2072,0,-1,zero,0,2048,0,0
1587086779296265287,first,1,2060,0,0,second,2,2071,0,-1,zero,0,2048,0,0
1587086779360149121,first,1,2061,0,0,second,2,2072,0,-1,zero,0,2049,0,0
1587086779488167591,first,1,2060,0,0,second,2,2071,0,0,zero,0,2048,0,0
1587086779552112403,first,1,2060,0,0,second,2,2071,0,0,zero,0,2048,0,0
1587086779680050176,first,1,2060,0,0,second,2,2071,0,0,zero,0,2048,0,0
1587086779808153799,first,1,2061,0,0,second,2,2071,0,-1,zero,0,2048,0,0
1587086779872111962,first,1,2060,0,0,second,2,2071,0,-1,zero,0,2048,0,0
1587086780000071871,first,1,2060,0,0,second,2,2072,0,-1,zero,0,2048,0,0
1587086780064115821,first,1,2060,0,0,second,2,2072,0,0,zero,0,2048,0,0
1587086780192200396,first,1,2060,0,0,second,2,2071,0,0,zero,0,2048,0,0
1587086780256144996,first,1,2061,0,0,second,2,2071,0,0,zero,0,2048,0,0
1587086780384046477,first,1,2061,0,0,second,2,2072,0,-1,zero,0,2048,0,0
1587086780512087519,first,1,2061,0,0,second,2,2071,0,0,zero,0,2048,0,0
1587086780575997439,first,1,2060,0,0,second,2,2071,0,0,zero,0,2049,0,0
1587086780704087169,first,1,2060,0,0,second,2,2071,0,0,zero,0,2048,0,0
1587086780768063757,first,1,2060,0,0,second,2,2071,0,-1,zero,0,2048,0,0
1587086780896113448,first,1,2060,0,0,second,2,2071,0,0,zero,0,2049,0,0
1587086780959955821,first,1,2060,0,0,second,2,2072,0,-1,zero,0,2049,0,0
1587086781087943131,first,1,2061,0,0,second,2,2071,0,0,zero,0,2048,0,0
1587086781151986188,first,1,2060,0,0,second,2,2071,0,0,zero,0,2048,0,0
1587086781280137096,first,1,2060,0,0,second,2,2072,0,0,zero,0,2048,0,0
