1598774578947012475,first,1,-509,0,0,fourth,4,710,0,0,second,2,2677,0,0,third,3,2877,0,0,zero,0,1452,0,0
1598774579058947694,first,1,-508,0,0,fourth,4,710,0,0,second,2,2676,0,0,third,3,2877,0,0,zero,0,1452,0,0
1598774579170748013,first,1,-509,0,0,fourth,4,710,0,0,second,2,2677,0,0,third,3,2877,0,0,zero,0,1452,0,0
1598774579171781210,first,1,-509,0,0,fourth,4,710,0,0,second,2,2677,0,0,third,3,2877,0,0,zero,0,1452,0,0
1598774579282502418,first,1,-508,0,0,fourth,4,710,0,0,second,2,2677,0,0,third,3,2877,0,0,zero,0,1452,0,0
1598774579394594300,first,1,-509,0,0,fourth,4,710,0,0,second,2,2677,0,0,third,3,2877,0,0,zero,0,1452,0,0
1598774579506555873,first,1,-509,0,0,fourth,4,710,0,0,second,2,2677,0,0,third,3,2877,0,0,zero,0,1452,0,0
1598774579618515985,first,1,-509,0,0,fourth,4,710,0,0,second,2,2676,0,0,third,3,2877,0,0,zero,0,1452,0,0
1598774579731078021,first,1,-509,0,0,fourth,4,710,0,0,second,2,2677,0,0,third,3,2877,0,0,zero,0,1452,0,0
1598774579843090243,first,1,-509,0,0,fourth,4,710,0,0,second,2,2677,0,0,third,3,2877,0,0,zero,0,1452,0,0
1598774579954972610,first,1,-509,0,0,fourth,4,710,0,0,second,2,2676,0,0,third,3,2877,0,0,zero,0,1451,0,0
1598774580067239167,first,1,-509,0,0,fourth,4,709,0,0,second,2,2677,0,0,third,3,2877,0,0,zero,0,1452,0,0
1598774580178740407,first,1,-509,0,0,fourth,4,710,0,0,second,2,2677,0,0,third,3,2877,0,0,zero,0,1452,0,0
1598774580290242436,first,1,-509,0,0,fourth,4,710,0,0,second,2,2676,0,0,third,3,2877,0,0,zero,0,1452,0,0
1598774580402716042,first,1,-508,0,0,fourth,4,710,0,0,second,2,2676,0,0,third,3,2877,0,0,zero,0,1452,0,0
1598774580514868421,first,1,-509,0,0,fourth,4,710,0,0,second,2,2677,0,0,third,3,2877,0,0,zero,0,1452,0,0
1598774580626819770,first,1,-508,0,0,fourth,4,710,0,0,second,2,2677,0,0,third,3,2877,0,0,zero,0,1452,0,0
1598774580738765744,first,1,-509,0,0,fourth,4,710,0,0,second,2,2676,0,0,third,3,2877,0,0,zero,0,1452,0,0
1598774580850941649,first,1,-508,0,0,fourth,4,709,0,0,second,2,2677,0,0,third,3,2877,0,0,zero,0,1452,0,0
1598774580962672656,first,1,-509,0,0,fourth,4,710,0,0,second,2,2676,0,0,third,3,2877,0,0,zero,0,1452,0,0
1598774581074723927,first,1,-509,0,0,fourth,4,710,0,0,second,2,2676,0,0,third,3,2877,0,0,zero,0,1452,0,0
1598774581186758520,first,1,-509,0,0,fourth,4,710,0,0,second,2,2676,0,0,third,3,2877,0,0,zero,0,1452,0,0
1598774581298721596,first,1,-508,0,0,fourth,4,710,0,0,second,2,2677,0,0,third,3,2877,0,0,zero,0,1452,0,0
1598774581410882397,first,1,-508,0,0,fourth,4,710,0,0,second,2,2676,0,0,third,3,2877,0,0,zero,0,1452,0,0
1598774581522653406,first,1,-508,0,0,fourth,4,709,0,0,second,2,2676,0,0,third,3,2877,0,0,zero,0,1452,0,0
1598774581634678993,first,1,-508,0,0,fourth,4,709,0,0,second,2,2676,0,0,third,3,2877,0,0,zero,0,1452,0,0
1598774581634883824,first,1,-508,0,0,fourth,4,709,0,0,second,2,2676,0,0,third,3,2877,0,0,zero,0,1452,0,0
1598774581746727276,first,1,-509,0,0,fourth,4,710,0,0,second,2,2676,0,0,third,3,2877,0,0,zero,0,1452,0,0
1598774581858965475,first,1,-508,0,0,fourth,4,710,0,0,second,2,2676,0,0,third,3,2877,0,0,zero,0,1452,0,0
1598774581970960294,first,1,-508,0,0,fourth,4,710,0,0,second,2,2677,0,0,third,3,2877,0,0,zero,0,1452,0,0
1598774582082876464,first,1,-509,0,0,fourth,4,710,0,0,second,2,2676,0,0,third,3,2877,0,0,zero,0,1452,0,0
1598774582194180849,first,1,-508,0,0,fourth,4,709,0,0,second,2,2676,0,0,third,3,2877,0,0,zero,0,1452,0,0
1598774582305995537,first,1,-508,0,0,fourth,4,710,0,0,second,2,2676,0,0,third,3,2877,0,0,zero,0,1452,0,0
1598774582417998110,first,1,-509,0,0,fourth,4,710,0,0,second,2,2676,0,0,third,3,2877,0,0,zero,0,1452,0,0
1598774582530024598,first,1,-508,0,0,fourth,4,710,0,0,second,2,2677,0,0,third,3,2877,0,0,zero,0,1452,0,0
1598774582642022414,first,1,-509,0,0,fourth,4,710,0,0,second,2,2676,0,0,third,3,2877,0,0,zero,0,1452,0,0
1598774582754007571,first,1,-509,0,0,fourth,4,710,0,0,second,2,2676,0,0,third,3,2877,0,0,zero,0,1452,0,0
1598774582866024319,first,1,-509,0,0,fourth,4,710,0,0,second,2,2676,0,0,third,3,2877,0,0,zero,0,1452,0,0
1598774582978019334,first,1,-509,0,0,fourth,4,710,0,0,second,2,2676,0,0,third,3,2877,0,0,zero,0,1452,0,0
1598774583090039379,first,1,-509,0,0,fourth,4,710,0,0,second,2,2676,0,0,third,3,2877,0,0,zero,0,1452,0,0
1598774583201990222,first,1,-509,0,0,fourth,4,710,0,0,second,2,2676,0,0,third,3,2877,0,0,zero,0,1452,0,0
1598774583314046984,first,1,-509,0,0,fourth,4,710,0,0,second,2,2677,0,0,third,3,2877,0,0,zero,0,1452,0,0
1598774583426057393,first,1,-508,0,0,fourth,4,710,0,0,second,2,2676,0,0,third,3,2877,0,0,zero,0,1451,0,0
1598774583538552036,first,1,-508,0,0,fourth,4,710,0,0,second,2,2676,0,0,third,3,2877,0,0,zero,0,1452,0,0
1598774583650687684,first,1,-508,0,0,fourth,4,710,0,0,second,2,2676,0,0,third,3,2877,0,0,zero,0,1452,0,0
1598774583762687187,first,1,-508,0,0,fourth,4,710,0,0,second,2,2676,0,0,third,3,2877,0,0,zero,0,1452,0,0
1598774583874670209,first,1,-509,0,0,fourth,4,710,0,0,second,2,2677,0,0,third,3,2877,0,0,zero,0,1452,0,0
1598774583986379349,first,1,-508,0,0,fourth,4,709,0,0,second,2,2676,0,0,third,3,2877,0,0,zero,0,1452,0,0
1598774584098558673,first,1,-509,0,0,fourth,4,710,0,0,second,2,2677,0,0,third,3,2877,0,0,zero,0,1452,0,0
1598774584210524645,first,1,-508,0,0,fourth,4,710,0,0,second,2,2677,0,0,third,3,2877,0,0,zero,0,1452,0,0
1598774584322497181,first,1,-509,0,0,fourth,4,710,0,0,second,2,2676,0,0,third,3,2877,0,0,zero,0,1452,0,0
1598774584434404483,first,1,-509,0,0,fourth,4,710,0,0,second,2,2676,0,0,third,3,2877,0,0,zero,0,1452,0,0
1598774584626426549,first,1,-508,0,0,fourth,4,710,0,0,second,2,2676,0,0,third,3,2877,0,0,zero,0,1452,0,0
1598774584738494600,first,1,-509,0,0,fourth,4,710,0,0,second,2,2676,0,0,third,3,2877,0,0,zero,0,1452,0,0
1598774584850379685,first,1,-508,0,0,fourth,4,710,0,0,second,2,2676,0,0,third,3,2877,0,0,zero,0,1452,0,0
1598774584962392455,first,1,-508,0,0,fourth,4,710,0,0,second,2,2677,0,0,third,3,2877,0,0,zero,0,1452,0,0
1598774584962609270,first,1,-508,0,0,fourth,4,710,0,0,second,2,2677,0,0,third,3,2877,0,0,zero,0,1452,0,0
1598774585075158902,first,1,-509,0,0,fourth,4,710,0,0,second,2,2677,0,0,third,3,2877,0,0,zero,0,1452,0,0
1598774585185826052,first,1,-509,0,-2,fourth,4,710,0,0,second,2,2676,0,0,third,3,2876,0,-1,zero,0,1452,0,-1
1598774585298538245,first,1,-509,0,-5,fourth,4,710,0,0,second,2,2677,0,0,third,3,2877,0,-1,zero,0,1450,0,-3
1598774585410581692,first,1,-508,0,-4,fourth,4,710,0,0,second,2,2676,0,0,third,3,2877,0,-1,zero,0,1435,-7,-2
1598774585522573957,first,1,-509,0,-4,fourth,4,709,0,0,second,2,2676,0,1,third,3,2876,0,-2,zero,0,1417,-9,-2
1598774585634509335,first,1,-511,0,-5,fourth,4,710,0,-1,second,2,2676,0,-3,third,3,2876,0,-2,zero,0,1395,-10,-6
1598774585746409478,first,1,-527,-8,-4,fourth,4,710,0,-1,second,2,2676,0,-1,third,3,2869,-2,-3,zero,0,1375,-10,-6
1598774585858375372,first,1,-549,-11,-5,fourth,4,710,0,-1,second,2,2676,0,-3,third,3,2852,-8,-2,zero,0,1352,-11,-5
1598774585970292866,first,1,-573,-11,-5,fourth,4,710,0,-2,second,2,2676,0,-2,third,3,2837,-8,-2,zero,0,1325,-14,-8
1598774586082312567,first,1,-598,-13,-3,fourth,4,710,0,-2,second,2,2673,0,-6,third,3,2826,-5,-2,zero,0,1293,-16,-7
1598774586194348600,first,1,-621,-12,-5,fourth,4,709,0,-2,second,2,2667,-3,-4,third,3,2818,-4,-2,zero,0,1260,-17,-9
1598774586306283455,first,1,-652,-16,-8,fourth,4,709,0,-2,second,2,2643,-12,-4,third,3,2811,-2,-2,zero,0,1218,-22,-9
1598774586418331011,first,1,-692,-21,-4,fourth,4,710,0,-3,second,2,2606,-19,-3,third,3,2811,0,-2,zero,0,1172,-25,-8
1598774586530363224,first,1,-735,-24,-7,fourth,4,709,0,-2,second,2,2560,-25,-5,third,3,2811,0,-2,zero,0,1128,-24,-9
1598774586642384381,first,1,-789,-29,-6,fourth,4,709,0,-3,second,2,2510,-27,-3,third,3,2811,0,-1,zero,0,1080,-27,-8
1598774586754517025,first,1,-841,-29,-4,fourth,4,709,0,-3,second,2,2467,-22,-2,third,3,2810,0,-1,zero,0,1020,-33,-11
1598774586866629078,first,1,-891,-28,-6,fourth,4,709,0,-3,second,2,2443,-11,-1,third,3,2810,0,-1,zero,0,959,-33,-9
1598774586978295047,first,1,-946,-29,-7,fourth,4,709,0,-1,second,2,2431,-6,-1,third,3,2810,0,-1,zero,0,891,-38,-9
1598774587090216693,first,1,-1002,-30,-3,fourth,4,709,0,-3,second,2,2422,-4,-1,third,3,2810,0,-1,zero,0,823,-37,-7
1598774587202254718,first,1,-1053,-28,-4,fourth,4,708,0,-3,second,2,2413,-4,-2,third,3,2810,0,-1,zero,0,764,-33,-8
1598774587202491345,first,1,-1053,-28,-4,fourth,4,708,0,-3,second,2,2413,-4,-2,third,3,2810,0,-1,zero,0,764,-33,-8
1598774587314569997,first,1,-1107,-29,-5,fourth,4,708,0,-2,second,2,2402,-4,-3,third,3,2811,0,-3,zero,0,703,-33,-9
1598774587426544915,first,1,-1159,-29,-4,fourth,4,708,0,-3,second,2,2390,-5,-1,third,3,2810,0,-2,zero,0,646,-31,-6
1598774587538470339,first,1,-1206,-26,-5,fourth,4,708,0,-2,second,2,2378,-5,-3,third,3,2810,0,-3,zero,0,596,-28,-10
1598774587650251903,first,1,-1253,-26,-8,fourth,4,708,0,-2,second,2,2365,-6,-3,third,3,2810,0,-2,zero,0,542,-29,-10
1598774587762196507,first,1,-1298,-24,-4,fourth,4,708,0,-2,second,2,2352,-6,-2,third,3,2810,0,-3,zero,0,484,-32,-8
1598774587874211832,first,1,-1333,-18,-5,fourth,4,708,0,-2,second,2,2338,-6,-2,third,3,2810,0,-3,zero,0,439,-24,-11
1598774587986382536,first,1,-1369,-18,-6,fourth,4,708,0,-2,second,2,2323,-7,-5,third,3,2809,0,-2,zero,0,400,-21,-11
1598774588098235953,first,1,-1407,-20,-5,fourth,4,708,0,-2,second,2,2306,-8,-2,third,3,2798,-5,-2,zero,0,362,-21,-9
1598774588210373696,first,1,-1439,-17,-6,fourth,4,708,0,0,second,2,2290,-8,-3,third,3,2775,-10,-3,zero,0,322,-21,-11
1598774588322180630,first,1,-1476,-19,-9,fourth,4,708,0,0,second,2,2274,-7,-4,third,3,2748,-14,-3,zero,0,275,-26,-13
1598774588434171585,first,1,-1526,-27,-7,fourth,4,708,0,0,second,2,2257,-8,-1,third,3,2724,-12,-2,zero,0,214,-33,-14
1598774588546838062,first,1,-1580,-29,-9,fourth,4,708,0,-1,second,2,2241,-8,-3,third,3,2702,-11,-1,zero,0,151,-34,-13
1598774588658196397,first,1,-1638,-30,-9,fourth,4,708,0,0,second,2,2222,-9,-5,third,3,2682,-11,-1,zero,0,85,-37,-14
1598774588770399724,first,1,-1691,-29,-8,fourth,4,708,0,0,second,2,2203,-9,-2,third,3,2665,-8,-1,zero,0,18,-36,-9
1598774588881936595,first,1,-1739,-26,-7,fourth,4,708,0,0,second,2,2184,-9,-3,third,3,2650,-7,-2,zero,0,-42,-33,-14
1598774588994103034,first,1,-1789,-26,-11,fourth,4,709,0,0,second,2,2164,-9,-3,third,3,2634,-7,-1,zero,0,-101,-33,-14
1598774589106159426,first,1,-1840,-28,-9,fourth,4,709,0,0,second,2,2146,-9,-2,third,3,2619,-7,-1,zero,0,-162,-33,-11
1598774589218217541,first,1,-1884,-24,-8,fourth,4,709,0,0,second,2,2128,-9,-2,third,3,2603,-7,-1,zero,0,-218,-31,-14
1598774589330047117,first,1,-1930,-24,-12,fourth,4,709,0,0,second,2,2106,-10,-2,third,3,2586,-8,-1,zero,0,-273,-31,-13
1598774589442104819,first,1,-1978,-26,-7,fourth,4,709,0,0,second,2,2085,-10,-3,third,3,2571,-8,-1,zero,0,-324,-26,-12
1598774589554048437,first,1,-2011,-18,-9,fourth,4,709,0,0,second,2,2066,-10,-4,third,3,2557,-6,-1,zero,0,-363,-21,-14
1598774589666095427,first,1,-2044,-17,-10,fourth,4,709,0,0,second,2,2046,-10,-2,third,3,2541,-7,-1,zero,0,-401,-21,-14
1598774589778097828,first,1,-2073,-15,-9,fourth,4,709,0,0,second,2,2026,-10,-3,third,3,2526,-7,-1,zero,0,-437,-19,-14
1598774589890065317,first,1,-2099,-12,-12,fourth,4,709,0,0,second,2,2007,-10,-3,third,3,2511,-7,-2,zero,0,-468,-16,-15
1598774590002090328,first,1,-2130,-16,-11,fourth,4,710,0,-1,second,2,1989,-10,-3,third,3,2497,-7,-2,zero,0,-503,-19,-18
1598774590114074259,first,1,-2163,-18,-12,fourth,4,710,0,0,second,2,1971,-10,-3,third,3,2483,-7,-1,zero,0,-546,-22,-14
1598774590226001714,first,1,-2197,-17,-11,fourth,4,710,0,0,second,2,1953,-9,-6,third,3,2470,-6,-2,zero,0,-582,-19,-15
1598774590337973749,first,1,-2234,-18,-11,fourth,4,710,0,-1,second,2,1933,-9,-6,third,3,2455,-6,-3,zero,0,-617,-20,-15
1598774590450014838,first,1,-2266,-17,-11,fourth,4,710,0,-1,second,2,1914,-9,-3,third,3,2441,-7,-1,zero,0,-663,-25,-14
1598774590562005909,first,1,-2298,-17,-12,fourth,4,710,0,-1,second,2,1896,-9,-5,third,3,2426,-7,-5,zero,0,-702,-21,-16
1598774590673930141,first,1,-2337,-20,-14,fourth,4,710,0,0,second,2,1874,-10,-5,third,3,2409,-7,-4,zero,0,-747,-23,-16
1598774590786209579,first,1,-2377,-22,-10,fourth,4,710,0,0,second,2,1851,-11,-4,third,3,2393,-8,-5,zero,0,-790,-23,-13
1598774590786259563,first,1,-2377,-22,-10,fourth,4,710,0,0,second,2,1851,-11,-4,third,3,2393,-8,-5,zero,0,-790,-23,-13
1598774590898260739,first,1,-2412,-19,-10,fourth,4,710,0,-2,second,2,1828,-11,-6,third,3,2381,-6,-5,zero,0,-829,-22,-15
1598774591010164161,first,1,-2441,-15,-12,fourth,4,710,0,-2,second,2,1806,-11,-4,third,3,2366,-6,-7,zero,0,-864,-18,-16
1598774591122152143,first,1,-2469,-14,-12,fourth,4,710,0,-2,second,2,1784,-11,-5,third,3,2352,-7,-4,zero,0,-899,-18,-13
1598774591234167885,first,1,-2495,-14,-12,fourth,4,710,0,-3,second,2,1764,-10,-5,third,3,2338,-6,-7,zero,0,-928,-16,-17
1598774591346167981,first,1,-2518,-13,-12,fourth,4,710,0,-3,second,2,1743,-11,-6,third,3,2321,-7,-7,zero,0,-960,-17,-17
1598774591458097700,first,1,-2542,-12,-10,fourth,4,709,0,-2,second,2,1721,-11,-6,third,3,2306,-7,-8,zero,0,-993,-17,-13
1598774591570124847,first,1,-2569,-13,-10,fourth,4,705,0,-5,second,2,1700,-10,-6,third,3,2294,-6,-7,zero,0,-1016,-12,-17
1598774591682171570,first,1,-2592,-12,-11,fourth,4,695,-4,-2,second,2,1677,-11,-5,third,3,2279,-7,-10,zero,0,-1040,-12,-15
1598774591794135089,first,1,-2610,-9,-10,fourth,4,691,-2,-3,second,2,1654,-12,-5,third,3,2256,-11,-8,zero,0,-1071,-16,-16
1598774591905680758,first,1,-2629,-9,-11,fourth,4,684,-3,-2,second,2,1632,-11,-5,third,3,2230,-13,-10,zero,0,-1097,-14,-15
1598774592018043141,first,1,-2649,-10,-10,fourth,4,668,-7,-4,second,2,1606,-14,-9,third,3,2200,-15,-11,zero,0,-1120,-12,-14
1598774592129919350,first,1,-2663,-7,-9,fourth,4,652,-8,-2,second,2,1575,-16,-6,third,3,2173,-14,-9,zero,0,-1144,-12,-15
1598774592130048464,first,1,-2663,-7,-9,fourth,4,652,-8,-2,second,2,1575,-16,-6,third,3,2173,-14,-9,zero,0,-1144,-12,-15
1598774592242020090,first,1,-2673,-5,-7,fourth,4,639,-6,-5,second,2,1546,-16,-5,third,3,2142,-15,-9,zero,0,-1165,-11,-15
1598774592354244579,first,1,-2681,-4,-8,fourth,4,625,-7,-4,second,2,1520,-14,-7,third,3,2112,-15,-8,zero,0,-1184,-10,-12
1598774592466215659,first,1,-2685,-2,-9,fourth,4,609,-7,-4,second,2,1490,-15,-4,third,3,2082,-16,-10,zero,0,-1197,-6,-13
1598774592578079144,first,1,-2685,0,-7,fourth,4,594,-7,-3,second,2,1466,-13,-6,third,3,2054,-14,-11,zero,0,-1201,-1,-13
1598774592690026314,first,1,-2685,0,-9,fourth,4,576,-8,-3,second,2,1442,-13,-7,third,3,2025,-15,-11,zero,0,-1203,0,-12
1598774592802009864,first,1,-2685,0,-7,fourth,4,559,-9,-3,second,2,1416,-13,-5,third,3,2000,-14,-8,zero,0,-1208,0,-16
1598774592913784495,first,1,-2685,0,-7,fourth,4,544,-7,-5,second,2,1394,-11,-6,third,3,1974,-13,-9,zero,0,-1218,-4,-13
1598774593026059386,first,1,-2685,0,-6,fourth,4,529,-7,-5,second,2,1371,-12,-6,third,3,1944,-15,-10,zero,0,-1237,-9,-13
1598774593137313626,first,1,-2685,0,-7,fourth,4,514,-7,-4,second,2,1346,-13,-7,third,3,1914,-15,-9,zero,0,-1247,-4,-14
1598774593137334266,first,1,-2685,0,-7,fourth,4,514,-7,-4,second,2,1346,-13,-7,third,3,1914,-15,-9,zero,0,-1247,-4,-14
1598774593249919223,first,1,-2685,0,-7,fourth,4,497,-7,-4,second,2,1324,-12,-7,third,3,1883,-16,-10,zero,0,-1248,0,-13
1598774593361995084,first,1,-2685,0,-6,fourth,4,477,-9,-3,second,2,1299,-12,-6,third,3,1852,-16,-13,zero,0,-1248,0,-13
1598774593474035878,first,1,-2685,0,-5,fourth,4,459,-9,-5,second,2,1273,-14,-8,third,3,1825,-14,-11,zero,0,-1248,0,-12
1598774593585965971,first,1,-2685,0,-4,fourth,4,445,-7,-4,second,2,1252,-12,-5,third,3,1801,-13,-13,zero,0,-1248,0,-14
1598774593698016461,first,1,-2685,0,-4,fourth,4,429,-7,-5,second,2,1230,-11,-6,third,3,1779,-12,-11,zero,0,-1248,0,-10
1598774593809991406,first,1,-2683,0,-4,fourth,4,414,-7,-3,second,2,1207,-11,-7,third,3,1757,-11,-12,zero,0,-1248,0,-13
1598774593921976488,first,1,-2682,0,-2,fourth,4,402,-6,-4,second,2,1188,-10,-6,third,3,1741,-8,-13,zero,0,-1248,0,-11
1598774594033885462,first,1,-2681,0,-1,fourth,4,391,-5,-7,second,2,1170,-9,-8,third,3,1720,-10,-14,zero,0,-1248,0,-11
1598774594145939664,first,1,-2681,0,-2,fourth,4,377,-6,-4,second,2,1153,-9,-7,third,3,1695,-12,-13,zero,0,-1248,0,-10
1598774594257784473,first,1,-2679,0,0,fourth,4,363,-6,-6,second,2,1136,-8,-6,third,3,1675,-11,-14,zero,0,-1248,0,-9
1598774594369866458,first,1,-2678,0,0,fourth,4,350,-6,-5,second,2,1118,-8,-8,third,3,1654,-10,-15,zero,0,-1248,0,-9
1598774594369928208,first,1,-2678,0,0,fourth,4,350,-6,-5,second,2,1118,-8,-8,third,3,1654,-10,-15,zero,0,-1248,0,-9
1598774594482177463,first,1,-2678,0,0,fourth,4,338,-6,-6,second,2,1103,-8,-6,third,3,1627,-13,-12,zero,0,-1249,0,-8
1598774594594172160,first,1,-2661,7,2,fourth,4,323,-7,-8,second,2,1092,-5,-8,third,3,1602,-13,-16,zero,0,-1249,0,-6
1598774594705897512,first,1,-2596,37,3,fourth,4,303,-10,-6,second,2,1081,-5,-7,third,3,1576,-13,-13,zero,0,-1248,0,-6
1598774594817828347,first,1,-2535,32,2,fourth,4,278,-12,-6,second,2,1068,-6,-6,third,3,1544,-16,-13,zero,0,-1248,0,-6
1598774594929935007,first,1,-2531,0,0,fourth,4,256,-12,-6,second,2,1051,-8,-7,third,3,1507,-19,-14,zero,0,-1248,0,-4
1598774595041834534,first,1,-2520,5,2,fourth,4,232,-12,-7,second,2,1032,-9,-6,third,3,1477,-16,-14,zero,0,-1248,0,-3
1598774595153868520,first,1,-2473,25,1,fourth,4,211,-10,-6,second,2,1014,-9,-8,third,3,1449,-15,-14,zero,0,-1248,0,-2
1598774595266280899,first,1,-2399,40,2,fourth,4,195,-8,-7,second,2,998,-8,-8,third,3,1425,-13,-13,zero,0,-1247,0,-1
1598774595377924077,first,1,-2340,31,-4,fourth,4,178,-8,-8,second,2,982,-8,-7,third,3,1403,-12,-13,zero,0,-1245,0,0
1598774595489919398,first,1,-2337,0,0,fourth,4,166,-6,-4,second,2,970,-6,-7,third,3,1384,-10,-12,zero,0,-1243,0,-1
1598774595601879332,first,1,-2337,0,0,fourth,4,157,-4,-6,second,2,961,-4,-6,third,3,1368,-9,-12,zero,0,-1241,0,0
1598774595713862255,first,1,-2328,4,1,fourth,4,149,-4,-6,second,2,960,0,-6,third,3,1354,-7,-11,zero,0,-1238,0,0
1598774595825692389,first,1,-2294,19,1,fourth,4,142,-3,-4,second,2,960,0,-7,third,3,1349,-1,-10,zero,0,-1236,0,1
1598774595937739774,first,1,-2258,19,1,fourth,4,140,0,-6,second,2,960,0,-8,third,3,1349,0,-11,zero,0,-1231,1,0
1598774596049864998,first,1,-2214,23,2,fourth,4,140,0,-8,second,2,959,0,-8,third,3,1348,0,-14,zero,0,-1212,13,1
1598774596161446388,first,1,-2171,22,1,fourth,4,140,0,-6,second,2,960,0,-7,third,3,1349,0,-12,zero,0,-1152,33,1
1598774596273654368,first,1,-2171,0,0,fourth,4,127,-6,-6,second,2,959,0,-8,third,3,1349,0,-12,zero,0,-1092,33,1
1598774596385658326,first,1,-2162,4,1,fourth,4,113,-7,-5,second,2,960,0,-7,third,3,1348,0,-14,zero,0,-1047,17,3
1598774596497614496,first,1,-2126,19,1,fourth,4,111,0,-6,second,2,960,0,-9,third,3,1335,-6,-14,zero,0,-1041,1,0
1598774596609671287,first,1,-2082,24,2,fourth,4,107,-1,-6,second,2,960,0,-7,third,3,1316,-10,-15,zero,0,-1037,1,0
1598774596609721855,first,1,-2082,24,2,fourth,4,107,-1,-6,second,2,960,0,-7,third,3,1316,-10,-15,zero,0,-1037,1,0
1598774596721763519,first,1,-2012,38,3,fourth,4,88,-8,-7,second,2,959,0,-6,third,3,1303,-6,-12,zero,0,-1018,13,1
1598774596833814128,first,1,-1955,29,1,fourth,4,75,-7,-7,second,2,959,0,-7,third,3,1286,-8,-13,zero,0,-961,33,1
1598774596945916107,first,1,-1952,0,0,fourth,4,59,-8,-6,second,2,959,0,-8,third,3,1270,-8,-12,zero,0,-900,33,1
1598774597057789229,first,1,-1950,0,0,fourth,4,40,-9,-6,second,2,959,0,-7,third,3,1255,-7,-12,zero,0,-859,17,-1
1598774597169716402,first,1,-1948,0,0,fourth,4,27,-6,-7,second,2,951,-4,-7,third,3,1245,-4,-11,zero,0,-854,1,0
1598774597281763748,first,1,-1934,6,4,fourth,4,26,0,-8,second,2,926,-12,-8,third,3,1245,0,-13,zero,0,-851,1,0
1598774597393661053,first,1,-1882,29,3,fourth,4,26,0,-8,second,2,907,-9,-6,third,3,1244,0,-11,zero,0,-834,12,2
1598774597505531255,first,1,-1802,43,1,fourth,4,24,0,-6,second,2,903,0,-6,third,3,1245,0,-13,zero,0,-781,29,1
1598774597617546187,first,1,-1724,43,1,fourth,4,11,-6,-8,second,2,903,0,-6,third,3,1245,0,-13,zero,0,-726,30,1
1598774597729571412,first,1,-1671,27,1,fourth,4,-2,-6,-8,second,2,903,0,-5,third,3,1242,0,-13,zero,0,-671,30,1
1598774597841477325,first,1,-1671,0,0,fourth,4,-8,-3,-8,second,2,903,0,-6,third,3,1229,-6,-10,zero,0,-632,15,1
1598774597953451297,first,1,-1669,0,0,fourth,4,-19,-5,-6,second,2,903,0,-4,third,3,1222,-3,-11,zero,0,-629,1,0
1598774598065523606,first,1,-1657,5,2,fourth,4,-23,-1,-6,second,2,902,0,-6,third,3,1221,0,-13,zero,0,-616,10,1
1598774598177627327,first,1,-1619,20,1,fourth,4,-23,0,-7,second,2,903,0,-6,third,3,1221,0,-12,zero,0,-566,29,1
1598774598289547308,first,1,-1573,25,2,fourth,4,-31,-2,-6,second,2,903,0,-6,third,3,1221,0,-12,zero,0,-511,29,1
1598774598401465514,first,1,-1503,39,1,fourth,4,-46,-6,-5,second,2,903,0,-3,third,3,1221,0,-12,zero,0,-457,29,1
1598774598513503542,first,1,-1444,30,-10,fourth,4,-52,-2,-6,second,2,902,0,-6,third,3,1221,0,-10,zero,0,-419,15,1
1598774598625500981,first,1,-1442,0,0,fourth,4,-52,0,-6,second,2,903,0,-4,third,3,1221,0,-13,zero,0,-413,2,0
1598774598737455476,first,1,-1432,3,1,fourth,4,-52,0,-6,second,2,902,0,-4,third,3,1221,0,-11,zero,0,-397,11,1
1598774598849420629,first,1,-1396,19,1,fourth,4,-54,0,-6,second,2,903,0,-5,third,3,1221,0,-10,zero,0,-346,28,1
1598774598961509908,first,1,-1359,19,1,fourth,4,-65,-5,-5,second,2,902,0,-5,third,3,1221,0,-9,zero,0,-283,36,1
1598774599073515229,first,1,-1315,24,1,fourth,4,-78,-6,-6,second,2,903,0,-4,third,3,1221,0,-11,zero,0,-191,54,1
1598774599185405180,first,1,-1272,22,3,fourth,4,-92,-6,-5,second,2,903,0,-4,third,3,1221,0,-11,zero,0,-112,32,-17
1598774599297646648,first,1,-1269,0,0,fourth,4,-98,-2,-5,second,2,903,0,-4,third,3,1221,0,-11,zero,0,-101,2,-1
1598774599409445296,first,1,-1256,6,2,fourth,4,-98,0,-5,second,2,903,0,-4,third,3,1221,0,-11,zero,0,-100,0,0
1598774599521427220,first,1,-1207,27,1,fourth,4,-98,0,-5,second,2,902,0,-4,third,3,1221,0,-12,zero,0,-99,0,0
1598774599633663908,first,1,-1133,41,1,fourth,4,-98,0,-5,second,2,903,0,-3,third,3,1221,0,-11,zero,0,-87,8,1
1598774599745388888,first,1,-1044,49,1,fourth,4,-98,0,-5,second,2,903,0,-3,third,3,1221,0,-10,zero,0,-34,33,2
1598774599857736601,first,1,-984,31,2,fourth,4,-103,-1,-6,second,2,903,0,-2,third,3,1221,0,-10,zero,0,49,46,1
1598774599969382256,first,1,-980,0,-1,fourth,4,-119,-8,-6,second,2,903,0,-1,third,3,1221,0,-10,zero,0,107,22,3
1598774600081293450,first,1,-978,0,0,fourth,4,-128,-4,-5,second,2,903,0,-1,third,3,1221,0,-8,zero,0,114,2,0
1598774600193344676,first,1,-975,0,0,fourth,4,-128,0,-5,second,2,903,0,-2,third,3,1221,0,-10,zero,0,119,2,0
1598774600305221703,first,1,-964,5,2,fourth,4,-128,0,-6,second,2,903,0,1,third,3,1221,0,-9,zero,0,135,11,2
1598774600417255112,first,1,-917,25,1,fourth,4,-128,0,-6,second,2,903,0,0,third,3,1221,0,-6,zero,0,194,36,2
1598774600529366695,first,1,-848,39,1,fourth,4,-138,-4,-6,second,2,903,0,0,third,3,1221,0,-9,zero,0,283,49,1
1598774600641330624,first,1,-779,39,1,fourth,4,-157,-10,-6,second,2,903,0,0,third,3,1221,0,-6,zero,0,374,49,1
1598774600753291661,first,1,-732,24,-3,fourth,4,-168,-6,-2,second,2,903,0,0,third,3,1221,0,-7,zero,0,434,23,2
1598774600864930902,first,1,-731,0,0,fourth,4,-171,0,-4,second,2,903,0,0,third,3,1221,0,-5,zero,0,437,0,0
1598774600977358655,first,1,-729,0,0,fourth,4,-170,0,-4,second,2,905,0,0,third,3,1221,0,-5,zero,0,440,0,0
1598774601089418952,first,1,-717,5,1,fourth,4,-170,0,-4,second,2,908,0,0,third,3,1220,0,-6,zero,0,455,10,3
1598774601201762140,first,1,-681,19,1,fourth,4,-170,0,-3,second,2,912,0,0,third,3,1221,0,-5,zero,0,500,25,1
1598774601313238677,first,1,-636,24,1,fourth,4,-172,0,-3,second,2,928,11,1,third,3,1221,0,-4,zero,0,554,30,2
1598774601425293158,first,1,-567,38,1,fourth,4,-182,-4,-5,second,2,993,39,2,third,3,1221,0,-4,zero,0,627,42,1
1598774601425561210,first,1,-567,38,1,fourth,4,-182,-4,-5,second,2,993,39,2,third,3,1221,0,-4,zero,0,627,42,1
1598774601537601821,first,1,-509,30,3,fourth,4,-192,-4,-3,second,2,1058,27,-5,third,3,1221,0,-3,zero,0,687,23,2
1598774601649511991,first,1,-507,0,0,fourth,4,-194,0,-3,second,2,1063,0,-1,third,3,1221,0,-1,zero,0,690,0,0
1598774601761421829,first,1,-504,0,0,fourth,4,-194,0,-2,second,2,1063,0,0,third,3,1221,0,-2,zero,0,701,8,3
1598774601873490050,first,1,-501,0,0,fourth,4,-193,0,-2,second,2,1064,0,0,third,3,1221,0,-3,zero,0,750,29,1
1598774601985645216,first,1,-487,7,1,fourth,4,-194,0,-2,second,2,1065,0,0,third,3,1222,0,-1,zero,0,824,42,1
1598774602097536707,first,1,-430,32,3,fourth,4,-194,0,-2,second,2,1069,0,0,third,3,1222,0,-1,zero,0,910,49,1
1598774602209647758,first,1,-345,47,1,fourth,4,-194,0,-2,second,2,1071,0,0,third,3,1222,0,0,zero,0,973,24,1
1598774602321519277,first,1,-288,29,1,fourth,4,-195,0,-2,second,2,1085,10,2,third,3,1223,0,0,zero,0,976,0,0
1598774602433488969,first,1,-286,0,0,fourth,4,-194,0,-1,second,2,1143,35,3,third,3,1224,0,0,zero,0,978,0,0
1598774602545430978,first,1,-286,0,0,fourth,4,-194,0,-1,second,2,1203,25,2,third,3,1225,0,0,zero,0,983,0,0
1598774602657452617,first,1,-283,0,0,fourth,4,-194,0,-1,second,2,1207,0,0,third,3,1228,0,0,zero,0,997,10,1
1598774602769279276,first,1,-272,5,2,fourth,4,-194,0,-1,second,2,1209,0,0,third,3,1246,9,1,zero,0,1050,32,3
1598774602881192332,first,1,-226,25,1,fourth,4,-193,0,0,second,2,1213,0,0,third,3,1301,30,1,zero,0,1129,44,1
1598774602993230566,first,1,-157,38,1,fourth,4,-192,0,0,second,2,1228,10,1,third,3,1355,30,1,zero,0,1207,44,1
1598774603105109535,first,1,-109,24,0,fourth,4,-191,0,0,second,2,1283,34,3,third,3,1389,17,0,zero,0,1260,19,1
1598774603217147685,first,1,-108,0,0,fourth,4,-190,0,0,second,2,1339,23,2,third,3,1389,0,0,zero,0,1262,0,0
1598774603329144259,first,1,-106,0,0,fourth,4,-188,0,0,second,2,1343,0,0,third,3,1391,0,0,zero,0,1264,0,0
1598774603441273093,first,1,-94,5,1,fourth,4,-188,0,0,second,2,1345,0,0,third,3,1403,5,1,zero,0,1279,9,1
1598774603553271849,first,1,-57,20,1,fourth,4,-186,0,1,second,2,1348,0,0,third,3,1437,17,1,zero,0,1329,29,2
1598774603665132681,first,1,-17,20,1,fourth,4,-185,0,0,second,2,1362,10,2,third,3,1472,18,1,zero,0,1400,40,2
1598774603777222252,first,1,10,13,0,fourth,4,-181,0,0,second,2,1417,34,3,third,3,1505,18,1,zero,0,1481,44,1
1598774603888608572,first,1,11,0,0,fourth,4,-175,1,0,second,2,1475,23,2,third,3,1525,9,0,zero,0,1534,19,5
1598774603888638711,first,1,11,0,0,fourth,4,-175,1,0,second,2,1475,23,2,third,3,1525,9,0,zero,0,1534,19,5
1598774604001024242,first,1,13,0,0,fourth,4,-169,1,0,second,2,1480,0,0,third,3,1527,0,0,zero,0,1534,0,0
1598774604112921878,first,1,27,6,1,fourth,4,-164,1,0,second,2,1490,7,2,third,3,1536,4,1,zero,0,1536,0,0
1598774604225222230,first,1,70,24,1,fourth,4,-158,1,0,second,2,1534,24,1,third,3,1570,18,2,zero,0,1539,0,0
1598774604337218853,first,1,99,14,0,fourth,4,-140,9,1,second,2,1580,25,1,third,3,1620,27,2,zero,0,1551,7,2
1598774604449251030,first,1,98,0,0,fourth,4,-76,36,2,second,2,1627,25,1,third,3,1683,34,2,zero,0,1595,26,2
1598774604561236900,first,1,99,0,0,fourth,4,-11,34,-14,second,2,1658,13,-2,third,3,1727,23,-1,zero,0,1660,36,1
1598774604673186368,first,1,102,0,0,fourth,4,-4,1,-1,second,2,1658,0,0,third,3,1728,0,0,zero,0,1727,36,1
1598774604785087738,first,1,116,6,2,fourth,4,-4,0,0,second,2,1660,0,0,third,3,1731,0,0,zero,0,1768,14,0
1598774604897025540,first,1,158,23,1,fourth,4,-4,0,0,second,2,1663,0,0,third,3,1734,0,0,zero,0,1769,0,-1
1598774605009039593,first,1,198,23,1,fourth,4,-4,0,0,second,2,1677,9,2,third,3,1746,5,2,zero,0,1769,0,0
1598774605120472610,first,1,225,13,0,fourth,4,-2,0,0,second,2,1730,34,3,third,3,1785,21,4,zero,0,1771,0,0
1598774605120499526,first,1,225,13,0,fourth,4,-2,0,0,second,2,1730,34,3,third,3,1785,21,4,zero,0,1771,0,0
1598774605233337528,first,1,225,0,0,fourth,4,-2,0,0,second,2,1786,22,2,third,3,1842,31,1,zero,0,1775,0,0
1598774605345063445,first,1,225,0,0,fourth,4,2,0,0,second,2,1790,0,0,third,3,1898,31,1,zero,0,1786,6,2
1598774605457422675,first,1,227,0,0,fourth,4,7,1,0,second,2,1801,7,1,third,3,1955,31,1,zero,0,1822,22,4
1598774605569901262,first,1,227,0,0,fourth,4,11,1,0,second,2,1842,23,1,third,3,1990,17,0,zero,0,1877,29,1
1598774605681297221,first,1,229,0,0,fourth,4,29,9,2,second,2,1887,24,1,third,3,1990,0,0,zero,0,1930,29,1
1598774605793201986,first,1,233,0,0,fourth,4,89,34,2,second,2,1930,24,1,third,3,1991,0,0,zero,0,1963,11,0
1598774605905114291,first,1,236,0,0,fourth,4,148,30,-4,second,2,1961,12,-2,third,3,1996,1,0,zero,0,1964,0,0
1598774606017061010,first,1,239,0,0,fourth,4,151,0,0,second,2,1961,0,0,third,3,2008,5,2,zero,0,1964,0,0
1598774606129157731,first,1,242,0,0,fourth,4,151,0,0,second,2,1964,0,0,third,3,2048,21,1,zero,0,1966,0,0
1598774606241463111,first,1,245,0,0,fourth,4,151,0,0,second,2,1967,0,0,third,3,2105,31,1,zero,0,1969,0,0
1598774606353135925,first,1,248,0,0,fourth,4,152,0,0,second,2,1980,9,2,third,3,2163,31,1,zero,0,1979,5,1
1598774606465099756,first,1,251,0,0,fourth,4,154,0,0,second,2,2035,33,1,third,3,2197,17,0,zero,0,2010,18,2
1598774606577163331,first,1,255,0,0,fourth,4,159,0,0,second,2,2121,48,1,third,3,2197,0,0,zero,0,2033,7,0
1598774606689084807,first,1,256,0,0,fourth,4,163,0,0,second,2,2181,23,2,third,3,2198,0,0,zero,0,2034,0,0
1598774606801119228,first,1,256,0,0,fourth,4,177,7,1,second,2,2186,0,0,third,3,2206,3,2,zero,0,2035,0,0
1598774606912695126,first,1,256,0,0,fourth,4,222,24,1,second,2,2186,0,0,third,3,2232,13,1,zero,0,2038,0,0
1598774607025036411,first,1,256,0,0,fourth,4,269,25,1,second,2,2186,0,0,third,3,2263,16,2,zero,0,2042,0,0
1598774607137075500,first,1,256,0,0,fourth,4,301,16,1,second,2,2188,0,0,third,3,2306,24,1,zero,0,2045,0,0
1598774607248935980,first,1,256,0,0,fourth,4,302,0,0,second,2,2191,0,0,third,3,2339,15,0,zero,0,2049,0,0
1598774607361114289,first,1,256,0,0,fourth,4,302,0,0,second,2,2204,8,2,third,3,2340,0,0,zero,0,2052,0,0
1598774607473011098,first,1,256,0,0,fourth,4,304,0,0,second,2,2257,32,2,third,3,2349,3,1,zero,0,2055,0,0
1598774607585010437,first,1,256,0,0,fourth,4,306,0,0,second,2,2315,23,2,third,3,2375,14,1,zero,0,2058,0,0
1598774607697140409,first,1,256,0,0,fourth,4,308,0,0,second,2,2319,0,0,third,3,2404,14,1,zero,0,2061,0,0
1598774607808946164,first,1,256,0,-1,fourth,4,322,6,2,second,2,2321,0,0,third,3,2431,14,1,zero,0,2065,0,0
1598774607920958427,first,1,256,0,0,fourth,4,360,20,1,second,2,2323,0,0,third,3,2445,6,0,zero,0,2067,0,0
1598774608032761243,first,1,256,0,-1,fourth,4,400,21,1,second,2,2336,9,1,third,3,2446,0,0,zero,0,2071,0,0
1598774608144668580,first,1,250,-1,-2,fourth,4,427,13,0,second,2,2387,31,2,third,3,2455,3,2,zero,0,2073,0,0
1598774608256803176,first,1,234,-7,-2,fourth,4,427,0,0,second,2,2440,20,-8,third,3,2478,11,1,zero,0,2076,0,0
1598774608368902196,first,1,215,-8,-2,fourth,4,427,0,0,second,2,2443,0,0,third,3,2506,14,2,zero,0,2078,0,0
1598774608369262966,first,1,215,-8,-2,fourth,4,427,0,0,second,2,2443,0,0,third,3,2506,14,2,zero,0,2078,0,0
1598774608480951873,first,1,196,-9,-3,fourth,4,429,0,0,second,2,2444,0,0,third,3,2547,21,1,zero,0,2077,0,0
1598774608592844581,first,1,181,-7,-1,fourth,4,432,0,0,second,2,2443,0,0,third,3,2570,10,0,zero,0,2077,0,-1
1598774608704908427,first,1,171,-5,-1,fourth,4,434,0,0,second,2,2455,8,2,third,3,2570,0,0,zero,0,2077,0,-3
1598774608816838088,first,1,160,-5,-4,fourth,4,446,6,1,second,2,2506,30,1,third,3,2571,0,0,zero,0,2069,-4,-4
1598774608929277575,first,1,151,-5,-2,fourth,4,486,20,1,second,2,2558,20,-11,third,3,2574,0,0,zero,0,2044,-12,-4
1598774609040768647,first,1,138,-5,-4,fourth,4,512,13,0,second,2,2562,0,0,third,3,2577,0,0,zero,0,2019,-13,-2
1598774609152709237,first,1,121,-7,-5,fourth,4,512,0,0,second,2,2562,0,0,third,3,2579,0,0,zero,0,1995,-13,-4
1598774609264651217,first,1,100,-10,-4,fourth,4,512,0,0,second,2,2562,0,0,third,3,2581,0,0,zero,0,1969,-13,-1
1598774609376961884,first,1,76,-11,-4,fourth,4,514,0,0,second,2,2562,0,0,third,3,2583,0,0,zero,0,1946,-13,-2
1598774609488720903,first,1,46,-16,-7,fourth,4,517,0,0,second,2,2563,0,0,third,3,2586,0,0,zero,0,1921,-13,-2
1598774609600724489,first,1,11,-18,-5,fourth,4,521,0,0,second,2,2564,0,0,third,3,2589,0,0,zero,0,1896,-13,-4
1598774609712660052,first,1,-20,-16,-4,fourth,4,525,0,0,second,2,2566,0,0,third,3,2591,0,0,zero,0,1871,-13,-3
1598774609824625486,first,1,-53,-16,-6,fourth,4,528,0,0,second,2,2568,0,0,third,3,2593,0,0,zero,0,1842,-15,-6
1598774609936586030,first,1,-90,-20,-4,fourth,4,532,0,0,second,2,2570,0,0,third,3,2596,0,0,zero,0,1809,-17,-2
1598774609936806842,first,1,-90,-20,-4,fourth,4,532,0,0,second,2,2570,0,0,third,3,2596,0,0,zero,0,1809,-17,-2
1598774610049103486,first,1,-129,-20,-10,fourth,4,547,7,4,second,2,2583,8,2,third,3,2610,6,5,zero,0,1772,-21,-9
1598774610160865102,first,1,-190,-34,-10,fourth,4,604,32,5,second,2,2632,29,1,third,3,2670,34,8,zero,0,1709,-36,-8
1598774610272925252,first,1,-265,-41,-8,fourth,4,691,49,2,second,2,2682,19,-11,third,3,2772,57,5,zero,0,1635,-41,-8
1598774610384818401,first,1,-331,-36,-6,fourth,4,756,33,2,second,2,2684,0,0,third,3,2889,65,2,zero,0,1573,-32,-6
1598774610496762139,first,1,-384,-29,-2,fourth,4,759,0,-1,second,2,2684,0,0,third,3,2965,39,2,zero,0,1528,-23,-5
1598774610608656948,first,1,-423,-21,-1,fourth,4,760,0,-1,second,2,2684,0,0,third,3,2964,0,-2,zero,0,1509,-7,-1
1598774610720782220,first,1,-442,-9,-1,fourth,4,760,0,-1,second,2,2684,0,0,third,3,2944,-10,-1,zero,0,1507,-1,-1
1598774610832692962,first,1,-445,0,-1,fourth,4,760,0,0,second,2,2684,0,0,third,3,2923,-10,-1,zero,0,1507,0,0
1598774610944691670,first,1,-444,0,0,fourth,4,760,0,0,second,2,2684,0,0,third,3,2905,-9,-1,zero,0,1507,0,-1
1598774611056688973,first,1,-444,0,0,fourth,4,761,0,0,second,2,2685,0,0,third,3,2900,-1,0,zero,0,1507,0,0
1598774611168407437,first,1,-444,0,0,fourth,4,760,0,0,second,2,2684,0,0,third,3,2900,0,0,zero,0,1507,0,-1
1598774611280755622,first,1,-444,0,0,fourth,4,760,0,0,second,2,2684,0,0,third,3,2900,0,0,zero,0,1507,0,0
1598774611392798560,first,1,-444,0,0,fourth,4,760,0,0,second,2,2684,0,0,third,3,2900,0,0,zero,0,1507,0,-1
1598774611504660443,first,1,-444,0,0,fourth,4,760,0,0,second,2,2684,0,0,third,3,2900,0,0,zero,0,1507,0,-1
1598774611616688355,first,1,-444,0,-1,fourth,4,760,0,0,second,2,2684,0,0,third,3,2900,0,0,zero,0,1507,0,-1
1598774611728636637,first,1,-444,0,-1,fourth,4,761,0,0,second,2,2685,0,0,third,3,2900,0,0,zero,0,1507,0,-1
1598774611840731407,first,1,-444,0,-1,fourth,4,760,0,0,second,2,2685,0,0,third,3,2900,0,0,zero,0,1507,0,-1
1598774611952597991,first,1,-444,0,-1,fourth,4,760,0,0,second,2,2684,0,0,third,3,2900,0,0,zero,0,1507,0,-1
1598774612064712524,first,1,-444,0,-1,fourth,4,761,0,0,second,2,2685,0,0,third,3,2900,0,0,zero,0,1507,0,-1
1598774612176581632,first,1,-444,0,-1,fourth,4,761,0,0,second,2,2684,0,0,third,3,2900,0,0,zero,0,1507,0,0
1598774612288682690,first,1,-444,0,-1,fourth,4,760,0,0,second,2,2684,0,0,third,3,2900,0,0,zero,0,1507,0,-1
1598774612400590170,first,1,-444,0,-1,fourth,4,760,0,0,second,2,2684,0,0,third,3,2900,0,0,zero,0,1507,0,-1
1598774612512649331,first,1,-445,0,-1,fourth,4,760,0,0,second,2,2684,0,0,third,3,2900,0,0,zero,0,1507,0,-1
1598774612624578214,first,1,-444,0,-1,fourth,4,760,0,0,second,2,2684,0,0,third,3,2900,0,0,zero,0,1507,0,-1
1598774612736672522,first,1,-445,0,0,fourth,4,760,0,0,second,2,2684,0,0,third,3,2900,0,0,zero,0,1507,0,-1
1598774612848728750,first,1,-444,0,0,fourth,4,761,0,0,second,2,2684,0,0,third,3,2900,0,0,zero,0,1508,0,0
1598774612960796770,first,1,-444,0,-1,fourth,4,760,0,0,second,2,2685,0,0,third,3,2900,0,0,zero,0,1507,0,-1
1598774613072542367,first,1,-444,0,-1,fourth,4,760,0,0,second,2,2684,0,0,third,3,2900,0,0,zero,0,1507,0,-1
1598774613184524863,first,1,-444,0,-1,fourth,4,760,0,0,second,2,2684,0,0,third,3,2900,0,0,zero,0,1507,0,0
1598774613296515140,first,1,-444,0,0,fourth,4,761,0,0,second,2,2684,0,0,third,3,2900,0,0,zero,0,1507,0,0
1598774613408560464,first,1,-444,0,0,fourth,4,761,0,0,second,2,2684,0,0,third,3,2900,0,0,zero,0,1507,0,-1
1598774613520527658,first,1,-444,0,0,fourth,4,761,0,0,second,2,2684,0,0,third,3,2900,0,0,zero,0,1507,0,0
1598774613632448808,first,1,-444,0,0,fourth,4,760,0,0,second,2,2684,0,0,third,3,2900,0,0,zero,0,1507,0,-1
1598774613744456578,first,1,-444,0,0,fourth,4,760,0,0,second,2,2684,0,0,third,3,2900,0,0,zero,0,1507,0,0
1598774613856453983,first,1,-444,0,0,fourth,4,760,0,0,second,2,2685,0,0,third,3,2900,0,0,zero,0,1507,0,0
1598774613968621476,first,1,-444,0,0,fourth,4,761,0,0,second,2,2684,0,0,third,3,2900,0,0,zero,0,1507,0,-1
1598774614081094980,first,1,-444,0,-1,fourth,4,760,0,0,second,2,2684,0,0,third,3,2900,0,0,zero,0,1507,0,-1
1598774614192499786,first,1,-444,0,0,fourth,4,760,0,0,second,2,2684,0,0,third,3,2900,0,0,zero,0,1507,0,-1
1598774614304710300,first,1,-444,0,0,fourth,4,760,0,0,second,2,2684,0,0,third,3,2900,0,0,zero,0,1507,0,-1
1598774614416530377,first,1,-444,0,0,fourth,4,760,0,0,second,2,2684,0,0,third,3,2900,0,0,zero,0,1507,0,-1
1598774614528459156,first,1,-444,0,0,fourth,4,761,0,0,second,2,2684,0,0,third,3,2900,0,0,zero,0,1507,0,-1
1598774614640497111,first,1,-444,0,0,fourth,4,760,0,0,second,2,2685,0,0,third,3,2900,0,0,zero,0,1507,0,-1
1598774614752435649,first,1,-444,0,0,fourth,4,760,0,0,second,2,2684,0,0,third,3,2900,0,0,zero,0,1507,0,0
1598774614864379344,first,1,-444,0,0,fourth,4,760,0,0,second,2,2684,0,0,third,3,2899,0,0,zero,0,1507,0,-1
1598774614976387008,first,1,-444,0,0,fourth,4,760,0,0,second,2,2685,0,0,third,3,2899,0,0,zero,0,1507,0,0
1598774615088499693,first,1,-444,0,-1,fourth,4,760,0,0,second,2,2684,0,0,third,3,2899,0,0,zero,0,1507,0,0
1598774615200534052,first,1,-444,0,-1,fourth,4,761,0,0,second,2,2684,0,0,third,3,2900,0,0,zero,0,1508,0,-1
1598774615312534975,first,1,-445,0,-1,fourth,4,760,0,0,second,2,2684,0,0,third,3,2900,0,0,zero,0,1507,0,-1
1598774615424157442,first,1,-444,0,-1,fourth,4,760,0,0,second,2,2685,0,0,third,3,2900,0,0,zero,0,1507,0,0
1598774615536216376,first,1,-444,0,0,fourth,4,760,0,0,second,2,2685,0,0,third,3,2900,0,0,zero,0,1507,0,0
1598774615648159243,first,1,-444,0,0,fourth,4,760,0,0,second,2,2684,0,0,third,3,2900,0,0,zero,0,1507,0,-1
1598774615760444662,first,1,-444,0,0,fourth,4,761,0,0,second,2,2684,0,0,third,3,2900,0,0,zero,0,1507,0,0
1598774615871885726,first,1,-444,0,0,fourth,4,760,0,0,second,2,2684,0,0,third,3,2900,0,0,zero,0,1507,0,-1
1598774615984400800,first,1,-444,0,0,fourth,4,760,0,0,second,2,2684,0,0,third,3,2900,0,0,zero,0,1507,0,-1
1598774616096292847,first,1,-444,0,-1,fourth,4,760,0,0,second,2,2684,0,0,third,3,2900,0,0,zero,0,1507,0,0
1598774616208263488,first,1,-444,0,-1,fourth,4,760,0,0,second,2,2684,0,0,third,3,2900,0,0,zero,0,1507,0,-1
1598774616321254838,first,1,-444,0,0,fourth,4,760,0,0,second,2,2684,0,0,third,3,2900,0,0,zero,0,1507,0,-1
1598774616432244963,first,1,-445,0,0,fourth,4,760,0,0,second,2,2685,0,0,third,3,2900,0,0,zero,0,1507,0,-1
1598774616543866741,first,1,-444,0,0,fourth,4,760,0,0,second,2,2685,0,0,third,3,2900,0,0,zero,0,1507,0,-1
1598774616543906419,first,1,-444,0,0,fourth,4,760,0,0,second,2,2685,0,0,third,3,2900,0,0,zero,0,1507,0,-1
1598774616656694528,first,1,-444,0,0,fourth,4,760,0,0,second,2,2684,0,0,third,3,2900,0,0,zero,0,1507,0,-1
1598774616768008434,first,1,-445,0,0,fourth,4,760,0,0,second,2,2685,0,0,third,3,2900,0,0,zero,0,1507,0,-1
1598774616880014173,first,1,-444,0,-1,fourth,4,761,0,0,second,2,2685,0,0,third,3,2900,0,0,zero,0,1507,0,-1
1598774616992487145,first,1,-444,0,0,fourth,4,760,0,0,second,2,2684,0,0,third,3,2900,0,0,zero,0,1507,0,-1
1598774617104350936,first,1,-444,0,0,fourth,4,761,0,0,second,2,2684,0,0,third,3,2900,0,0,zero,0,1507,0,-1
1598774617216230775,first,1,-444,0,-1,fourth,4,760,0,0,second,2,2685,0,0,third,3,2900,0,0,zero,0,1507,0,-1
1598774617328412872,first,1,-444,0,-1,fourth,4,760,0,0,second,2,2685,0,0,third,3,2900,0,0,zero,0,1507,0,-1
1598774617440190951,first,1,-444,0,-1,fourth,4,761,0,0,second,2,2684,0,0,third,3,2900,0,0,zero,0,1507,0,-1
1598774617552125278,first,1,-444,0,-1,fourth,4,760,0,0,second,2,2685,0,0,third,3,2900,0,0,zero,0,1507,0,-1
1598774617663835118,first,1,-444,0,-1,fourth,4,760,0,0,second,2,2685,0,0,third,3,2900,0,0,zero,0,1507,0,0
1598774617776768707,first,1,-444,0,0,fourth,4,761,0,0,second,2,2684,0,0,third,3,2900,0,0,zero,0,1507,0,-1
1598774617888080263,first,1,-444,0,0,fourth,4,761,0,0,second,2,2684,0,0,third,3,2900,0,0,zero,0,1507,0,-1
1598774618000145965,first,1,-444,0,-1,fourth,4,760,0,0,second,2,2684,0,0,third,3,2900,0,0,zero,0,1507,0,0
1598774618112071845,first,1,-444,0,0,fourth,4,761,0,0,second,2,2684,0,0,third,3,2899,0,0,zero,0,1507,0,0
1598774618224125576,first,1,-444,0,0,fourth,4,760,0,0,second,2,2684,0,0,third,3,2900,0,0,zero,0,1507,0,0
1598774618335507222,first,1,-444,0,0,fourth,4,760,0,0,second,2,2685,0,0,third,3,2900,0,0,zero,0,1508,0,-2
1598774618447657567,first,1,-444,0,0,fourth,4,760,0,0,second,2,2684,0,0,third,3,2900,0,0,zero,0,1507,0,-1
1598774618447690031,first,1,-444,0,0,fourth,4,760,0,0,second,2,2684,0,0,third,3,2900,0,0,zero,0,1507,0,-1
1598774618560675613,first,1,-444,0,0,fourth,4,761,0,0,second,2,2685,0,0,third,3,2900,0,0,zero,0,1507,0,-1
